"Run","Rep","Xseed","Yseed","Z_additive","Z_multiplicative","AddRE","MulREdim","Variable","TrueValue","Estimate","Variance","Confidence","CI_low","CI_high"
16,1,1.6e+08,160000001,FALSE,FALSE,FALSE,0,"intercept",-1,-1.04362583830215,0.00697670023469878,0.9,-1.17819495662,-0.904590569701097
16,1,1.6e+08,160000001,FALSE,FALSE,FALSE,0,"X1_groups",1,0.955934698971376,0.00266255673140656,0.9,0.873039991530955,1.03571331801875
16,1,1.6e+08,160000001,FALSE,FALSE,FALSE,0,"X2_dist",1,1.05626053917297,0.00559680444943843,0.9,0.932514436990519,1.18387683073449
16,1,1.6e+08,160000001,FALSE,FALSE,FALSE,0,"X3_norm",1,0.936216300756858,0.00287638476960218,0.9,0.853479629268338,1.02685549564023
16,1,1.6e+08,160000001,FALSE,FALSE,FALSE,0,"X4_row",1,0.922285274940644,0.00366413540712567,0.9,0.815406844399267,1.02058738214137
16,1,1.6e+08,160000001,FALSE,TRUE,FALSE,0,"intercept",-1,-0.612779989021339,0.00468561520193766,0.9,-0.731943333101638,-0.499987580751994
16,1,1.6e+08,160000001,FALSE,TRUE,FALSE,0,"X1_groups",1,0.660380640290662,0.00159996069620566,0.9,0.594647205980299,0.722911804036703
16,1,1.6e+08,160000001,FALSE,TRUE,FALSE,0,"X2_dist",1,0.67105915971238,0.00363830891629264,0.9,0.582314060523493,0.7734822299167
16,1,1.6e+08,160000001,FALSE,TRUE,FALSE,0,"X3_norm",1,0.633453708419472,0.00169031564956463,0.9,0.567311355458152,0.701230272561261
16,1,1.6e+08,160000001,FALSE,TRUE,FALSE,0,"X4_row",1,0.620407191507155,0.00240147165083217,0.9,0.537459249328616,0.702423458105073
16,1,1.6e+08,160000001,FALSE,FALSE,FALSE,1,"intercept",-1,-1.07917587670613,0.00807940197332219,0.9,-1.2246722723773,-0.936080648898449
16,1,1.6e+08,160000001,FALSE,FALSE,FALSE,1,"X1_groups",1,0.991342339133086,0.00328613594958275,0.9,0.89502489333672,1.08940526342259
16,1,1.6e+08,160000001,FALSE,FALSE,FALSE,1,"X2_dist",1,1.085800713167,0.00661357194211146,0.9,0.962316686691551,1.22099952143203
16,1,1.6e+08,160000001,FALSE,FALSE,FALSE,1,"X3_norm",1,0.965624719079377,0.00357504547601971,0.9,0.869001797352898,1.06389546668797
16,1,1.6e+08,160000001,FALSE,FALSE,FALSE,1,"X4_row",1,0.952770211938432,0.00358709015816527,0.9,0.854655979502787,1.0507113734259
16,1,1.6e+08,160000001,FALSE,FALSE,FALSE,2,"intercept",-1,-1.12034574250636,0.00760972747694371,0.9,-1.2625874602509,-0.975812728786368
16,1,1.6e+08,160000001,FALSE,FALSE,FALSE,2,"X1_groups",1,1.02559130474689,0.00405956251175257,0.9,0.924615953446364,1.12600098442485
16,1,1.6e+08,160000001,FALSE,FALSE,FALSE,2,"X2_dist",1,1.12711318860537,0.00673137298076084,0.9,0.983633154802116,1.25352269853056
16,1,1.6e+08,160000001,FALSE,FALSE,FALSE,2,"X3_norm",1,0.999984486798764,0.00415420765667803,0.9,0.890478688422316,1.10614364111414
16,1,1.6e+08,160000001,FALSE,FALSE,FALSE,2,"X4_row",1,0.984602983773682,0.00478533614018899,0.9,0.873435716167427,1.10341585495382
16,1,1.6e+08,160000001,FALSE,TRUE,FALSE,1,"intercept",-1,-0.792457401945969,0.00551234540311348,0.9,-0.916786150819756,-0.671431220250867
16,1,1.6e+08,160000001,FALSE,TRUE,FALSE,1,"X1_groups",1,0.870636308676015,0.00242482040520741,0.9,0.787954672591368,0.952438047821317
16,1,1.6e+08,160000001,FALSE,TRUE,FALSE,1,"X2_dist",1,0.860680767502797,0.00470927478366907,0.9,0.753009889127829,0.979201469603309
16,1,1.6e+08,160000001,FALSE,TRUE,FALSE,1,"X3_norm",1,0.824262155318805,0.00269554852022196,0.9,0.74249990492804,0.911562241364566
16,1,1.6e+08,160000001,FALSE,TRUE,FALSE,1,"X4_row",1,0.838192137252087,0.00366109505843295,0.9,0.740721144383786,0.940063265100018
16,1,1.6e+08,160000001,FALSE,TRUE,FALSE,2,"intercept",-1,-0.947229941636186,0.00907617121996202,0.9,-1.1059841287767,-0.805367937623959
16,1,1.6e+08,160000001,FALSE,TRUE,FALSE,2,"X1_groups",1,1.00869970194061,0.00455031978022521,0.9,0.898557933146792,1.1179572486184
16,1,1.6e+08,160000001,FALSE,TRUE,FALSE,2,"X2_dist",1,1.02209954822637,0.00786542329732731,0.9,0.881996611138054,1.17416105580927
16,1,1.6e+08,160000001,FALSE,TRUE,FALSE,2,"X3_norm",1,0.986057422661565,0.00470024752963975,0.9,0.876034470627131,1.10284607170561
16,1,1.6e+08,160000001,FALSE,TRUE,FALSE,2,"X4_row",1,0.987393487287606,0.00528725943084895,0.9,0.86730907088511,1.10918313684492
16,2,1.6e+08,160000002,FALSE,FALSE,FALSE,0,"intercept",-1,-0.943645740495206,0.00673080430440868,0.9,-1.08343978779513,-0.811278351235214
16,2,1.6e+08,160000002,FALSE,FALSE,FALSE,0,"X1_groups",1,1.03215108045492,0.00320406595270207,0.9,0.940753749553162,1.12289623601541
16,2,1.6e+08,160000002,FALSE,FALSE,FALSE,0,"X2_dist",1,1.06660729323712,0.00592648647895167,0.9,0.947673102461597,1.19179818156946
16,2,1.6e+08,160000002,FALSE,FALSE,FALSE,0,"X3_norm",1,0.951479623049427,0.0032474633655118,0.9,0.852408668690508,1.04597058308252
16,2,1.6e+08,160000002,FALSE,FALSE,FALSE,0,"X4_row",1,1.05246052124658,0.00434121934278285,0.9,0.948807093967279,1.15927215816052
16,2,1.6e+08,160000002,FALSE,TRUE,FALSE,0,"intercept",-1,-0.596766638716208,0.00461697891887289,0.9,-0.712111763047852,-0.494624867645206
16,2,1.6e+08,160000002,FALSE,TRUE,FALSE,0,"X1_groups",1,0.601740101945394,0.00142382923344289,0.9,0.541066688040239,0.665263381891138
16,2,1.6e+08,160000002,FALSE,TRUE,FALSE,0,"X2_dist",1,0.62243785174857,0.00388137380645716,0.9,0.520281240929638,0.721546833921073
16,2,1.6e+08,160000002,FALSE,TRUE,FALSE,0,"X3_norm",1,0.598184198723215,0.0015649933775706,0.9,0.53161456024396,0.66072882797424
16,2,1.6e+08,160000002,FALSE,TRUE,FALSE,0,"X4_row",1,0.643071614488779,0.00230014807711346,0.9,0.565898728364105,0.729083254166853
16,2,1.6e+08,160000002,FALSE,FALSE,FALSE,1,"intercept",-1,-0.970233341014192,0.00711251994784183,0.9,-1.12743053124856,-0.831731570616349
16,2,1.6e+08,160000002,FALSE,FALSE,FALSE,1,"X1_groups",1,1.07992738355417,0.00332158030238468,0.9,0.990142749977325,1.17917656875897
16,2,1.6e+08,160000002,FALSE,FALSE,FALSE,1,"X2_dist",1,1.09839159974209,0.00662157875617223,0.9,0.977991136140467,1.23835316277453
16,2,1.6e+08,160000002,FALSE,FALSE,FALSE,1,"X3_norm",1,0.983380750695462,0.00388872487067699,0.9,0.883415219173233,1.08722550994708
16,2,1.6e+08,160000002,FALSE,FALSE,FALSE,1,"X4_row",1,1.09232602320413,0.00459394710087492,0.9,0.987584311762325,1.20991590097416
16,2,1.6e+08,160000002,FALSE,FALSE,FALSE,2,"intercept",-1,-0.996718870063291,0.00841758503110561,0.9,-1.14254777565454,-0.845137531323108
16,2,1.6e+08,160000002,FALSE,FALSE,FALSE,2,"X1_groups",1,1.10712028556392,0.00463589718391401,0.9,0.994055135859209,1.22188833011368
16,2,1.6e+08,160000002,FALSE,FALSE,FALSE,2,"X2_dist",1,1.12884682195525,0.00760261602872287,0.9,0.991104393139555,1.27307550796097
16,2,1.6e+08,160000002,FALSE,FALSE,FALSE,2,"X3_norm",1,1.00708950789695,0.00415697176370419,0.9,0.899688619417919,1.11952452432137
16,2,1.6e+08,160000002,FALSE,FALSE,FALSE,2,"X4_row",1,1.11926295555219,0.0052801229148705,0.9,1.00343210850444,1.24350233135312
16,2,1.6e+08,160000002,FALSE,TRUE,FALSE,1,"intercept",-1,-0.764233083940469,0.00613261182842757,0.9,-0.886513426552756,-0.643049230835088
16,2,1.6e+08,160000002,FALSE,TRUE,FALSE,1,"X1_groups",1,0.780422968438813,0.00275452255953986,0.9,0.69371409607939,0.87050721691417
16,2,1.6e+08,160000002,FALSE,TRUE,FALSE,1,"X2_dist",1,0.826046921759196,0.00543621997349885,0.9,0.71601750279337,0.950293998885463
16,2,1.6e+08,160000002,FALSE,TRUE,FALSE,1,"X3_norm",1,0.793821581060715,0.00294620410917561,0.9,0.707391468007454,0.883178572649258
16,2,1.6e+08,160000002,FALSE,TRUE,FALSE,1,"X4_row",1,0.884106453030776,0.00405970181902143,0.9,0.768389208159612,0.985672354955023
16,2,1.6e+08,160000002,FALSE,TRUE,FALSE,2,"intercept",-1,-0.995950038681423,0.0106941322166223,0.9,-1.16557541271166,-0.832517881707106
16,2,1.6e+08,160000002,FALSE,TRUE,FALSE,2,"X1_groups",1,1.01687071053426,0.00556704709377232,0.9,0.893630267977038,1.14025770996596
16,2,1.6e+08,160000002,FALSE,TRUE,FALSE,2,"X2_dist",1,1.08127003533822,0.0103208034192282,0.9,0.919023092771704,1.2461868918052
16,2,1.6e+08,160000002,FALSE,TRUE,FALSE,2,"X3_norm",1,0.995363157870465,0.00518136791971386,0.9,0.884312957334566,1.11465507250853
16,2,1.6e+08,160000002,FALSE,TRUE,FALSE,2,"X4_row",1,1.13896728651526,0.0068143938781995,0.9,1.00967300335292,1.29120045770963
16,3,1.6e+08,160000003,FALSE,FALSE,FALSE,0,"intercept",-1,-1.01201249688983,0.00742399586234051,0.9,-1.1581303592995,-0.873333696967638
16,3,1.6e+08,160000003,FALSE,FALSE,FALSE,0,"X1_groups",1,1.02661076614126,0.0031376449748657,0.9,0.938099929418714,1.11841602998709
16,3,1.6e+08,160000003,FALSE,FALSE,FALSE,0,"X2_dist",1,1.01778074129086,0.00583885438502809,0.9,0.880749512722395,1.13930141777968
16,3,1.6e+08,160000003,FALSE,FALSE,FALSE,0,"X3_norm",1,0.988735015366847,0.00340351985332009,0.9,0.889002219448488,1.086805705102
16,3,1.6e+08,160000003,FALSE,FALSE,FALSE,0,"X4_row",1,1.04429468528052,0.00454906283429482,0.9,0.938013414479061,1.14794490202509
16,3,1.6e+08,160000003,FALSE,TRUE,FALSE,0,"intercept",-1,-0.628527429578627,0.00473914500778369,0.9,-0.738683424403108,-0.520714714280809
16,3,1.6e+08,160000003,FALSE,TRUE,FALSE,0,"X1_groups",1,0.584593036428171,0.00147720806850364,0.9,0.523097145305638,0.645024117474468
16,3,1.6e+08,160000003,FALSE,TRUE,FALSE,0,"X2_dist",1,0.608045303936536,0.00361928793834738,0.9,0.513364174547355,0.708156447609807
16,3,1.6e+08,160000003,FALSE,TRUE,FALSE,0,"X3_norm",1,0.59373874697583,0.0016312535372178,0.9,0.526571668078611,0.663521806712496
16,3,1.6e+08,160000003,FALSE,TRUE,FALSE,0,"X4_row",1,0.600264747850897,0.00223468645930007,0.9,0.527084882958307,0.678998971223823
16,3,1.6e+08,160000003,FALSE,FALSE,FALSE,1,"intercept",-1,-1.05745995370136,0.00782712216007078,0.9,-1.1954052861312,-0.91104328466383
16,3,1.6e+08,160000003,FALSE,FALSE,FALSE,1,"X1_groups",1,1.072642273879,0.00378661390838792,0.9,0.972926679007202,1.17820991422585
16,3,1.6e+08,160000003,FALSE,FALSE,FALSE,1,"X2_dist",1,1.05792026843564,0.00637938665703385,0.9,0.931400465804732,1.18693415059169
16,3,1.6e+08,160000003,FALSE,FALSE,FALSE,1,"X3_norm",1,1.01989968544267,0.0035923068693415,0.9,0.929691008934621,1.1148260464874
16,3,1.6e+08,160000003,FALSE,FALSE,FALSE,1,"X4_row",1,1.08648974912721,0.00529010727156363,0.9,0.97232123109761,1.20103405737866
16,3,1.6e+08,160000003,FALSE,FALSE,FALSE,2,"intercept",-1,-1.09027164979968,0.00904670533777445,0.9,-1.24218945035053,-0.931628483337288
16,3,1.6e+08,160000003,FALSE,FALSE,FALSE,2,"X1_groups",1,1.10699266910527,0.0045513602258969,0.9,0.993467254678842,1.2208536016929
16,3,1.6e+08,160000003,FALSE,FALSE,FALSE,2,"X2_dist",1,1.08624732122555,0.00740835444319451,0.9,0.940965117605998,1.22879228047426
16,3,1.6e+08,160000003,FALSE,FALSE,FALSE,2,"X3_norm",1,1.0519126900704,0.00401732884792318,0.9,0.947840070917849,1.15554272839555
16,3,1.6e+08,160000003,FALSE,FALSE,FALSE,2,"X4_row",1,1.12286292942758,0.00588113514318935,0.9,0.999009781622699,1.25488248271551
16,3,1.6e+08,160000003,FALSE,TRUE,FALSE,1,"intercept",-1,-0.75491679298162,0.00515776678123817,0.9,-0.864875014481207,-0.633902483842709
16,3,1.6e+08,160000003,FALSE,TRUE,FALSE,1,"X1_groups",1,0.746905636121088,0.00215600681938489,0.9,0.676306814136783,0.825358621282918
16,3,1.6e+08,160000003,FALSE,TRUE,FALSE,1,"X2_dist",1,0.726245190691988,0.0040457129603142,0.9,0.614550577188372,0.83087812247824
16,3,1.6e+08,160000003,FALSE,TRUE,FALSE,1,"X3_norm",1,0.742482605150153,0.00243587804590142,0.9,0.662402246298411,0.822097101615925
16,3,1.6e+08,160000003,FALSE,TRUE,FALSE,1,"X4_row",1,0.765078629350742,0.00338133403774903,0.9,0.665623992137749,0.863942018496657
16,3,1.6e+08,160000003,FALSE,TRUE,FALSE,2,"intercept",-1,-0.915678089490657,0.00820777104546922,0.9,-1.07224218038955,-0.776108089968529
16,3,1.6e+08,160000003,FALSE,TRUE,FALSE,2,"X1_groups",1,0.917219856031208,0.00393842118161764,0.9,0.815317123670815,1.02397316204898
16,3,1.6e+08,160000003,FALSE,TRUE,FALSE,2,"X2_dist",1,0.907999754383854,0.00709454455474618,0.9,0.780803588157523,1.05406171716558
16,3,1.6e+08,160000003,FALSE,TRUE,FALSE,2,"X3_norm",1,0.920030768112412,0.00381004166325101,0.9,0.825650419595561,1.0306672676117
16,3,1.6e+08,160000003,FALSE,TRUE,FALSE,2,"X4_row",1,0.969933031974705,0.005269328264999,0.9,0.856827877975576,1.09853894512863
16,4,1.6e+08,160000004,FALSE,FALSE,FALSE,0,"intercept",-1,-0.999721369384109,0.0072317584919314,0.9,-1.14366395046081,-0.864806849030356
16,4,1.6e+08,160000004,FALSE,FALSE,FALSE,0,"X1_groups",1,1.0213021040422,0.00304607642487325,0.9,0.931192582466882,1.11581294242525
16,4,1.6e+08,160000004,FALSE,FALSE,FALSE,0,"X2_dist",1,0.995063102429324,0.00579090139836685,0.9,0.870444409607163,1.1190665422954
16,4,1.6e+08,160000004,FALSE,FALSE,FALSE,0,"X3_norm",1,1.02871568675493,0.003259194381335,0.9,0.932312645654332,1.12180813361103
16,4,1.6e+08,160000004,FALSE,FALSE,FALSE,0,"X4_row",1,1.0211697618444,0.00473928716904782,0.9,0.90781060353005,1.12820282479914
16,4,1.6e+08,160000004,FALSE,TRUE,FALSE,0,"intercept",-1,-0.606490212946099,0.00425035794603666,0.9,-0.716618374300031,-0.503682776467369
16,4,1.6e+08,160000004,FALSE,TRUE,FALSE,0,"X1_groups",1,0.576393775397458,0.00144179133489868,0.9,0.513267059863192,0.641457196519911
16,4,1.6e+08,160000004,FALSE,TRUE,FALSE,0,"X2_dist",1,0.606472620885638,0.00331755141566436,0.9,0.51219532281797,0.697519653394155
16,4,1.6e+08,160000004,FALSE,TRUE,FALSE,0,"X3_norm",1,0.607570404891283,0.00151466557138695,0.9,0.544066082852727,0.67522867098078
16,4,1.6e+08,160000004,FALSE,TRUE,FALSE,0,"X4_row",1,0.603998682384153,0.00226309802728725,0.9,0.528136038517668,0.677203578464897
16,4,1.6e+08,160000004,FALSE,FALSE,FALSE,1,"intercept",-1,-1.03696044401667,0.00734847768039879,0.9,-1.17142649775284,-0.898300745989791
16,4,1.6e+08,160000004,FALSE,FALSE,FALSE,1,"X1_groups",1,1.05618984786699,0.00327997371036492,0.9,0.964252037632972,1.14217953911127
16,4,1.6e+08,160000004,FALSE,FALSE,FALSE,1,"X2_dist",1,1.02652226549535,0.00603901263441983,0.9,0.906310829814209,1.15387619730758
16,4,1.6e+08,160000004,FALSE,FALSE,FALSE,1,"X3_norm",1,1.0596662446966,0.00384057826149619,0.9,0.954312666106083,1.16127761386026
16,4,1.6e+08,160000004,FALSE,FALSE,FALSE,1,"X4_row",1,1.05173408407666,0.00451704777075642,0.9,0.939143586940655,1.16741868724298
16,4,1.6e+08,160000004,FALSE,FALSE,FALSE,2,"intercept",-1,-1.07069220154963,0.00778052277087143,0.9,-1.2163648173755,-0.919397971011541
16,4,1.6e+08,160000004,FALSE,FALSE,FALSE,2,"X1_groups",1,1.08159921499792,0.0036507755973681,0.9,0.990276790677441,1.18094718478066
16,4,1.6e+08,160000004,FALSE,FALSE,FALSE,2,"X2_dist",1,1.05724385753954,0.00686064832614016,0.9,0.917493247361752,1.18348054741828
16,4,1.6e+08,160000004,FALSE,FALSE,FALSE,2,"X3_norm",1,1.08585592365926,0.0041904090194015,0.9,0.979384624232653,1.20431564563296
16,4,1.6e+08,160000004,FALSE,FALSE,FALSE,2,"X4_row",1,1.07995710776739,0.00553117573244846,0.9,0.964927335195489,1.20748350751337
16,4,1.6e+08,160000004,FALSE,TRUE,FALSE,1,"intercept",-1,-0.725929248613239,0.00534483170501685,0.9,-0.841881334665369,-0.611130519601751
16,4,1.6e+08,160000004,FALSE,TRUE,FALSE,1,"X1_groups",1,0.731018422571669,0.00230488773939438,0.9,0.650377158777877,0.809119751854057
16,4,1.6e+08,160000004,FALSE,TRUE,FALSE,1,"X2_dist",1,0.739771843775684,0.00462204279872349,0.9,0.62730041609152,0.854607386478864
16,4,1.6e+08,160000004,FALSE,TRUE,FALSE,1,"X3_norm",1,0.758459652177594,0.00281558895690397,0.9,0.673493434510314,0.843027531842263
16,4,1.6e+08,160000004,FALSE,TRUE,FALSE,1,"X4_row",1,0.784395505953973,0.00359030122167194,0.9,0.686871096118275,0.882728592560745
16,4,1.6e+08,160000004,FALSE,TRUE,FALSE,2,"intercept",-1,-0.865269714395323,0.00886460715061748,0.9,-1.0357086509879,-0.713467353323343
16,4,1.6e+08,160000004,FALSE,TRUE,FALSE,2,"X1_groups",1,0.912329802414956,0.0044470297952972,0.9,0.803606511514447,1.02285746369218
16,4,1.6e+08,160000004,FALSE,TRUE,FALSE,2,"X2_dist",1,0.892568471668001,0.00736126159193719,0.9,0.755557587065542,1.04080518254708
16,4,1.6e+08,160000004,FALSE,TRUE,FALSE,2,"X3_norm",1,0.934748900903206,0.00441921930752446,0.9,0.823741083547961,1.03788377932734
16,4,1.6e+08,160000004,FALSE,TRUE,FALSE,2,"X4_row",1,0.958398567117908,0.0055623108035472,0.9,0.845147528493247,1.09279486811004
16,5,1.6e+08,160000005,FALSE,FALSE,FALSE,0,"intercept",-1,-0.896338504084401,0.00658065079932789,0.9,-1.02974494018734,-0.757714223379991
16,5,1.6e+08,160000005,FALSE,FALSE,FALSE,0,"X1_groups",1,0.968057262440683,0.00277133941728213,0.9,0.880404053379417,1.05044357443827
16,5,1.6e+08,160000005,FALSE,FALSE,FALSE,0,"X2_dist",1,0.861653790016697,0.00507327957807201,0.9,0.742394389145466,0.970408980928214
16,5,1.6e+08,160000005,FALSE,FALSE,FALSE,0,"X3_norm",1,0.881686396680299,0.00272995631537443,0.9,0.801428829992982,0.966077106913902
16,5,1.6e+08,160000005,FALSE,FALSE,FALSE,0,"X4_row",1,0.914989636578694,0.00399045542320682,0.9,0.802680114800876,1.01281141648059
16,5,1.6e+08,160000005,FALSE,TRUE,FALSE,0,"intercept",-1,-0.674184865941753,0.00475094191724689,0.9,-0.787578013100396,-0.561960120055659
16,5,1.6e+08,160000005,FALSE,TRUE,FALSE,0,"X1_groups",1,0.613200631708795,0.00156584050249603,0.9,0.548069463776508,0.678853754106656
16,5,1.6e+08,160000005,FALSE,TRUE,FALSE,0,"X2_dist",1,0.655641365360272,0.00359519494656623,0.9,0.546878326006997,0.753859754028613
16,5,1.6e+08,160000005,FALSE,TRUE,FALSE,0,"X3_norm",1,0.635364176187828,0.00174582657532593,0.9,0.570557459870517,0.70491146449988
16,5,1.6e+08,160000005,FALSE,TRUE,FALSE,0,"X4_row",1,0.651533558167022,0.00231227903077347,0.9,0.577777924296805,0.72694007210622
16,5,1.6e+08,160000005,FALSE,FALSE,FALSE,1,"intercept",-1,-0.923124430664155,0.00600750122641792,0.9,-1.04939575022799,-0.798326610976025
16,5,1.6e+08,160000005,FALSE,FALSE,FALSE,1,"X1_groups",1,1.00007269270371,0.00265015858253604,0.9,0.921449253291433,1.08944312205895
16,5,1.6e+08,160000005,FALSE,FALSE,FALSE,1,"X2_dist",1,0.881960223945972,0.00478761004902164,0.9,0.77547932246512,0.996779956772383
16,5,1.6e+08,160000005,FALSE,FALSE,FALSE,1,"X3_norm",1,0.906192696642397,0.00297382850709995,0.9,0.817114867784381,0.991799155612959
16,5,1.6e+08,160000005,FALSE,FALSE,FALSE,1,"X4_row",1,0.940820800401777,0.00362316210067922,0.9,0.844795740245542,1.04104752335196
16,5,1.6e+08,160000005,FALSE,FALSE,FALSE,2,"intercept",-1,-0.958406631327778,0.00785646005384191,0.9,-1.10469424145677,-0.817403025667279
16,5,1.6e+08,160000005,FALSE,FALSE,FALSE,2,"X1_groups",1,1.0264770039555,0.00359036090619055,0.9,0.928040054549624,1.12736291767399
16,5,1.6e+08,160000005,FALSE,FALSE,FALSE,2,"X2_dist",1,0.915605735841997,0.00636798942433268,0.9,0.775008336195968,1.05009863144555
16,5,1.6e+08,160000005,FALSE,FALSE,FALSE,2,"X3_norm",1,0.928774555551221,0.00317761999397732,0.9,0.839351882580742,1.02552960850793
16,5,1.6e+08,160000005,FALSE,FALSE,FALSE,2,"X4_row",1,0.964875654887334,0.00414701984060337,0.9,0.863068713691509,1.07638299544839
16,5,1.6e+08,160000005,FALSE,TRUE,FALSE,1,"intercept",-1,-0.861420990520455,0.00684316141095999,0.9,-0.987744309759099,-0.721021481186847
16,5,1.6e+08,160000005,FALSE,TRUE,FALSE,1,"X1_groups",1,0.840890033601331,0.00265073413849385,0.9,0.75913905627495,0.921421969227989
16,5,1.6e+08,160000005,FALSE,TRUE,FALSE,1,"X2_dist",1,0.87552626571404,0.00576869518063097,0.9,0.75140582688405,0.995141779452215
16,5,1.6e+08,160000005,FALSE,TRUE,FALSE,1,"X3_norm",1,0.859607792147701,0.00323526802061697,0.9,0.77083093216557,0.950792799797555
16,5,1.6e+08,160000005,FALSE,TRUE,FALSE,1,"X4_row",1,0.915245226556076,0.00438599746196489,0.9,0.80913016881527,1.02250917681961
16,5,1.6e+08,160000005,FALSE,TRUE,FALSE,2,"intercept",-1,-0.962874002017303,0.0098428183826906,0.9,-1.11974127700418,-0.808240968067496
16,5,1.6e+08,160000005,FALSE,TRUE,FALSE,2,"X1_groups",1,0.956439179309766,0.00501670895581898,0.9,0.840495946458506,1.07428946777233
16,5,1.6e+08,160000005,FALSE,TRUE,FALSE,2,"X2_dist",1,0.983102534008544,0.00847762593016338,0.9,0.844029728900413,1.13721926589703
16,5,1.6e+08,160000005,FALSE,TRUE,FALSE,2,"X3_norm",1,0.980225223427258,0.00494361232320921,0.9,0.869836531953065,1.09778593670311
16,5,1.6e+08,160000005,FALSE,TRUE,FALSE,2,"X4_row",1,1.04826755083882,0.00621934661119396,0.9,0.924043353934629,1.16850370717558
16,6,1.6e+08,160000006,FALSE,FALSE,FALSE,0,"intercept",-1,-0.847842017676691,0.0068875960409659,0.9,-0.988278001146207,-0.717646146402336
16,6,1.6e+08,160000006,FALSE,FALSE,FALSE,0,"X1_groups",1,1.0095786972393,0.00291670249771421,0.9,0.92454945174018,1.09653411170236
16,6,1.6e+08,160000006,FALSE,FALSE,FALSE,0,"X2_dist",1,0.933685399199877,0.00571090177560194,0.9,0.816213416454278,1.05459004167396
16,6,1.6e+08,160000006,FALSE,FALSE,FALSE,0,"X3_norm",1,1.04943884519043,0.0030800580472903,0.9,0.95608618937302,1.14040710366603
16,6,1.6e+08,160000006,FALSE,FALSE,FALSE,0,"X4_row",1,1.02376801069519,0.0045335366936984,0.9,0.917952365880173,1.13728501811238
16,6,1.6e+08,160000006,FALSE,TRUE,FALSE,0,"intercept",-1,-0.657923659504815,0.00476422511443591,0.9,-0.779552681801755,-0.551200253261788
16,6,1.6e+08,160000006,FALSE,TRUE,FALSE,0,"X1_groups",1,0.586219484973396,0.001319411834804,0.9,0.525571980542374,0.644739082061107
16,6,1.6e+08,160000006,FALSE,TRUE,FALSE,0,"X2_dist",1,0.621964799100246,0.00348051290626934,0.9,0.532351457408127,0.72486274304322
16,6,1.6e+08,160000006,FALSE,TRUE,FALSE,0,"X3_norm",1,0.631724099485299,0.00178878248064435,0.9,0.562088100354417,0.701226585432424
16,6,1.6e+08,160000006,FALSE,TRUE,FALSE,0,"X4_row",1,0.56737983143731,0.00203449332576507,0.9,0.493701697906523,0.638891776685928
16,6,1.6e+08,160000006,FALSE,FALSE,FALSE,1,"intercept",-1,-0.875676465479429,0.00619383261849057,0.9,-1.00749158631642,-0.748722656681845
16,6,1.6e+08,160000006,FALSE,FALSE,FALSE,1,"X1_groups",1,1.04492731673926,0.003365787118994,0.9,0.949363291576207,1.14337947546609
16,6,1.6e+08,160000006,FALSE,FALSE,FALSE,1,"X2_dist",1,0.96082134291914,0.00521891766949896,0.9,0.844930047494018,1.0831279587733
16,6,1.6e+08,160000006,FALSE,FALSE,FALSE,1,"X3_norm",1,1.07734128349697,0.00381519761087095,0.9,0.984354526344647,1.18272927323807
16,6,1.6e+08,160000006,FALSE,FALSE,FALSE,1,"X4_row",1,1.06177864444009,0.00468921611859423,0.9,0.945943687508878,1.17313879106966
16,6,1.6e+08,160000006,FALSE,FALSE,FALSE,2,"intercept",-1,-0.911149885320978,0.00832382028316328,0.9,-1.07110241822035,-0.774804329875353
16,6,1.6e+08,160000006,FALSE,FALSE,FALSE,2,"X1_groups",1,1.07803233303743,0.00406652127251322,0.9,0.973852342153944,1.1900366665061
16,6,1.6e+08,160000006,FALSE,FALSE,FALSE,2,"X2_dist",1,0.996126119514831,0.00720638375776688,0.9,0.873187002828372,1.13582584518707
16,6,1.6e+08,160000006,FALSE,FALSE,FALSE,2,"X3_norm",1,1.10906865481431,0.00449379339570055,0.9,1.00461750125983,1.223773491239
16,6,1.6e+08,160000006,FALSE,FALSE,FALSE,2,"X4_row",1,1.09294890018671,0.00525584190323273,0.9,0.985000483875578,1.22254011187762
16,6,1.6e+08,160000006,FALSE,TRUE,FALSE,1,"intercept",-1,-0.819614156167792,0.00565415502723051,0.9,-0.949483027388384,-0.699699063375758
16,6,1.6e+08,160000006,FALSE,TRUE,FALSE,1,"X1_groups",1,0.759129275072275,0.00215325657079015,0.9,0.677604238141887,0.838333486812729
16,6,1.6e+08,160000006,FALSE,TRUE,FALSE,1,"X2_dist",1,0.784473403677966,0.00448593368055664,0.9,0.666412444548615,0.894699571785691
16,6,1.6e+08,160000006,FALSE,TRUE,FALSE,1,"X3_norm",1,0.79675962566991,0.0025651515493194,0.9,0.71129093117591,0.886691985751325
16,6,1.6e+08,160000006,FALSE,TRUE,FALSE,1,"X4_row",1,0.735971699938828,0.00309406420696601,0.9,0.640169878293767,0.822517942441095
16,6,1.6e+08,160000006,FALSE,TRUE,FALSE,2,"intercept",-1,-1.01559417197886,0.00867722339204926,0.9,-1.17587864735922,-0.871880276511937
16,6,1.6e+08,160000006,FALSE,TRUE,FALSE,2,"X1_groups",1,0.941289207742133,0.00468716602888666,0.9,0.825632571680253,1.05583473479441
16,6,1.6e+08,160000006,FALSE,TRUE,FALSE,2,"X2_dist",1,0.980204312298863,0.00704033203608391,0.9,0.847666430501057,1.1207700749912
16,6,1.6e+08,160000006,FALSE,TRUE,FALSE,2,"X3_norm",1,0.957329793147079,0.00456008706760749,0.9,0.851091569015952,1.06029012250176
16,6,1.6e+08,160000006,FALSE,TRUE,FALSE,2,"X4_row",1,0.914787766438423,0.0053301562138241,0.9,0.802259044320074,1.03312035272289
16,7,1.6e+08,160000007,FALSE,FALSE,FALSE,0,"intercept",-1,-0.995098681382241,0.00783663676474127,0.9,-1.13544354716037,-0.842587591659777
16,7,1.6e+08,160000007,FALSE,FALSE,FALSE,0,"X1_groups",1,1.05177374479633,0.00315933772328374,0.9,0.955572238742791,1.14362435146965
16,7,1.6e+08,160000007,FALSE,FALSE,FALSE,0,"X2_dist",1,0.976275731802882,0.0060316857647571,0.9,0.851601564653271,1.09953189728214
16,7,1.6e+08,160000007,FALSE,FALSE,FALSE,0,"X3_norm",1,1.09668063613278,0.00394584516110492,0.9,0.988873750860292,1.19327656325441
16,7,1.6e+08,160000007,FALSE,FALSE,FALSE,0,"X4_row",1,1.10244641244262,0.00511526248756068,0.9,0.978811673811231,1.22007658455995
16,7,1.6e+08,160000007,FALSE,TRUE,FALSE,0,"intercept",-1,-0.61872485279816,0.00449021969929558,0.9,-0.728783139437506,-0.507352425336696
16,7,1.6e+08,160000007,FALSE,TRUE,FALSE,0,"X1_groups",1,0.562253218528887,0.00146443970348178,0.9,0.502551745126658,0.625920510230718
16,7,1.6e+08,160000007,FALSE,TRUE,FALSE,0,"X2_dist",1,0.581582032912406,0.00313524808818113,0.9,0.486674194792579,0.674602552479547
16,7,1.6e+08,160000007,FALSE,TRUE,FALSE,0,"X3_norm",1,0.605446704777453,0.00153436119881732,0.9,0.539629642389386,0.675589263418927
16,7,1.6e+08,160000007,FALSE,TRUE,FALSE,0,"X4_row",1,0.565307001852272,0.0021290814455488,0.9,0.487389443575361,0.638003731717606
16,7,1.6e+08,160000007,FALSE,FALSE,FALSE,1,"intercept",-1,-1.04600696972674,0.00795841191481831,0.9,-1.19879736115554,-0.89434721051216
16,7,1.6e+08,160000007,FALSE,FALSE,FALSE,1,"X1_groups",1,1.11505061284398,0.00430357646919778,0.9,1.00879143720929,1.22413390542434
16,7,1.6e+08,160000007,FALSE,FALSE,FALSE,1,"X2_dist",1,1.02420147315728,0.00665502068357891,0.9,0.902487082985013,1.15987092666728
16,7,1.6e+08,160000007,FALSE,FALSE,FALSE,1,"X3_norm",1,1.15082876432898,0.00504245196819836,0.9,1.02930761634057,1.27045455313318
16,7,1.6e+08,160000007,FALSE,FALSE,FALSE,1,"X4_row",1,1.16407559179866,0.00544671294983665,0.9,1.04332117341738,1.2843426458438
16,7,1.6e+08,160000007,FALSE,FALSE,FALSE,2,"intercept",-1,-1.0792372197326,0.00894657124025257,0.9,-1.23656058953516,-0.922675000186582
16,7,1.6e+08,160000007,FALSE,FALSE,FALSE,2,"X1_groups",1,1.14218175908915,0.00492717295955436,0.9,1.02498353318561,1.25689751041791
16,7,1.6e+08,160000007,FALSE,FALSE,FALSE,2,"X2_dist",1,1.05486829111194,0.00800564493836162,0.9,0.918099674869472,1.20111236097534
16,7,1.6e+08,160000007,FALSE,FALSE,FALSE,2,"X3_norm",1,1.18426604839599,0.00523380655087884,0.9,1.07123430372971,1.3061844417165
16,7,1.6e+08,160000007,FALSE,FALSE,FALSE,2,"X4_row",1,1.19545536846928,0.00605932689833695,0.9,1.06994801847823,1.33181309860352
16,7,1.6e+08,160000007,FALSE,TRUE,FALSE,1,"intercept",-1,-0.80868668488647,0.00596532654201545,0.9,-0.934270942204862,-0.688248267185154
16,7,1.6e+08,160000007,FALSE,TRUE,FALSE,1,"X1_groups",1,0.749581894576813,0.00226825572684435,0.9,0.676468063202435,0.82494841362205
16,7,1.6e+08,160000007,FALSE,TRUE,FALSE,1,"X2_dist",1,0.765894999899798,0.00477776487087554,0.9,0.653376378431158,0.885216764350392
16,7,1.6e+08,160000007,FALSE,TRUE,FALSE,1,"X3_norm",1,0.811134163362096,0.00264859384920756,0.9,0.724772035995572,0.90037935011662
16,7,1.6e+08,160000007,FALSE,TRUE,FALSE,1,"X4_row",1,0.757651788467809,0.00322916799336255,0.9,0.663755146473225,0.847900103568958
16,7,1.6e+08,160000007,FALSE,TRUE,FALSE,2,"intercept",-1,-1.04139540739661,0.0107290541707431,0.9,-1.21142555811514,-0.869845688737557
16,7,1.6e+08,160000007,FALSE,TRUE,FALSE,2,"X1_groups",1,1.00666356585225,0.00520909804334048,0.9,0.883666399806937,1.12144208854693
16,7,1.6e+08,160000007,FALSE,TRUE,FALSE,2,"X2_dist",1,1.01491357308507,0.00920668753795881,0.9,0.86398721717225,1.18026202434021
16,7,1.6e+08,160000007,FALSE,TRUE,FALSE,2,"X3_norm",1,1.08998531157185,0.0059978908574769,0.9,0.963257459476271,1.20937530821038
16,7,1.6e+08,160000007,FALSE,TRUE,FALSE,2,"X4_row",1,1.04465117449009,0.00644159683647587,0.9,0.916405535386354,1.17766131047126
16,8,1.6e+08,160000008,FALSE,FALSE,FALSE,0,"intercept",-1,-1.04282290033045,0.0071614311508331,0.9,-1.18599955405501,-0.903809847934311
16,8,1.6e+08,160000008,FALSE,FALSE,FALSE,0,"X1_groups",1,0.957838716407983,0.00299306033334228,0.9,0.867169097427116,1.05079332958545
16,8,1.6e+08,160000008,FALSE,FALSE,FALSE,0,"X2_dist",1,1.02630809276584,0.00537241212577653,0.9,0.898953172073139,1.14112961514419
16,8,1.6e+08,160000008,FALSE,FALSE,FALSE,0,"X3_norm",1,1.06241113762156,0.00365036341760513,0.9,0.965949960670282,1.16348069324821
16,8,1.6e+08,160000008,FALSE,FALSE,FALSE,0,"X4_row",1,1.0017138537708,0.00464861403440812,0.9,0.896782453836259,1.10912488298627
16,8,1.6e+08,160000008,FALSE,TRUE,FALSE,0,"intercept",-1,-0.667236049836821,0.00442159861251639,0.9,-0.777230903568038,-0.557008928787707
16,8,1.6e+08,160000008,FALSE,TRUE,FALSE,0,"X1_groups",1,0.620431518016923,0.00152129152794407,0.9,0.559725786215694,0.689343519730357
16,8,1.6e+08,160000008,FALSE,TRUE,FALSE,0,"X2_dist",1,0.647018620257306,0.00329822766149423,0.9,0.553385423876955,0.741021189428486
16,8,1.6e+08,160000008,FALSE,TRUE,FALSE,0,"X3_norm",1,0.63159521273693,0.00165589525889934,0.9,0.56324543657893,0.702967445189176
16,8,1.6e+08,160000008,FALSE,TRUE,FALSE,0,"X4_row",1,0.600433468489947,0.00228619950506425,0.9,0.518427224502781,0.6755311514344
16,8,1.6e+08,160000008,FALSE,FALSE,FALSE,1,"intercept",-1,-1.08776152740533,0.00812478782145431,0.9,-1.23819366359651,-0.947654725678628
16,8,1.6e+08,160000008,FALSE,FALSE,FALSE,1,"X1_groups",1,0.998364860910139,0.00328747492087227,0.9,0.906416799497673,1.09117569246757
16,8,1.6e+08,160000008,FALSE,FALSE,FALSE,1,"X2_dist",1,1.06431046037985,0.00647004909087521,0.9,0.940381656524263,1.20450400766023
16,8,1.6e+08,160000008,FALSE,FALSE,FALSE,1,"X3_norm",1,1.10712273594675,0.00437653270702355,0.9,0.996608172076046,1.21463501423904
16,8,1.6e+08,160000008,FALSE,FALSE,FALSE,1,"X4_row",1,1.05688266407085,0.00502913238246186,0.9,0.936242233490625,1.16901138063015
16,8,1.6e+08,160000008,FALSE,FALSE,FALSE,2,"intercept",-1,-1.13470006253196,0.00923528712935138,0.9,-1.29467215005838,-0.970612963591432
16,8,1.6e+08,160000008,FALSE,FALSE,FALSE,2,"X1_groups",1,1.03611755447836,0.00485506077983805,0.9,0.930624706229282,1.16226663492431
16,8,1.6e+08,160000008,FALSE,FALSE,FALSE,2,"X2_dist",1,1.10532770940063,0.00742247854731405,0.9,0.966438801911164,1.24920931295287
16,8,1.6e+08,160000008,FALSE,FALSE,FALSE,2,"X3_norm",1,1.15010675138139,0.00567584923098666,0.9,1.02844445645332,1.26626112334954
16,8,1.6e+08,160000008,FALSE,FALSE,FALSE,2,"X4_row",1,1.09359621352306,0.00569693534583919,0.9,0.985646567719305,1.21704793314716
16,8,1.6e+08,160000008,FALSE,TRUE,FALSE,1,"intercept",-1,-0.85456878687769,0.00654928229137992,0.9,-0.990206003205833,-0.719460673096921
16,8,1.6e+08,160000008,FALSE,TRUE,FALSE,1,"X1_groups",1,0.825931371506843,0.00276452243034388,0.9,0.743120908947828,0.907854503751407
16,8,1.6e+08,160000008,FALSE,TRUE,FALSE,1,"X2_dist",1,0.830381405693704,0.00517451150204279,0.9,0.716570355358705,0.954090725790992
16,8,1.6e+08,160000008,FALSE,TRUE,FALSE,1,"X3_norm",1,0.816699426673832,0.0030632522540966,0.9,0.728277586379343,0.909588717789669
16,8,1.6e+08,160000008,FALSE,TRUE,FALSE,1,"X4_row",1,0.784463649531291,0.00346606361472391,0.9,0.684877901563976,0.873664843349556
16,8,1.6e+08,160000008,FALSE,TRUE,FALSE,2,"intercept",-1,-1.00073762564359,0.00844935271409055,0.9,-1.15826215915031,-0.86632630170395
16,8,1.6e+08,160000008,FALSE,TRUE,FALSE,2,"X1_groups",1,1.01003324713664,0.00524942515060842,0.9,0.895282168492581,1.13127909599365
16,8,1.6e+08,160000008,FALSE,TRUE,FALSE,2,"X2_dist",1,1.00347165916536,0.00754900057081427,0.9,0.874396440258404,1.15280413291916
16,8,1.6e+08,160000008,FALSE,TRUE,FALSE,2,"X3_norm",1,0.978469484526872,0.00445296458262045,0.9,0.872167231404579,1.09004986981105
16,8,1.6e+08,160000008,FALSE,TRUE,FALSE,2,"X4_row",1,0.96487235237263,0.00568058602946441,0.9,0.852495430428711,1.09743828912752
16,9,1.6e+08,160000009,FALSE,FALSE,FALSE,0,"intercept",-1,-0.946722788038951,0.00650356878986726,0.9,-1.07466442608573,-0.823947670246644
16,9,1.6e+08,160000009,FALSE,FALSE,FALSE,0,"X1_groups",1,0.963973130484948,0.00285447143107432,0.9,0.873771898359904,1.05476794630051
16,9,1.6e+08,160000009,FALSE,FALSE,FALSE,0,"X2_dist",1,1.00998112424806,0.00540131801221388,0.9,0.890597951560471,1.12005290485063
16,9,1.6e+08,160000009,FALSE,FALSE,FALSE,0,"X3_norm",1,0.953035529993307,0.00266631930298737,0.9,0.867896817400886,1.03772360534802
16,9,1.6e+08,160000009,FALSE,FALSE,FALSE,0,"X4_row",1,1.03944472922833,0.00429665199974891,0.9,0.937778612571308,1.15095484479951
16,9,1.6e+08,160000009,FALSE,TRUE,FALSE,0,"intercept",-1,-0.545082610440049,0.00462878972986886,0.9,-0.666914795255279,-0.436850830031749
16,9,1.6e+08,160000009,FALSE,TRUE,FALSE,0,"X1_groups",1,0.571498917397826,0.00138036199767024,0.9,0.514758475493685,0.6320702189257
16,9,1.6e+08,160000009,FALSE,TRUE,FALSE,0,"X2_dist",1,0.58367796030945,0.00342610216924142,0.9,0.491436199769361,0.684226434573378
16,9,1.6e+08,160000009,FALSE,TRUE,FALSE,0,"X3_norm",1,0.574442846377603,0.00159583495201364,0.9,0.510507457487944,0.639823322944805
16,9,1.6e+08,160000009,FALSE,TRUE,FALSE,0,"X4_row",1,0.567611775515337,0.00215319496344407,0.9,0.490778146047717,0.643117435547915
16,9,1.6e+08,160000009,FALSE,FALSE,FALSE,1,"intercept",-1,-0.994013364440396,0.00729873606544107,0.9,-1.1308179493073,-0.866913466381134
16,9,1.6e+08,160000009,FALSE,FALSE,FALSE,1,"X1_groups",1,1.01172805688108,0.00318772372431221,0.9,0.920163977589319,1.10653937670966
16,9,1.6e+08,160000009,FALSE,FALSE,FALSE,1,"X2_dist",1,1.05495048997363,0.005936159271609,0.9,0.939345574076507,1.18359826327407
16,9,1.6e+08,160000009,FALSE,FALSE,FALSE,1,"X3_norm",1,0.990395116895679,0.00335962127638843,0.9,0.899410121261792,1.08964237511894
16,9,1.6e+08,160000009,FALSE,FALSE,FALSE,1,"X4_row",1,1.08758845472037,0.00510474793074007,0.9,0.971907949505271,1.2024994824764
16,9,1.6e+08,160000009,FALSE,FALSE,FALSE,2,"intercept",-1,-1.029035620778,0.00825033788256306,0.9,-1.17232201277103,-0.887095141695956
16,9,1.6e+08,160000009,FALSE,FALSE,FALSE,2,"X1_groups",1,1.04696921922843,0.00438998573222643,0.9,0.939698115784917,1.15628784131345
16,9,1.6e+08,160000009,FALSE,FALSE,FALSE,2,"X2_dist",1,1.08951088325859,0.00737109790277307,0.9,0.956064449354013,1.23555086808906
16,9,1.6e+08,160000009,FALSE,FALSE,FALSE,2,"X3_norm",1,1.0256437338034,0.00379529580297559,0.9,0.911728105572764,1.12111747265698
16,9,1.6e+08,160000009,FALSE,FALSE,FALSE,2,"X4_row",1,1.12455575251582,0.00596745495798937,0.9,1.00087370363276,1.25512703249972
16,9,1.6e+08,160000009,FALSE,TRUE,FALSE,1,"intercept",-1,-0.672856970214807,0.00496968041765972,0.9,-0.784707339129344,-0.548768200403524
16,9,1.6e+08,160000009,FALSE,TRUE,FALSE,1,"X1_groups",1,0.707053318622117,0.00212337164070759,0.9,0.633833004108739,0.786890944402521
16,9,1.6e+08,160000009,FALSE,TRUE,FALSE,1,"X2_dist",1,0.712540442812002,0.00429887713463613,0.9,0.601688721420289,0.817503523752251
16,9,1.6e+08,160000009,FALSE,TRUE,FALSE,1,"X3_norm",1,0.723712202658822,0.00252888058928883,0.9,0.639344846424583,0.801277952907632
16,9,1.6e+08,160000009,FALSE,TRUE,FALSE,1,"X4_row",1,0.73654531025694,0.00340567676397164,0.9,0.640231305108134,0.836701431352485
16,9,1.6e+08,160000009,FALSE,TRUE,FALSE,2,"intercept",-1,-0.8096342602017,0.00822421599259559,0.9,-0.974934890124446,-0.673063710694445
16,9,1.6e+08,160000009,FALSE,TRUE,FALSE,2,"X1_groups",1,0.847212402159198,0.00391052090588237,0.9,0.752501845928689,0.948678972875955
16,9,1.6e+08,160000009,FALSE,TRUE,FALSE,2,"X2_dist",1,0.849845472798222,0.00650336870528388,0.9,0.714957871849544,0.987492087382559
16,9,1.6e+08,160000009,FALSE,TRUE,FALSE,2,"X3_norm",1,0.880823805783386,0.00412031585042107,0.9,0.774704455558108,0.994354060720089
16,9,1.6e+08,160000009,FALSE,TRUE,FALSE,2,"X4_row",1,0.884545908231254,0.00484751290534755,0.9,0.77511663321159,1.00046838403718
16,10,1.6e+08,160000010,FALSE,FALSE,FALSE,0,"intercept",-1,-1.03579399091795,0.0070482277932267,0.9,-1.17410272547274,-0.901336215000995
16,10,1.6e+08,160000010,FALSE,FALSE,FALSE,0,"X1_groups",1,0.908698700331326,0.00244896394037026,0.9,0.831114509837847,0.993806989220013
16,10,1.6e+08,160000010,FALSE,FALSE,FALSE,0,"X2_dist",1,0.937393262757463,0.00510612950557216,0.9,0.82146671455583,1.05852458580209
16,10,1.6e+08,160000010,FALSE,FALSE,FALSE,0,"X3_norm",1,0.891341965537174,0.00289342903260782,0.9,0.803018488462286,0.984193042388317
16,10,1.6e+08,160000010,FALSE,FALSE,FALSE,0,"X4_row",1,0.862574748768515,0.00355812498340841,0.9,0.76153932779439,0.954327452589317
16,10,1.6e+08,160000010,FALSE,TRUE,FALSE,0,"intercept",-1,-0.783194062438473,0.00460395599336052,0.9,-0.902670143303154,-0.672862075498165
16,10,1.6e+08,160000010,FALSE,TRUE,FALSE,0,"X1_groups",1,0.604464545033516,0.00163422777750239,0.9,0.534110103652138,0.670603669317244
16,10,1.6e+08,160000010,FALSE,TRUE,FALSE,0,"X2_dist",1,0.714382491683673,0.00359701000989658,0.9,0.6186944376867,0.811737485565327
16,10,1.6e+08,160000010,FALSE,TRUE,FALSE,0,"X3_norm",1,0.626806996473333,0.00178470725845436,0.9,0.555214714730415,0.694918834683729
16,10,1.6e+08,160000010,FALSE,TRUE,FALSE,0,"X4_row",1,0.528389577306837,0.00220546684117632,0.9,0.453880670608905,0.601165747475745
16,10,1.6e+08,160000010,FALSE,FALSE,FALSE,1,"intercept",-1,-1.06510343126214,0.00686811538369812,0.9,-1.19818643436111,-0.939042039262065
16,10,1.6e+08,160000010,FALSE,FALSE,FALSE,1,"X1_groups",1,0.937676840311948,0.00268872388678886,0.9,0.856580430606244,1.02180797549432
16,10,1.6e+08,160000010,FALSE,FALSE,FALSE,1,"X2_dist",1,0.959848017365729,0.00546576970277163,0.9,0.842348263964788,1.08110821497295
16,10,1.6e+08,160000010,FALSE,FALSE,FALSE,1,"X3_norm",1,0.917950086335357,0.00299834786053212,0.9,0.830602790391425,1.00409393464621
16,10,1.6e+08,160000010,FALSE,FALSE,FALSE,1,"X4_row",1,0.889151848508245,0.00357386524297658,0.9,0.786103217614157,0.984350326132278
16,10,1.6e+08,160000010,FALSE,FALSE,FALSE,2,"intercept",-1,-1.09532234125397,0.0072660858679763,0.9,-1.23620303820126,-0.95175726534723
16,10,1.6e+08,160000010,FALSE,FALSE,FALSE,2,"X1_groups",1,0.958274486491604,0.00313651422260669,0.9,0.867015451190417,1.04508696127822
16,10,1.6e+08,160000010,FALSE,FALSE,FALSE,2,"X2_dist",1,0.986704176845025,0.00583389529525931,0.9,0.862388763905176,1.11303217010761
16,10,1.6e+08,160000010,FALSE,FALSE,FALSE,2,"X3_norm",1,0.939357840035189,0.00343536317803334,0.9,0.838644052308008,1.02883106338716
16,10,1.6e+08,160000010,FALSE,FALSE,FALSE,2,"X4_row",1,0.909992540825249,0.00364916371182577,0.9,0.81592855955746,1.01547101530428
16,10,1.6e+08,160000010,FALSE,TRUE,FALSE,1,"intercept",-1,-0.973626147384671,0.00650469489464575,0.9,-1.10636431527783,-0.843112383898512
16,10,1.6e+08,160000010,FALSE,TRUE,FALSE,1,"X1_groups",1,0.772168758196035,0.00266393331966798,0.9,0.687459654040112,0.852351359838852
16,10,1.6e+08,160000010,FALSE,TRUE,FALSE,1,"X2_dist",1,0.897473606151351,0.00497084582808704,0.9,0.792916925736447,1.02431767053707
16,10,1.6e+08,160000010,FALSE,TRUE,FALSE,1,"X3_norm",1,0.802632035870443,0.00263958946446015,0.9,0.715379225796455,0.884635942738366
16,10,1.6e+08,160000010,FALSE,TRUE,FALSE,1,"X4_row",1,0.687204438274452,0.00331716072988188,0.9,0.589099694416954,0.769131507530362
16,10,1.6e+08,160000010,FALSE,TRUE,FALSE,2,"intercept",-1,-1.24675744399175,0.0107676512610298,0.9,-1.41755827620632,-1.08287596659388
16,10,1.6e+08,160000010,FALSE,TRUE,FALSE,2,"X1_groups",1,0.970510842121066,0.00483612278476304,0.9,0.858190567908497,1.08665882686839
16,10,1.6e+08,160000010,FALSE,TRUE,FALSE,2,"X2_dist",1,1.15488250936383,0.00903830246379294,0.9,1.00162081951467,1.30992280819289
16,10,1.6e+08,160000010,FALSE,TRUE,FALSE,2,"X3_norm",1,0.998740980941099,0.00465888599110731,0.9,0.886971677127187,1.11094192447299
16,10,1.6e+08,160000010,FALSE,TRUE,FALSE,2,"X4_row",1,0.87187949374499,0.0058298336555827,0.9,0.751567205444669,1.00397884487793
16,11,1.6e+08,160000011,FALSE,FALSE,FALSE,0,"intercept",-1,-0.973596869098898,0.00743100605630344,0.9,-1.11644245361802,-0.839690112110634
16,11,1.6e+08,160000011,FALSE,FALSE,FALSE,0,"X1_groups",1,0.977730873202674,0.00284836890462365,0.9,0.891381457921935,1.06984667429499
16,11,1.6e+08,160000011,FALSE,FALSE,FALSE,0,"X2_dist",1,0.993935357098294,0.0057424708354551,0.9,0.878005719308952,1.11451478779665
16,11,1.6e+08,160000011,FALSE,FALSE,FALSE,0,"X3_norm",1,1.00666665208525,0.00310739084889985,0.9,0.921057956300738,1.09889049347551
16,11,1.6e+08,160000011,FALSE,FALSE,FALSE,0,"X4_row",1,0.940295997095651,0.00410148718389594,0.9,0.83702036551939,1.04420244942366
16,11,1.6e+08,160000011,FALSE,TRUE,FALSE,0,"intercept",-1,-0.572752383975048,0.00436947190305354,0.9,-0.683414526755841,-0.467316519972077
16,11,1.6e+08,160000011,FALSE,TRUE,FALSE,0,"X1_groups",1,0.566187813723742,0.00141361107916931,0.9,0.507547373258033,0.63148243895316
16,11,1.6e+08,160000011,FALSE,TRUE,FALSE,0,"X2_dist",1,0.593271007789945,0.00343170512816907,0.9,0.502994278267838,0.688715401060411
16,11,1.6e+08,160000011,FALSE,TRUE,FALSE,0,"X3_norm",1,0.606848344688989,0.00163042606996271,0.9,0.542315680187192,0.673008537587895
16,11,1.6e+08,160000011,FALSE,TRUE,FALSE,0,"X4_row",1,0.557465207430599,0.00194542959942873,0.9,0.482067540133618,0.625703938253212
16,11,1.6e+08,160000011,FALSE,FALSE,FALSE,1,"intercept",-1,-1.03198258977307,0.00733242820630867,0.9,-1.16242559865851,-0.889645652506857
16,11,1.6e+08,160000011,FALSE,FALSE,FALSE,1,"X1_groups",1,1.04118535256305,0.00364342243865167,0.9,0.945506444808585,1.14316346317756
16,11,1.6e+08,160000011,FALSE,FALSE,FALSE,1,"X2_dist",1,1.05047404860722,0.00665257389367549,0.9,0.916614049769313,1.19056518679237
16,11,1.6e+08,160000011,FALSE,FALSE,FALSE,1,"X3_norm",1,1.06407393669197,0.00434399559191849,0.9,0.953094482558443,1.17594543882863
16,11,1.6e+08,160000011,FALSE,FALSE,FALSE,1,"X4_row",1,1.00769731520222,0.00495557409519178,0.9,0.892546678234194,1.12103360830435
16,11,1.6e+08,160000011,FALSE,FALSE,FALSE,2,"intercept",-1,-1.07219307195252,0.00796373269248813,0.9,-1.22609227450884,-0.9299398849167
16,11,1.6e+08,160000011,FALSE,FALSE,FALSE,2,"X1_groups",1,1.07590055654303,0.00411825943548409,0.9,0.969200104438089,1.18445687930302
16,11,1.6e+08,160000011,FALSE,FALSE,FALSE,2,"X2_dist",1,1.09026552081978,0.0069227986024997,0.9,0.959415742195327,1.23389888158232
16,11,1.6e+08,160000011,FALSE,FALSE,FALSE,2,"X3_norm",1,1.10239133404893,0.00435269390099953,0.9,0.996594598654487,1.21306254567671
16,11,1.6e+08,160000011,FALSE,FALSE,FALSE,2,"X4_row",1,1.04931479682392,0.0053019569083744,0.9,0.929714358662165,1.16998339459269
16,11,1.6e+08,160000011,FALSE,TRUE,FALSE,1,"intercept",-1,-0.708498163974919,0.00517371298949289,0.9,-0.832462271551514,-0.600094718322232
16,11,1.6e+08,160000011,FALSE,TRUE,FALSE,1,"X1_groups",1,0.71095588466529,0.00206894154259955,0.9,0.63722699905971,0.783086140849261
16,11,1.6e+08,160000011,FALSE,TRUE,FALSE,1,"X2_dist",1,0.7366560281114,0.00448478861235781,0.9,0.633827098062331,0.85191772613631
16,11,1.6e+08,160000011,FALSE,TRUE,FALSE,1,"X3_norm",1,0.766752433467453,0.00229223995537175,0.9,0.68933842888101,0.845460103394373
16,11,1.6e+08,160000011,FALSE,TRUE,FALSE,1,"X4_row",1,0.730799956091545,0.00303885412292947,0.9,0.642941814307967,0.821132935395703
16,11,1.6e+08,160000011,FALSE,TRUE,FALSE,2,"intercept",-1,-0.895097892747121,0.0090939984104998,0.9,-1.06437413628465,-0.747512709992724
16,11,1.6e+08,160000011,FALSE,TRUE,FALSE,2,"X1_groups",1,0.881866131933419,0.00403915262314083,0.9,0.775734635362975,0.984087951711651
16,11,1.6e+08,160000011,FALSE,TRUE,FALSE,2,"X2_dist",1,0.911046770030352,0.00748799822817016,0.9,0.77560921929777,1.05336652462998
16,11,1.6e+08,160000011,FALSE,TRUE,FALSE,2,"X3_norm",1,0.934133862743082,0.00447349799520109,0.9,0.827955757666886,1.03968093148272
16,11,1.6e+08,160000011,FALSE,TRUE,FALSE,2,"X4_row",1,0.867614090829843,0.00477276286811308,0.9,0.75993086232973,0.985821495541464
16,12,1.6e+08,160000012,FALSE,FALSE,FALSE,0,"intercept",-1,-0.892501786793179,0.00675342405641775,0.9,-1.02756324783161,-0.755176160625326
16,12,1.6e+08,160000012,FALSE,FALSE,FALSE,0,"X1_groups",1,0.970836872623399,0.00293031547819425,0.9,0.877925272067465,1.05678678044144
16,12,1.6e+08,160000012,FALSE,FALSE,FALSE,0,"X2_dist",1,0.978611852285048,0.00551198492758334,0.9,0.862784860718593,1.09585809265946
16,12,1.6e+08,160000012,FALSE,FALSE,FALSE,0,"X3_norm",1,1.00134156336826,0.00325423001929423,0.9,0.90668211753913,1.09427359815726
16,12,1.6e+08,160000012,FALSE,FALSE,FALSE,0,"X4_row",1,1.0682811794641,0.00439616961987875,0.9,0.957724212845673,1.17914528065241
16,12,1.6e+08,160000012,FALSE,TRUE,FALSE,0,"intercept",-1,-0.531376430730223,0.00442301338789784,0.9,-0.640602666205693,-0.418576650389206
16,12,1.6e+08,160000012,FALSE,TRUE,FALSE,0,"X1_groups",1,0.624480650899801,0.00151390857150393,0.9,0.558013885351254,0.686947835651111
16,12,1.6e+08,160000012,FALSE,TRUE,FALSE,0,"X2_dist",1,0.576188310222018,0.00350875597283518,0.9,0.487857915690604,0.672147519691908
16,12,1.6e+08,160000012,FALSE,TRUE,FALSE,0,"X3_norm",1,0.610172946157462,0.00173317509585186,0.9,0.541065197749586,0.681192216428058
16,12,1.6e+08,160000012,FALSE,TRUE,FALSE,0,"X4_row",1,0.642157443808178,0.00219288868361062,0.9,0.557866858629283,0.715958004837648
16,12,1.6e+08,160000012,FALSE,FALSE,FALSE,1,"intercept",-1,-0.92633900631233,0.0065228960510562,0.9,-1.06232599081803,-0.79871818156588
16,12,1.6e+08,160000012,FALSE,FALSE,FALSE,1,"X1_groups",1,1.00905971900886,0.00350278440852931,0.9,0.915101269122913,1.10071560650937
16,12,1.6e+08,160000012,FALSE,FALSE,FALSE,1,"X2_dist",1,1.01257480975182,0.00587565221597319,0.9,0.891174305957357,1.12868982330869
16,12,1.6e+08,160000012,FALSE,FALSE,FALSE,1,"X3_norm",1,1.03794286116112,0.00421301765785267,0.9,0.928760197537291,1.14775756550106
16,12,1.6e+08,160000012,FALSE,FALSE,FALSE,1,"X4_row",1,1.11455880206294,0.00494718839419823,0.9,1.00143811693738,1.23393525063483
16,12,1.6e+08,160000012,FALSE,FALSE,FALSE,2,"intercept",-1,-0.95982685565261,0.00836370572291785,0.9,-1.12233408883954,-0.814910137254311
16,12,1.6e+08,160000012,FALSE,FALSE,FALSE,2,"X1_groups",1,1.04311161708688,0.00440710235245294,0.9,0.940914353225774,1.14936128313426
16,12,1.6e+08,160000012,FALSE,FALSE,FALSE,2,"X2_dist",1,1.04972439450314,0.00741329204880728,0.9,0.913696343482477,1.21033702642372
16,12,1.6e+08,160000012,FALSE,FALSE,FALSE,2,"X3_norm",1,1.068514976192,0.00432637115036918,0.9,0.96128111000315,1.18142680203366
16,12,1.6e+08,160000012,FALSE,FALSE,FALSE,2,"X4_row",1,1.16103831106286,0.0058703735374044,0.9,1.02997698224041,1.28086554586451
16,12,1.6e+08,160000012,FALSE,TRUE,FALSE,1,"intercept",-1,-0.704298504349437,0.00616610885391192,0.9,-0.829149330544931,-0.577985864604885
16,12,1.6e+08,160000012,FALSE,TRUE,FALSE,1,"X1_groups",1,0.833432382777384,0.00259689901460757,0.9,0.754531214386694,0.917506766704359
16,12,1.6e+08,160000012,FALSE,TRUE,FALSE,1,"X2_dist",1,0.762646681741023,0.00517029196192461,0.9,0.652536683774422,0.881280321979438
16,12,1.6e+08,160000012,FALSE,TRUE,FALSE,1,"X3_norm",1,0.789322550620221,0.00262078959627136,0.9,0.706855303365391,0.868984017882828
16,12,1.6e+08,160000012,FALSE,TRUE,FALSE,1,"X4_row",1,0.87246243874413,0.00389685425480529,0.9,0.759763061358815,0.975163894198329
16,12,1.6e+08,160000012,FALSE,TRUE,FALSE,2,"intercept",-1,-0.828133192579483,0.010409542322544,0.9,-1.00500581545121,-0.668401480952545
16,12,1.6e+08,160000012,FALSE,TRUE,FALSE,2,"X1_groups",1,1.03529511915618,0.00513485339879526,0.9,0.922937178771819,1.15776344992473
16,12,1.6e+08,160000012,FALSE,TRUE,FALSE,2,"X2_dist",1,0.961600930146044,0.00870632339236704,0.9,0.816675506778485,1.12309987387051
16,12,1.6e+08,160000012,FALSE,TRUE,FALSE,2,"X3_norm",1,0.97888447267847,0.00396164043487046,0.9,0.872383564708272,1.07910609728702
16,12,1.6e+08,160000012,FALSE,TRUE,FALSE,2,"X4_row",1,1.14118067484431,0.00710415626613958,0.9,1.00951386282572,1.28676872076604
16,13,1.6e+08,160000013,FALSE,FALSE,FALSE,0,"intercept",-1,-1.00065468604524,0.00698601388267386,0.9,-1.14986029466257,-0.86223784342459
16,13,1.6e+08,160000013,FALSE,FALSE,FALSE,0,"X1_groups",1,0.99731152408586,0.00296160904872154,0.9,0.905892295368737,1.08756713937719
16,13,1.6e+08,160000013,FALSE,FALSE,FALSE,0,"X2_dist",1,1.00311470403778,0.00542996223617768,0.9,0.883423129943552,1.11623002765918
16,13,1.6e+08,160000013,FALSE,FALSE,FALSE,0,"X3_norm",1,0.952510735848016,0.00318248715421767,0.9,0.869309637424114,1.05646738263446
16,13,1.6e+08,160000013,FALSE,FALSE,FALSE,0,"X4_row",1,0.982600049987946,0.00412099176298177,0.9,0.879358798056914,1.09146639474715
16,13,1.6e+08,160000013,FALSE,TRUE,FALSE,0,"intercept",-1,-0.676034863753531,0.0044135624922927,0.9,-0.787558229914788,-0.573390044888742
16,13,1.6e+08,160000013,FALSE,TRUE,FALSE,0,"X1_groups",1,0.640902736745307,0.00160663831950201,0.9,0.573837386280819,0.707558566183939
16,13,1.6e+08,160000013,FALSE,TRUE,FALSE,0,"X2_dist",1,0.654234954487114,0.00335711047963544,0.9,0.562011133857747,0.747401274871219
16,13,1.6e+08,160000013,FALSE,TRUE,FALSE,0,"X3_norm",1,0.62065397242398,0.001712014475064,0.9,0.551545604511285,0.691854493997534
16,13,1.6e+08,160000013,FALSE,TRUE,FALSE,0,"X4_row",1,0.629835925300493,0.00256255264938505,0.9,0.542749636621146,0.713533629652963
16,13,1.6e+08,160000013,FALSE,FALSE,FALSE,1,"intercept",-1,-1.04711915258323,0.00754141457125955,0.9,-1.19121215001716,-0.918057087682685
16,13,1.6e+08,160000013,FALSE,FALSE,FALSE,1,"X1_groups",1,1.03934504387997,0.00332246382831024,0.9,0.95229683117358,1.1460303034815
16,13,1.6e+08,160000013,FALSE,FALSE,FALSE,1,"X2_dist",1,1.04258283152983,0.00615021581610529,0.9,0.916626815601999,1.18291178692743
16,13,1.6e+08,160000013,FALSE,FALSE,FALSE,1,"X3_norm",1,0.990818216426347,0.00362924174811541,0.9,0.901442509043641,1.09325695406356
16,13,1.6e+08,160000013,FALSE,FALSE,FALSE,1,"X4_row",1,1.01851411912282,0.00461539492222642,0.9,0.902107256965933,1.13132051449909
16,13,1.6e+08,160000013,FALSE,FALSE,FALSE,2,"intercept",-1,-1.07841026236405,0.00887075984694754,0.9,-1.24281072170077,-0.931297008407519
16,13,1.6e+08,160000013,FALSE,FALSE,FALSE,2,"X1_groups",1,1.06145142688322,0.0038439732866211,0.9,0.96740538442608,1.17165165435557
16,13,1.6e+08,160000013,FALSE,FALSE,FALSE,2,"X2_dist",1,1.07109640874278,0.00725639501760931,0.9,0.931550103767997,1.21565783782313
16,13,1.6e+08,160000013,FALSE,FALSE,FALSE,2,"X3_norm",1,1.02105034960914,0.00393599256152585,0.9,0.91442333206498,1.11996053234646
16,13,1.6e+08,160000013,FALSE,FALSE,FALSE,2,"X4_row",1,1.0467337819273,0.00497882472223981,0.9,0.941595201747011,1.16435719076897
16,13,1.6e+08,160000013,FALSE,TRUE,FALSE,1,"intercept",-1,-0.854662420511326,0.00618588789380922,0.9,-0.987720688907807,-0.718408813102796
16,13,1.6e+08,160000013,FALSE,TRUE,FALSE,1,"X1_groups",1,0.823595163355725,0.00254899271368338,0.9,0.740310339500009,0.905770570135549
16,13,1.6e+08,160000013,FALSE,TRUE,FALSE,1,"X2_dist",1,0.820723118011446,0.00488443558517729,0.9,0.713063110015048,0.946323284093998
16,13,1.6e+08,160000013,FALSE,TRUE,FALSE,1,"X3_norm",1,0.784724694814641,0.00250123815814809,0.9,0.707913675333241,0.86824316878805
16,13,1.6e+08,160000013,FALSE,TRUE,FALSE,1,"X4_row",1,0.803097988114269,0.00308807470889923,0.9,0.709907056796664,0.8925230143068
16,13,1.6e+08,160000013,FALSE,TRUE,FALSE,2,"intercept",-1,-0.978601895835147,0.00908723601258571,0.9,-1.13829391134163,-0.824672795442837
16,13,1.6e+08,160000013,FALSE,TRUE,FALSE,2,"X1_groups",1,0.958194312722751,0.00444090618856723,0.9,0.85668607567427,1.07047943882349
16,13,1.6e+08,160000013,FALSE,TRUE,FALSE,2,"X2_dist",1,0.940414033335411,0.00704301431448925,0.9,0.800970339762984,1.06543031194605
16,13,1.6e+08,160000013,FALSE,TRUE,FALSE,2,"X3_norm",1,0.895811088879471,0.00391629051788806,0.9,0.797033746190234,0.992533872828776
16,13,1.6e+08,160000013,FALSE,TRUE,FALSE,2,"X4_row",1,0.928583355774056,0.00466913699278539,0.9,0.82187435432434,1.04616115115115
16,14,1.6e+08,160000014,FALSE,FALSE,FALSE,0,"intercept",-1,-0.973521307724104,0.00694541917749987,0.9,-1.10680518331333,-0.843163530620156
16,14,1.6e+08,160000014,FALSE,FALSE,FALSE,0,"X1_groups",1,0.950150918174851,0.00294888797579078,0.9,0.865081515936998,1.04701689864405
16,14,1.6e+08,160000014,FALSE,FALSE,FALSE,0,"X2_dist",1,0.976660690352418,0.00530187891509564,0.9,0.855417072363924,1.08963966821451
16,14,1.6e+08,160000014,FALSE,FALSE,FALSE,0,"X3_norm",1,0.923209421199124,0.00288020627274584,0.9,0.836557926535427,1.01040592770535
16,14,1.6e+08,160000014,FALSE,FALSE,FALSE,0,"X4_row",1,0.986471310340851,0.00397918345531598,0.9,0.872820290318104,1.08783644021952
16,14,1.6e+08,160000014,FALSE,TRUE,FALSE,0,"intercept",-1,-0.672311324067826,0.00442457418260696,0.9,-0.781812595152419,-0.568662108805466
16,14,1.6e+08,160000014,FALSE,TRUE,FALSE,0,"X1_groups",1,0.58385264789293,0.00144787403178573,0.9,0.518536012010774,0.64244261591953
16,14,1.6e+08,160000014,FALSE,TRUE,FALSE,0,"X2_dist",1,0.643758055399011,0.00323127508121593,0.9,0.547804749424944,0.736908605810955
16,14,1.6e+08,160000014,FALSE,TRUE,FALSE,0,"X3_norm",1,0.601832806479507,0.0015512961288965,0.9,0.535040606008507,0.666936985208833
16,14,1.6e+08,160000014,FALSE,TRUE,FALSE,0,"X4_row",1,0.570325877288122,0.00220710420525856,0.9,0.491227966171728,0.646353388585377
16,14,1.6e+08,160000014,FALSE,FALSE,FALSE,1,"intercept",-1,-1.00497857524641,0.00613777268823319,0.9,-1.12983670511826,-0.883272409282369
16,14,1.6e+08,160000014,FALSE,FALSE,FALSE,1,"X1_groups",1,0.980805064593557,0.00275857480985282,0.9,0.903797961613309,1.06956049956187
16,14,1.6e+08,160000014,FALSE,FALSE,FALSE,1,"X2_dist",1,1.00378854612806,0.00504442262010437,0.9,0.89176714656599,1.12878388197446
16,14,1.6e+08,160000014,FALSE,FALSE,FALSE,1,"X3_norm",1,0.945483905517693,0.00320942456629215,0.9,0.859577008389369,1.03890590397775
16,14,1.6e+08,160000014,FALSE,FALSE,FALSE,1,"X4_row",1,1.01850753901093,0.0043038454458227,0.9,0.913227002635904,1.12747335058067
16,14,1.6e+08,160000014,FALSE,FALSE,FALSE,2,"intercept",-1,-1.03670579434548,0.00750331464096481,0.9,-1.18021195866133,-0.900229482677939
16,14,1.6e+08,160000014,FALSE,FALSE,FALSE,2,"X1_groups",1,1.00448996796826,0.00365587593011858,0.9,0.910328157413867,1.10808981798997
16,14,1.6e+08,160000014,FALSE,FALSE,FALSE,2,"X2_dist",1,1.03326662410497,0.00611402679771975,0.9,0.901723470534715,1.16065867783037
16,14,1.6e+08,160000014,FALSE,FALSE,FALSE,2,"X3_norm",1,0.970557520696176,0.00340231083366939,0.9,0.87518851988087,1.07242059682527
16,14,1.6e+08,160000014,FALSE,FALSE,FALSE,2,"X4_row",1,1.04429893966823,0.00459280541212764,0.9,0.934459990963375,1.16006115331867
16,14,1.6e+08,160000014,FALSE,TRUE,FALSE,1,"intercept",-1,-0.815762862409898,0.00555988532555615,0.9,-0.93311689759343,-0.696056324859812
16,14,1.6e+08,160000014,FALSE,TRUE,FALSE,1,"X1_groups",1,0.721438651634787,0.00235374270602868,0.9,0.645478583749809,0.797090611399689
16,14,1.6e+08,160000014,FALSE,TRUE,FALSE,1,"X2_dist",1,0.819214007825332,0.00484498310418904,0.9,0.707862930399385,0.939193926283824
16,14,1.6e+08,160000014,FALSE,TRUE,FALSE,1,"X3_norm",1,0.752186260523954,0.00244235077930116,0.9,0.670175042067232,0.836889851549232
16,14,1.6e+08,160000014,FALSE,TRUE,FALSE,1,"X4_row",1,0.771294151252748,0.00330659427702476,0.9,0.677856363783477,0.863686706435041
16,14,1.6e+08,160000014,FALSE,TRUE,FALSE,2,"intercept",-1,-1.04538749016587,0.0100981702873194,0.9,-1.22100142870948,-0.899221658735812
16,14,1.6e+08,160000014,FALSE,TRUE,FALSE,2,"X1_groups",1,0.927662432087781,0.00436298253322828,0.9,0.825830918249527,1.0402247712812
16,14,1.6e+08,160000014,FALSE,TRUE,FALSE,2,"X2_dist",1,1.04067696574927,0.00819330119645736,0.9,0.905382912332086,1.20359336753661
16,14,1.6e+08,160000014,FALSE,TRUE,FALSE,2,"X3_norm",1,0.957819002580563,0.004972091481499,0.9,0.841169273445918,1.06982464089472
16,14,1.6e+08,160000014,FALSE,TRUE,FALSE,2,"X4_row",1,0.988627944695421,0.00593557696599103,0.9,0.867293965338794,1.11343758026611
16,15,1.6e+08,160000015,FALSE,FALSE,FALSE,0,"intercept",-1,-1.09598165033419,0.00747275763479532,0.9,-1.24783693598261,-0.965837534843597
16,15,1.6e+08,160000015,FALSE,FALSE,FALSE,0,"X1_groups",1,1.0026682519993,0.00319604380214461,0.9,0.911434185355807,1.09398445058172
16,15,1.6e+08,160000015,FALSE,FALSE,FALSE,0,"X2_dist",1,1.06181438539723,0.00560432183858203,0.9,0.955015861514166,1.1963200835859
16,15,1.6e+08,160000015,FALSE,FALSE,FALSE,0,"X3_norm",1,1.01980874567037,0.00354928522524981,0.9,0.925377068568459,1.11676016017367
16,15,1.6e+08,160000015,FALSE,FALSE,FALSE,0,"X4_row",1,1.0152309833496,0.00431109068442104,0.9,0.903085586916806,1.11589883105764
16,15,1.6e+08,160000015,FALSE,TRUE,FALSE,0,"intercept",-1,-0.729229074766125,0.00461782949500512,0.9,-0.83757562661047,-0.617752271397698
16,15,1.6e+08,160000015,FALSE,TRUE,FALSE,0,"X1_groups",1,0.636089987473924,0.00150467650581975,0.9,0.576263691711148,0.700214879340788
16,15,1.6e+08,160000015,FALSE,TRUE,FALSE,0,"X2_dist",1,0.670929564463434,0.0034274238252374,0.9,0.574304876765226,0.774546087977712
16,15,1.6e+08,160000015,FALSE,TRUE,FALSE,0,"X3_norm",1,0.654770740498046,0.00184571353273065,0.9,0.584642559155087,0.726077540238845
16,15,1.6e+08,160000015,FALSE,TRUE,FALSE,0,"X4_row",1,0.549588332399078,0.00236216871454401,0.9,0.462425577841436,0.625890449944987
16,15,1.6e+08,160000015,FALSE,FALSE,FALSE,1,"intercept",-1,-1.15030701478794,0.0082054217671502,0.9,-1.29892792776741,-1.00735648728879
16,15,1.6e+08,160000015,FALSE,FALSE,FALSE,1,"X1_groups",1,1.0497625290408,0.0037688657923202,0.9,0.95713853994605,1.15484994188795
16,15,1.6e+08,160000015,FALSE,FALSE,FALSE,1,"X2_dist",1,1.10774802142907,0.00696400706365536,0.9,0.98089275198344,1.24438502960036
16,15,1.6e+08,160000015,FALSE,FALSE,FALSE,1,"X3_norm",1,1.06257748594759,0.00442383403800412,0.9,0.952280396907218,1.16451276818687
16,15,1.6e+08,160000015,FALSE,FALSE,FALSE,1,"X4_row",1,1.05991231323541,0.00556038799646248,0.9,0.93107960838613,1.17493538519478
16,15,1.6e+08,160000015,FALSE,FALSE,FALSE,2,"intercept",-1,-1.20060724264995,0.00864170047141503,0.9,-1.35096283751703,-1.04409243327186
16,15,1.6e+08,160000015,FALSE,FALSE,FALSE,2,"X1_groups",1,1.08816252300257,0.004410666408057,0.9,0.986077704114683,1.19566064066446
16,15,1.6e+08,160000015,FALSE,FALSE,FALSE,2,"X2_dist",1,1.15138681133916,0.00784344473202059,0.9,1.00501659240284,1.29073648803287
16,15,1.6e+08,160000015,FALSE,FALSE,FALSE,2,"X3_norm",1,1.1033731222767,0.0043900652134372,0.9,0.994817732064397,1.21476146119563
16,15,1.6e+08,160000015,FALSE,FALSE,FALSE,2,"X4_row",1,1.0975080885947,0.00581634530694591,0.9,0.975703228237546,1.22672563292237
16,15,1.6e+08,160000015,FALSE,TRUE,FALSE,1,"intercept",-1,-0.905049205260456,0.00638589961338444,0.9,-1.03467273661401,-0.773101246050482
16,15,1.6e+08,160000015,FALSE,TRUE,FALSE,1,"X1_groups",1,0.818888405596661,0.00251131768068465,0.9,0.737490281023096,0.901001674866925
16,15,1.6e+08,160000015,FALSE,TRUE,FALSE,1,"X2_dist",1,0.851434464031304,0.00535193524045286,0.9,0.733275123448216,0.97455532556277
16,15,1.6e+08,160000015,FALSE,TRUE,FALSE,1,"X3_norm",1,0.837868788037235,0.00293086441570537,0.9,0.74672770052001,0.931545552069219
16,15,1.6e+08,160000015,FALSE,TRUE,FALSE,1,"X4_row",1,0.741379404631103,0.00349290467423077,0.9,0.635840896279268,0.835418980585756
16,15,1.6e+08,160000015,FALSE,TRUE,FALSE,2,"intercept",-1,-1.13613335419686,0.0105494786503242,0.9,-1.30474524804248,-0.980402524268032
16,15,1.6e+08,160000015,FALSE,TRUE,FALSE,2,"X1_groups",1,1.0266927443735,0.00546299960613763,0.9,0.910924971596231,1.14827015270953
16,15,1.6e+08,160000015,FALSE,TRUE,FALSE,2,"X2_dist",1,1.09087867369029,0.00942851064125584,0.9,0.931282398000223,1.25150578146112
16,15,1.6e+08,160000015,FALSE,TRUE,FALSE,2,"X3_norm",1,1.03729991222542,0.00511886685605746,0.9,0.927018401980546,1.16596965489827
16,15,1.6e+08,160000015,FALSE,TRUE,FALSE,2,"X4_row",1,0.946091726339446,0.00618963474931402,0.9,0.823363782396662,1.07923623814063
16,16,1.6e+08,160000016,FALSE,FALSE,FALSE,0,"intercept",-1,-1.01171124099097,0.00721230579324785,0.9,-1.15382141132972,-0.873613046807597
16,16,1.6e+08,160000016,FALSE,FALSE,FALSE,0,"X1_groups",1,0.921782174584652,0.00288936598375711,0.9,0.829265809590242,1.0045760401201
16,16,1.6e+08,160000016,FALSE,FALSE,FALSE,0,"X2_dist",1,1.06075316752806,0.00549874055834245,0.9,0.936762346244721,1.1791200320834
16,16,1.6e+08,160000016,FALSE,FALSE,FALSE,0,"X3_norm",1,0.978304081942673,0.00321004158022428,0.9,0.89156523643336,1.0752731749249
16,16,1.6e+08,160000016,FALSE,FALSE,FALSE,0,"X4_row",1,1.07754156186652,0.00445082262540729,0.9,0.967156211906562,1.18614857743144
16,16,1.6e+08,160000016,FALSE,TRUE,FALSE,0,"intercept",-1,-0.586284647019396,0.00399853788231672,0.9,-0.696064450647522,-0.482301354416754
16,16,1.6e+08,160000016,FALSE,TRUE,FALSE,0,"X1_groups",1,0.605145804941335,0.00155824396606273,0.9,0.54249731886081,0.671073110222359
16,16,1.6e+08,160000016,FALSE,TRUE,FALSE,0,"X2_dist",1,0.602224580554762,0.00296468776091253,0.9,0.515286337210308,0.691169961893973
16,16,1.6e+08,160000016,FALSE,TRUE,FALSE,0,"X3_norm",1,0.559224534899128,0.00150868630216919,0.9,0.497580507915967,0.624155119354284
16,16,1.6e+08,160000016,FALSE,TRUE,FALSE,0,"X4_row",1,0.583599944854748,0.00201096754174391,0.9,0.504804432113702,0.654061730879076
16,16,1.6e+08,160000016,FALSE,FALSE,FALSE,1,"intercept",-1,-1.05506001375835,0.00715924699306588,0.9,-1.19985098052182,-0.920139398682365
16,16,1.6e+08,160000016,FALSE,FALSE,FALSE,1,"X1_groups",1,0.959319247046053,0.00310040756464922,0.9,0.87341137250257,1.04955308216861
16,16,1.6e+08,160000016,FALSE,FALSE,FALSE,1,"X2_dist",1,1.09770825267783,0.00597342073368902,0.9,0.973530824541566,1.23661555429845
16,16,1.6e+08,160000016,FALSE,FALSE,FALSE,1,"X3_norm",1,1.01340320089515,0.00353871038534331,0.9,0.921085139329545,1.10414065602787
16,16,1.6e+08,160000016,FALSE,FALSE,FALSE,1,"X4_row",1,1.11335571873279,0.00516042767949441,0.9,1.00243056779588,1.23096015779316
16,16,1.6e+08,160000016,FALSE,FALSE,FALSE,2,"intercept",-1,-1.10374242117938,0.00903997744694668,0.9,-1.27353070282086,-0.950858533904646
16,16,1.6e+08,160000016,FALSE,FALSE,FALSE,2,"X1_groups",1,0.991262554041527,0.00406092303903853,0.9,0.88927951616429,1.09168324881064
16,16,1.6e+08,160000016,FALSE,FALSE,FALSE,2,"X2_dist",1,1.14648536926269,0.00835827688298268,0.9,1.01092154803856,1.30632921655963
16,16,1.6e+08,160000016,FALSE,FALSE,FALSE,2,"X3_norm",1,1.05362616722734,0.00475675372234462,0.9,0.946604484203583,1.16693954222025
16,16,1.6e+08,160000016,FALSE,FALSE,FALSE,2,"X4_row",1,1.15985267479906,0.00609075053019045,0.9,1.04261809208867,1.29781293914101
16,16,1.6e+08,160000016,FALSE,TRUE,FALSE,1,"intercept",-1,-0.731229483584507,0.00536398637622495,0.9,-0.848783827646244,-0.617713708289776
16,16,1.6e+08,160000016,FALSE,TRUE,FALSE,1,"X1_groups",1,0.773931008399703,0.00241765942835514,0.9,0.695435136599006,0.855968953924095
16,16,1.6e+08,160000016,FALSE,TRUE,FALSE,1,"X2_dist",1,0.757344198945463,0.00415351873961581,0.9,0.653050561973021,0.862075733483744
16,16,1.6e+08,160000016,FALSE,TRUE,FALSE,1,"X3_norm",1,0.717140129755325,0.00233586895044827,0.9,0.640852210189154,0.798678774334564
16,16,1.6e+08,160000016,FALSE,TRUE,FALSE,1,"X4_row",1,0.767474375020263,0.00309399300181728,0.9,0.674179902492752,0.862994384751788
16,16,1.6e+08,160000016,FALSE,TRUE,FALSE,2,"intercept",-1,-0.920791262033205,0.00913858056061775,0.9,-1.06794293351755,-0.757917891488099
16,16,1.6e+08,160000016,FALSE,TRUE,FALSE,2,"X1_groups",1,0.986697920841032,0.00461683867387123,0.9,0.875517687811038,1.10080518966515
16,16,1.6e+08,160000016,FALSE,TRUE,FALSE,2,"X2_dist",1,0.952469858472758,0.00774158328538473,0.9,0.814370359062227,1.08541971286783
16,16,1.6e+08,160000016,FALSE,TRUE,FALSE,2,"X3_norm",1,0.8949396949099,0.00406048056779231,0.9,0.790923836928783,0.997889180401226
16,16,1.6e+08,160000016,FALSE,TRUE,FALSE,2,"X4_row",1,0.950639156333623,0.00534603606480614,0.9,0.832722672034201,1.07242586897636
16,17,1.6e+08,160000017,FALSE,FALSE,FALSE,0,"intercept",-1,-1.01405940797111,0.00684079798935645,0.9,-1.1460009310262,-0.880645247422307
16,17,1.6e+08,160000017,FALSE,FALSE,FALSE,0,"X1_groups",1,0.923214003311132,0.00269879161391366,0.9,0.835695565387801,1.00879462826607
16,17,1.6e+08,160000017,FALSE,FALSE,FALSE,0,"X2_dist",1,0.97777455293397,0.00558718049991633,0.9,0.848036885794767,1.09115034698106
16,17,1.6e+08,160000017,FALSE,FALSE,FALSE,0,"X3_norm",1,0.928764130381387,0.00317234647961082,0.9,0.836208417660011,1.0229370453313
16,17,1.6e+08,160000017,FALSE,FALSE,FALSE,0,"X4_row",1,0.950761538203503,0.00414943334642928,0.9,0.847110588507983,1.0598473859724
16,17,1.6e+08,160000017,FALSE,TRUE,FALSE,0,"intercept",-1,-0.738996128118361,0.00484782928123105,0.9,-0.856208155540929,-0.627225207373879
16,17,1.6e+08,160000017,FALSE,TRUE,FALSE,0,"X1_groups",1,0.603605705700161,0.00141596578519558,0.9,0.544178897692262,0.669978323068658
16,17,1.6e+08,160000017,FALSE,TRUE,FALSE,0,"X2_dist",1,0.669061148029138,0.00348242477463428,0.9,0.578467147586266,0.771681345632592
16,17,1.6e+08,160000017,FALSE,TRUE,FALSE,0,"X3_norm",1,0.643152074898891,0.0016428838979625,0.9,0.576905780032349,0.710776770961594
16,17,1.6e+08,160000017,FALSE,TRUE,FALSE,0,"X4_row",1,0.58856699766996,0.00232707621335994,0.9,0.502729350534361,0.662123085715615
16,17,1.6e+08,160000017,FALSE,FALSE,FALSE,1,"intercept",-1,-1.05120249440958,0.00720437068711813,0.9,-1.19329983963031,-0.914932803309096
16,17,1.6e+08,160000017,FALSE,FALSE,FALSE,1,"X1_groups",1,0.962921802763908,0.00296075210235089,0.9,0.877534187109083,1.05760640327498
16,17,1.6e+08,160000017,FALSE,FALSE,FALSE,1,"X2_dist",1,1.0078476500769,0.00582619966815235,0.9,0.899151409866371,1.14423947947293
16,17,1.6e+08,160000017,FALSE,FALSE,FALSE,1,"X3_norm",1,0.965272620768123,0.00361121390544616,0.9,0.866821654011019,1.07018675143048
16,17,1.6e+08,160000017,FALSE,FALSE,FALSE,1,"X4_row",1,0.995763692696889,0.00403101453905035,0.9,0.895481005136254,1.09946084515278
16,17,1.6e+08,160000017,FALSE,FALSE,FALSE,2,"intercept",-1,-1.10152975502898,0.00843744065948821,0.9,-1.25433688379184,-0.949264765551255
16,17,1.6e+08,160000017,FALSE,FALSE,FALSE,2,"X1_groups",1,0.996026077894498,0.00413898805248793,0.9,0.892992705377551,1.10075401374026
16,17,1.6e+08,160000017,FALSE,FALSE,FALSE,2,"X2_dist",1,1.05378305955865,0.00664382789540558,0.9,0.918495024993885,1.19688254947207
16,17,1.6e+08,160000017,FALSE,FALSE,FALSE,2,"X3_norm",1,0.999837750665636,0.00395052437222275,0.9,0.897108940138495,1.10646223427415
16,17,1.6e+08,160000017,FALSE,FALSE,FALSE,2,"X4_row",1,1.03404482552518,0.00492629569057416,0.9,0.926872672666429,1.14674535528057
16,17,1.6e+08,160000017,FALSE,TRUE,FALSE,1,"intercept",-1,-0.881493938931141,0.00588684653447396,0.9,-1.00636672427851,-0.758930524105489
16,17,1.6e+08,160000017,FALSE,TRUE,FALSE,1,"X1_groups",1,0.742772409800981,0.00200918428751067,0.9,0.667256037378584,0.813299973414521
16,17,1.6e+08,160000017,FALSE,TRUE,FALSE,1,"X2_dist",1,0.804656929205258,0.00458480504098769,0.9,0.697316641780835,0.920044912493263
16,17,1.6e+08,160000017,FALSE,TRUE,FALSE,1,"X3_norm",1,0.774243531822486,0.00252813905007525,0.9,0.692329535058198,0.855307733320718
16,17,1.6e+08,160000017,FALSE,TRUE,FALSE,1,"X4_row",1,0.732992248387973,0.00346225305379212,0.9,0.637657250437518,0.824764318060063
16,17,1.6e+08,160000017,FALSE,TRUE,FALSE,2,"intercept",-1,-1.07916560788654,0.00989036455840701,0.9,-1.24498800741245,-0.934531813809028
16,17,1.6e+08,160000017,FALSE,TRUE,FALSE,2,"X1_groups",1,0.914822282139415,0.00421581704981463,0.9,0.807888701112976,1.02436415425559
16,17,1.6e+08,160000017,FALSE,TRUE,FALSE,2,"X2_dist",1,0.998999542309567,0.00786414893862344,0.9,0.857963927371921,1.14669417569131
16,17,1.6e+08,160000017,FALSE,TRUE,FALSE,2,"X3_norm",1,0.96036367746678,0.00403751534078677,0.9,0.858576730511721,1.0750046682463
16,17,1.6e+08,160000017,FALSE,TRUE,FALSE,2,"X4_row",1,0.928559833232481,0.00448684821197769,0.9,0.823107673004183,1.03579326387779
16,18,1.6e+08,160000018,FALSE,FALSE,FALSE,0,"intercept",-1,-0.980396663056065,0.00729791436954583,0.9,-1.12500083350863,-0.841691783885411
16,18,1.6e+08,160000018,FALSE,FALSE,FALSE,0,"X1_groups",1,1.04741057911947,0.00324247014414902,0.9,0.964678493463641,1.15067577972023
16,18,1.6e+08,160000018,FALSE,FALSE,FALSE,0,"X2_dist",1,1.00382769326491,0.00577286193796577,0.9,0.873013860768045,1.12978232445673
16,18,1.6e+08,160000018,FALSE,FALSE,FALSE,0,"X3_norm",1,1.02468960967493,0.00357553722287031,0.9,0.935227257506333,1.12357313022001
16,18,1.6e+08,160000018,FALSE,FALSE,FALSE,0,"X4_row",1,1.11508330546097,0.00495693435529589,0.9,0.999794634592295,1.23544897186032
16,18,1.6e+08,160000018,FALSE,TRUE,FALSE,0,"intercept",-1,-0.650926921301459,0.00454350615887795,0.9,-0.765654834561254,-0.543007518729325
16,18,1.6e+08,160000018,FALSE,TRUE,FALSE,0,"X1_groups",1,0.634896438039166,0.00147917145368304,0.9,0.577392844598242,0.698467879812099
16,18,1.6e+08,160000018,FALSE,TRUE,FALSE,0,"X2_dist",1,0.664192939330563,0.00355818754725635,0.9,0.566386541660814,0.758251380067034
16,18,1.6e+08,160000018,FALSE,TRUE,FALSE,0,"X3_norm",1,0.616357318190149,0.00155617835816087,0.9,0.554800609446129,0.68126124010249
16,18,1.6e+08,160000018,FALSE,TRUE,FALSE,0,"X4_row",1,0.633814696668409,0.00235299114107483,0.9,0.55284213780898,0.715801093954446
16,18,1.6e+08,160000018,FALSE,FALSE,FALSE,1,"intercept",-1,-1.0509972136853,0.00888884798528781,0.9,-1.2079683217854,-0.904195468982059
16,18,1.6e+08,160000018,FALSE,FALSE,FALSE,1,"X1_groups",1,1.13031181905715,0.00460217022401057,0.9,1.02330398113982,1.24101691247521
16,18,1.6e+08,160000018,FALSE,FALSE,FALSE,1,"X2_dist",1,1.06713075727214,0.00751281167762425,0.9,0.926541126472406,1.20408654490907
16,18,1.6e+08,160000018,FALSE,FALSE,FALSE,1,"X3_norm",1,1.0872471643416,0.00482949783075453,0.9,0.979255471024504,1.20295267828916
16,18,1.6e+08,160000018,FALSE,FALSE,FALSE,1,"X4_row",1,1.19185074970645,0.00614720707280267,0.9,1.06899853070315,1.32219836957159
16,18,1.6e+08,160000018,FALSE,FALSE,FALSE,2,"intercept",-1,-1.09295584303323,0.00928782678674025,0.9,-1.25759830093629,-0.933361301100043
16,18,1.6e+08,160000018,FALSE,FALSE,FALSE,2,"X1_groups",1,1.17485840177605,0.00542880609851446,0.9,1.05014118900662,1.28877051929445
16,18,1.6e+08,160000018,FALSE,FALSE,FALSE,2,"X2_dist",1,1.10932890579577,0.00774268932216146,0.9,0.97146650737956,1.24770408138907
16,18,1.6e+08,160000018,FALSE,FALSE,FALSE,2,"X3_norm",1,1.12263957453298,0.00466359475933827,0.9,1.00987200505123,1.22953469216905
16,18,1.6e+08,160000018,FALSE,FALSE,FALSE,2,"X4_row",1,1.24122832753072,0.00669306709527957,0.9,1.10950734195189,1.37915495650872
16,18,1.6e+08,160000018,FALSE,TRUE,FALSE,1,"intercept",-1,-0.792394913043474,0.00579272932828075,0.9,-0.923497723035503,-0.670269024674085
16,18,1.6e+08,160000018,FALSE,TRUE,FALSE,1,"X1_groups",1,0.776042283374505,0.00216999497821669,0.9,0.705420075457524,0.859737707718205
16,18,1.6e+08,160000018,FALSE,TRUE,FALSE,1,"X2_dist",1,0.811368029557885,0.0046051313825816,0.9,0.706187652533632,0.927210065706286
16,18,1.6e+08,160000018,FALSE,TRUE,FALSE,1,"X3_norm",1,0.771608278804164,0.0025380141186763,0.9,0.688993160161878,0.848882472909261
16,18,1.6e+08,160000018,FALSE,TRUE,FALSE,1,"X4_row",1,0.797993120427548,0.00349434232091445,0.9,0.700053876497266,0.887766805992676
16,18,1.6e+08,160000018,FALSE,TRUE,FALSE,2,"intercept",-1,-0.983991588158167,0.00856590958890791,0.9,-1.13677786887182,-0.839009087519745
16,18,1.6e+08,160000018,FALSE,TRUE,FALSE,2,"X1_groups",1,0.961658146085829,0.0047764425846351,0.9,0.851401195207468,1.07683650604555
16,18,1.6e+08,160000018,FALSE,TRUE,FALSE,2,"X2_dist",1,1.00339831976926,0.00780656159693786,0.9,0.860829001275054,1.14718816997646
16,18,1.6e+08,160000018,FALSE,TRUE,FALSE,2,"X3_norm",1,0.959695054102484,0.00478580272907256,0.9,0.856468268501781,1.07520366845059
16,18,1.6e+08,160000018,FALSE,TRUE,FALSE,2,"X4_row",1,0.978827123910746,0.00508420555638939,0.9,0.873579757993597,1.0943861726403
16,19,1.6e+08,160000019,FALSE,FALSE,FALSE,0,"intercept",-1,-1.10912449949224,0.00685264607454358,0.9,-1.2484990110362,-0.983347164282605
16,19,1.6e+08,160000019,FALSE,FALSE,FALSE,0,"X1_groups",1,1.06639455131565,0.00329933819412123,0.9,0.972032503832334,1.15672894347871
16,19,1.6e+08,160000019,FALSE,FALSE,FALSE,0,"X2_dist",1,1.05165955620874,0.00522366150583017,0.9,0.94251866922107,1.16672936065137
16,19,1.6e+08,160000019,FALSE,FALSE,FALSE,0,"X3_norm",1,1.05949556420611,0.0036008972010249,0.9,0.962673771740683,1.1595164649367
16,19,1.6e+08,160000019,FALSE,FALSE,FALSE,0,"X4_row",1,1.0451629548884,0.00453819893859809,0.9,0.933319914903565,1.15389503219159
16,19,1.6e+08,160000019,FALSE,TRUE,FALSE,0,"intercept",-1,-0.612223720294324,0.00475498944182921,0.9,-0.725391761835148,-0.507158003374011
16,19,1.6e+08,160000019,FALSE,TRUE,FALSE,0,"X1_groups",1,0.620029583809977,0.00154579441196714,0.9,0.556475064927133,0.686713362386245
16,19,1.6e+08,160000019,FALSE,TRUE,FALSE,0,"X2_dist",1,0.589477986663997,0.00342171886294895,0.9,0.498956827193697,0.683037922877983
16,19,1.6e+08,160000019,FALSE,TRUE,FALSE,0,"X3_norm",1,0.593686053648614,0.00166570908602401,0.9,0.524026884996571,0.657271566758926
16,19,1.6e+08,160000019,FALSE,TRUE,FALSE,0,"X4_row",1,0.669475164048553,0.00231981469199816,0.9,0.592280338702406,0.748927245659744
16,19,1.6e+08,160000019,FALSE,FALSE,FALSE,1,"intercept",-1,-1.14731665376738,0.00817232398787198,0.9,-1.30569937662084,-1.00089070979124
16,19,1.6e+08,160000019,FALSE,FALSE,FALSE,1,"X1_groups",1,1.11085053178895,0.0040919779873076,0.9,1.00535592515901,1.21891429076636
16,19,1.6e+08,160000019,FALSE,FALSE,FALSE,1,"X2_dist",1,1.08388402024108,0.00671748250984223,0.9,0.952805128322497,1.23481461077692
16,19,1.6e+08,160000019,FALSE,FALSE,FALSE,1,"X3_norm",1,1.09522448375545,0.00429326237075657,0.9,0.992805711824393,1.20656932606536
16,19,1.6e+08,160000019,FALSE,FALSE,FALSE,1,"X4_row",1,1.08546462285098,0.00515447095679759,0.9,0.962651952851682,1.19792002544256
16,19,1.6e+08,160000019,FALSE,FALSE,FALSE,2,"intercept",-1,-1.19585404764679,0.00889411064469977,0.9,-1.36060142317557,-1.05197729065508
16,19,1.6e+08,160000019,FALSE,FALSE,FALSE,2,"X1_groups",1,1.14533971112442,0.00456254821809087,0.9,1.03873226813558,1.25479680799652
16,19,1.6e+08,160000019,FALSE,FALSE,FALSE,2,"X2_dist",1,1.12731209068722,0.0075820251026162,0.9,0.998055313137332,1.27593087199377
16,19,1.6e+08,160000019,FALSE,FALSE,FALSE,2,"X3_norm",1,1.12720192778085,0.00503375558629371,0.9,1.01262263843797,1.25249165025786
16,19,1.6e+08,160000019,FALSE,FALSE,FALSE,2,"X4_row",1,1.11707250645265,0.00532177748187775,0.9,1.00640416130689,1.24032767412921
16,19,1.6e+08,160000019,FALSE,TRUE,FALSE,1,"intercept",-1,-0.864190794696369,0.0066622813147302,0.9,-0.995194797916869,-0.726636706547548
16,19,1.6e+08,160000019,FALSE,TRUE,FALSE,1,"X1_groups",1,0.867906448463899,0.00262674879423103,0.9,0.781374080474235,0.947948686517472
16,19,1.6e+08,160000019,FALSE,TRUE,FALSE,1,"X2_dist",1,0.823385282709827,0.00525365540200106,0.9,0.700880356944962,0.944141775404409
16,19,1.6e+08,160000019,FALSE,TRUE,FALSE,1,"X3_norm",1,0.819465537785838,0.00322059165391206,0.9,0.725339163003952,0.916872039455505
16,19,1.6e+08,160000019,FALSE,TRUE,FALSE,1,"X4_row",1,0.950935070035999,0.00461407182316915,0.9,0.842781456012851,1.06139054654823
16,19,1.6e+08,160000019,FALSE,TRUE,FALSE,2,"intercept",-1,-1.00235675909731,0.0102529181544217,0.9,-1.17802573634636,-0.835965851805057
16,19,1.6e+08,160000019,FALSE,TRUE,FALSE,2,"X1_groups",1,1.0311051994913,0.00496376466496792,0.9,0.910343477320505,1.14203326971312
16,19,1.6e+08,160000019,FALSE,TRUE,FALSE,2,"X2_dist",1,0.976920064705284,0.00871589371447934,0.9,0.828707556456716,1.12794949121811
16,19,1.6e+08,160000019,FALSE,TRUE,FALSE,2,"X3_norm",1,0.998620974157495,0.00551036389423748,0.9,0.884382022321087,1.12574333704397
16,19,1.6e+08,160000019,FALSE,TRUE,FALSE,2,"X4_row",1,1.14294166265606,0.00740598516378374,0.9,1.00427702577803,1.2947468769993
16,20,1.6e+08,160000020,FALSE,FALSE,FALSE,0,"intercept",-1,-0.977681966891932,0.00704324037183966,0.9,-1.11532828812377,-0.83471928268616
16,20,1.6e+08,160000020,FALSE,FALSE,FALSE,0,"X1_groups",1,1.08981160872713,0.00355866362613443,0.9,0.996249745697708,1.19480591460539
16,20,1.6e+08,160000020,FALSE,FALSE,FALSE,0,"X2_dist",1,1.06534371695758,0.00588299827772962,0.9,0.938922686674854,1.18918924843556
16,20,1.6e+08,160000020,FALSE,FALSE,FALSE,0,"X3_norm",1,1.01558174945311,0.00345732858531693,0.9,0.920921863581853,1.1107388764284
16,20,1.6e+08,160000020,FALSE,FALSE,FALSE,0,"X4_row",1,1.10079452318927,0.00484735462851277,0.9,0.980392195516289,1.22149354181352
16,20,1.6e+08,160000020,FALSE,TRUE,FALSE,0,"intercept",-1,-0.639079402451775,0.00426185972454667,0.9,-0.745550535016154,-0.53584569647976
16,20,1.6e+08,160000020,FALSE,TRUE,FALSE,0,"X1_groups",1,0.646064152925532,0.00146296010862229,0.9,0.58704349097714,0.710036464002176
16,20,1.6e+08,160000020,FALSE,TRUE,FALSE,0,"X2_dist",1,0.647927595876572,0.00317935042954789,0.9,0.555150046690237,0.736108884677298
16,20,1.6e+08,160000020,FALSE,TRUE,FALSE,0,"X3_norm",1,0.589549927806372,0.00176825251138748,0.9,0.526380429217403,0.654783976336833
16,20,1.6e+08,160000020,FALSE,TRUE,FALSE,0,"X4_row",1,0.6121493763975,0.0022584449791985,0.9,0.53104287591327,0.690672082366313
16,20,1.6e+08,160000020,FALSE,FALSE,FALSE,1,"intercept",-1,-1.02098824894422,0.00791250289838201,0.9,-1.17040713796761,-0.888964989119231
16,20,1.6e+08,160000020,FALSE,FALSE,FALSE,1,"X1_groups",1,1.13835487985471,0.00422244274915345,0.9,1.03750835708529,1.24771793156148
16,20,1.6e+08,160000020,FALSE,FALSE,FALSE,1,"X2_dist",1,1.10337530051926,0.00658604749730683,0.9,0.973977372851272,1.24349288908899
16,20,1.6e+08,160000020,FALSE,FALSE,FALSE,1,"X3_norm",1,1.05061051304472,0.00374864849800331,0.9,0.943961355729149,1.1446221736192
16,20,1.6e+08,160000020,FALSE,FALSE,FALSE,1,"X4_row",1,1.14037887806675,0.00471248109415442,0.9,1.02664911749976,1.24256186170284
16,20,1.6e+08,160000020,FALSE,FALSE,FALSE,2,"intercept",-1,-1.05444460541534,0.00918720918938075,0.9,-1.22107578318035,-0.896804804700066
16,20,1.6e+08,160000020,FALSE,FALSE,FALSE,2,"X1_groups",1,1.17356708032948,0.004581308889193,0.9,1.06684686487701,1.28666392710863
16,20,1.6e+08,160000020,FALSE,FALSE,FALSE,2,"X2_dist",1,1.13716203879433,0.00817775915818959,0.9,0.991057795518005,1.29360351286662
16,20,1.6e+08,160000020,FALSE,FALSE,FALSE,2,"X3_norm",1,1.08042453895434,0.00456011355199457,0.9,0.968751208161886,1.19660463077817
16,20,1.6e+08,160000020,FALSE,FALSE,FALSE,2,"X4_row",1,1.17841157050577,0.00579278907636361,0.9,1.04892323519922,1.30490573779045
16,20,1.6e+08,160000020,FALSE,TRUE,FALSE,1,"intercept",-1,-0.780629810202332,0.00611510883250355,0.9,-0.914869682260009,-0.654503645056803
16,20,1.6e+08,160000020,FALSE,TRUE,FALSE,1,"X1_groups",1,0.819194566603294,0.00227111501007895,0.9,0.739257551488745,0.89223628917671
16,20,1.6e+08,160000020,FALSE,TRUE,FALSE,1,"X2_dist",1,0.806177766855439,0.00494525014784615,0.9,0.692931815199505,0.931524269755333
16,20,1.6e+08,160000020,FALSE,TRUE,FALSE,1,"X3_norm",1,0.729815097365854,0.00251598912828673,0.9,0.655559640112241,0.813912845328845
16,20,1.6e+08,160000020,FALSE,TRUE,FALSE,1,"X4_row",1,0.789375261505178,0.00327529528359196,0.9,0.69818187623987,0.888495361822277
16,20,1.6e+08,160000020,FALSE,TRUE,FALSE,2,"intercept",-1,-0.934541638127779,0.00923684043641488,0.9,-1.09660854917073,-0.785435108551143
16,20,1.6e+08,160000020,FALSE,TRUE,FALSE,2,"X1_groups",1,1.02422565154661,0.00484583220269744,0.9,0.914653336156454,1.13193420008057
16,20,1.6e+08,160000020,FALSE,TRUE,FALSE,2,"X2_dist",1,1.01093444135803,0.00827455775772081,0.9,0.862800027574863,1.16259711817037
16,20,1.6e+08,160000020,FALSE,TRUE,FALSE,2,"X3_norm",1,0.891903658740234,0.00443247027273616,0.9,0.787344555607301,0.99934948848628
16,20,1.6e+08,160000020,FALSE,TRUE,FALSE,2,"X4_row",1,0.990559475656561,0.0060180302739616,0.9,0.877123981991129,1.12405418639294
16,21,1.6e+08,160000021,FALSE,FALSE,FALSE,0,"intercept",-1,-1.05414471056816,0.00715395216017128,0.9,-1.19612746441079,-0.930600822744021
16,21,1.6e+08,160000021,FALSE,FALSE,FALSE,0,"X1_groups",1,0.95562070773654,0.00275610844013347,0.9,0.872074812921692,1.0426605626233
16,21,1.6e+08,160000021,FALSE,FALSE,FALSE,0,"X2_dist",1,1.15262462944438,0.00588002146650013,0.9,1.03424983911695,1.27185798959598
16,21,1.6e+08,160000021,FALSE,FALSE,FALSE,0,"X3_norm",1,0.983016067569701,0.00325893744015241,0.9,0.892608453071252,1.07757969544775
16,21,1.6e+08,160000021,FALSE,FALSE,FALSE,0,"X4_row",1,0.95036047798186,0.00342125059278081,0.9,0.857513074511688,1.04137231317883
16,21,1.6e+08,160000021,FALSE,TRUE,FALSE,0,"intercept",-1,-0.648385729671559,0.00450668477927826,0.9,-0.763445779956311,-0.544377322095431
16,21,1.6e+08,160000021,FALSE,TRUE,FALSE,0,"X1_groups",1,0.608792368929298,0.00156834463493613,0.9,0.546320975404848,0.66987865411462
16,21,1.6e+08,160000021,FALSE,TRUE,FALSE,0,"X2_dist",1,0.647841154913362,0.00361148981351039,0.9,0.555227649266444,0.74349531213377
16,21,1.6e+08,160000021,FALSE,TRUE,FALSE,0,"X3_norm",1,0.646956075419557,0.00164801692478761,0.9,0.584718627185526,0.715388647641321
16,21,1.6e+08,160000021,FALSE,TRUE,FALSE,0,"X4_row",1,0.57358194862713,0.00208608734257371,0.9,0.497727511713651,0.643568655540424
16,21,1.6e+08,160000021,FALSE,FALSE,FALSE,1,"intercept",-1,-1.09289672309659,0.00750020805940249,0.9,-1.2374511787076,-0.94952652971322
16,21,1.6e+08,160000021,FALSE,FALSE,FALSE,1,"X1_groups",1,0.992943756807953,0.00315127819286681,0.9,0.903963900845309,1.08021089273999
16,21,1.6e+08,160000021,FALSE,FALSE,FALSE,1,"X2_dist",1,1.19085394883619,0.00687393226903981,0.9,1.05861299371667,1.3285990443063
16,21,1.6e+08,160000021,FALSE,FALSE,FALSE,1,"X3_norm",1,1.01609548201707,0.00402615526097862,0.9,0.916357158223996,1.12258129930855
16,21,1.6e+08,160000021,FALSE,FALSE,FALSE,1,"X4_row",1,0.991471020196352,0.00453589987489034,0.9,0.878587472654552,1.09960312439882
16,21,1.6e+08,160000021,FALSE,FALSE,FALSE,2,"intercept",-1,-1.13301261678542,0.00864085649333719,0.9,-1.29753662903594,-1.00034262738006
16,21,1.6e+08,160000021,FALSE,FALSE,FALSE,2,"X1_groups",1,1.02310990105114,0.00409673004411942,0.9,0.923373181332806,1.12510277684563
16,21,1.6e+08,160000021,FALSE,FALSE,FALSE,2,"X2_dist",1,1.22947593754832,0.00763374012388314,0.9,1.10003802890059,1.37739830952926
16,21,1.6e+08,160000021,FALSE,FALSE,FALSE,2,"X3_norm",1,1.04483715857005,0.00417399475226044,0.9,0.936721410035605,1.15177659140972
16,21,1.6e+08,160000021,FALSE,FALSE,FALSE,2,"X4_row",1,1.0183440572187,0.00482782398390172,0.9,0.908646728658274,1.13771974024205
16,21,1.6e+08,160000021,FALSE,TRUE,FALSE,1,"intercept",-1,-0.808598265248629,0.00593032859295558,0.9,-0.928878464178723,-0.685043459105355
16,21,1.6e+08,160000021,FALSE,TRUE,FALSE,1,"X1_groups",1,0.776323018477288,0.00231392856558298,0.9,0.696511398544007,0.852482639096505
16,21,1.6e+08,160000021,FALSE,TRUE,FALSE,1,"X2_dist",1,0.801356583836898,0.00496996216160335,0.9,0.695405872347986,0.931485090617051
16,21,1.6e+08,160000021,FALSE,TRUE,FALSE,1,"X3_norm",1,0.799722317525796,0.00285103454986687,0.9,0.716449807424552,0.883980926611154
16,21,1.6e+08,160000021,FALSE,TRUE,FALSE,1,"X4_row",1,0.722764544901416,0.00341436729434758,0.9,0.634519813652335,0.824001761128776
16,21,1.6e+08,160000021,FALSE,TRUE,FALSE,2,"intercept",-1,-1.00376386976873,0.00948324861825254,0.9,-1.16875227011282,-0.853061684556692
16,21,1.6e+08,160000021,FALSE,TRUE,FALSE,2,"X1_groups",1,0.938350177373359,0.00459033539385965,0.9,0.831674007603763,1.05201761708022
16,21,1.6e+08,160000021,FALSE,TRUE,FALSE,2,"X2_dist",1,1.02487528137944,0.00846839754410393,0.9,0.876464121588193,1.19340736692518
16,21,1.6e+08,160000021,FALSE,TRUE,FALSE,2,"X3_norm",1,0.955484147859045,0.00411228804739886,0.9,0.856454723767197,1.0605659269665
16,21,1.6e+08,160000021,FALSE,TRUE,FALSE,2,"X4_row",1,0.910800563796943,0.00502399120492711,0.9,0.799529383907415,1.03449185235157
16,22,1.6e+08,160000022,FALSE,FALSE,FALSE,0,"intercept",-1,-1.01363189328578,0.00743738376892216,0.9,-1.16634673027628,-0.870253213652696
16,22,1.6e+08,160000022,FALSE,FALSE,FALSE,0,"X1_groups",1,1.02114020883872,0.00325626390974289,0.9,0.929905368582253,1.11227072573286
16,22,1.6e+08,160000022,FALSE,FALSE,FALSE,0,"X2_dist",1,1.04782758400727,0.00614091010021323,0.9,0.920268121765711,1.17289041388703
16,22,1.6e+08,160000022,FALSE,FALSE,FALSE,0,"X3_norm",1,1.01302882491844,0.00320923330058662,0.9,0.921367363449594,1.10508639395634
16,22,1.6e+08,160000022,FALSE,FALSE,FALSE,0,"X4_row",1,1.03634543954368,0.00492136930532678,0.9,0.917651320221377,1.15239887113049
16,22,1.6e+08,160000022,FALSE,TRUE,FALSE,0,"intercept",-1,-0.672634084045604,0.00470763313284868,0.9,-0.785664807052283,-0.566396602442004
16,22,1.6e+08,160000022,FALSE,TRUE,FALSE,0,"X1_groups",1,0.616456091014642,0.00145771589841114,0.9,0.557957142674715,0.682868577153919
16,22,1.6e+08,160000022,FALSE,TRUE,FALSE,0,"X2_dist",1,0.644980005721854,0.00348842297633981,0.9,0.549541861147334,0.737765621137549
16,22,1.6e+08,160000022,FALSE,TRUE,FALSE,0,"X3_norm",1,0.617290130339287,0.00155801484342289,0.9,0.553718060653804,0.68186099374303
16,22,1.6e+08,160000022,FALSE,TRUE,FALSE,0,"X4_row",1,0.610185690197647,0.00210859424571346,0.9,0.530637535263321,0.684066669011285
16,22,1.6e+08,160000022,FALSE,FALSE,FALSE,1,"intercept",-1,-1.04448714166649,0.00719036410627889,0.9,-1.18312353482108,-0.908322592077424
16,22,1.6e+08,160000022,FALSE,FALSE,FALSE,1,"X1_groups",1,1.05695436905823,0.00321945465553653,0.9,0.964156681293603,1.153702918308
16,22,1.6e+08,160000022,FALSE,FALSE,FALSE,1,"X2_dist",1,1.0757507306007,0.00608568550228185,0.9,0.947701385817845,1.20364561674345
16,22,1.6e+08,160000022,FALSE,FALSE,FALSE,1,"X3_norm",1,1.04573624282947,0.00369965947032271,0.9,0.947525086748814,1.1399670425523
16,22,1.6e+08,160000022,FALSE,FALSE,FALSE,1,"X4_row",1,1.07372337230997,0.00482834171563791,0.9,0.963575489600432,1.19115443934996
16,22,1.6e+08,160000022,FALSE,FALSE,FALSE,2,"intercept",-1,-1.08469576984379,0.00803812216236304,0.9,-1.22947921444612,-0.940310066181752
16,22,1.6e+08,160000022,FALSE,FALSE,FALSE,2,"X1_groups",1,1.0881116623526,0.00392200481354372,0.9,0.994054297607651,1.20620637103878
16,22,1.6e+08,160000022,FALSE,FALSE,FALSE,2,"X2_dist",1,1.11220672099971,0.00744428405674107,0.9,0.982230544350122,1.2550357689328
16,22,1.6e+08,160000022,FALSE,FALSE,FALSE,2,"X3_norm",1,1.07463431381161,0.00428962882527504,0.9,0.960851518169512,1.18826843908452
16,22,1.6e+08,160000022,FALSE,FALSE,FALSE,2,"X4_row",1,1.10272252080726,0.00532673352854139,0.9,0.990477183252445,1.23479281108335
16,22,1.6e+08,160000022,FALSE,TRUE,FALSE,1,"intercept",-1,-0.828443476554541,0.00585242731145099,0.9,-0.966577905195469,-0.709831768948283
16,22,1.6e+08,160000022,FALSE,TRUE,FALSE,1,"X1_groups",1,0.779579227943481,0.00240495061511628,0.9,0.701149238460173,0.857401097524597
16,22,1.6e+08,160000022,FALSE,TRUE,FALSE,1,"X2_dist",1,0.810617233713376,0.00495061908825443,0.9,0.698351209306318,0.930510866791242
16,22,1.6e+08,160000022,FALSE,TRUE,FALSE,1,"X3_norm",1,0.786030880641293,0.0027900781947601,0.9,0.696230888973357,0.871842601875704
16,22,1.6e+08,160000022,FALSE,TRUE,FALSE,1,"X4_row",1,0.796696941015619,0.00349039498909142,0.9,0.696065068229214,0.892541565920754
16,22,1.6e+08,160000022,FALSE,TRUE,FALSE,2,"intercept",-1,-0.986832980768469,0.00868094732167912,0.9,-1.14152647992278,-0.839602169684899
16,22,1.6e+08,160000022,FALSE,TRUE,FALSE,2,"X1_groups",1,0.97907258136922,0.00449218791122236,0.9,0.866115468389674,1.0909194249765
16,22,1.6e+08,160000022,FALSE,TRUE,FALSE,2,"X2_dist",1,0.989636785312693,0.00754042826987958,0.9,0.8415210852008,1.12970209461363
16,22,1.6e+08,160000022,FALSE,TRUE,FALSE,2,"X3_norm",1,0.963324013011655,0.0043060908754243,0.9,0.846558950122852,1.0647541763819
16,22,1.6e+08,160000022,FALSE,TRUE,FALSE,2,"X4_row",1,0.973531078570705,0.00511392863185698,0.9,0.864939364739881,1.09825755089522
16,23,1.6e+08,160000023,FALSE,FALSE,FALSE,0,"intercept",-1,-1.20601880843563,0.00803411240004789,0.9,-1.35147297144514,-1.05582923432144
16,23,1.6e+08,160000023,FALSE,FALSE,FALSE,0,"X1_groups",1,1.0781889719135,0.00375586385285401,0.9,0.974109082576614,1.17929674307825
16,23,1.6e+08,160000023,FALSE,FALSE,FALSE,0,"X2_dist",1,1.2095337792296,0.00664266559540837,0.9,1.07194176634871,1.33875778956719
16,23,1.6e+08,160000023,FALSE,FALSE,FALSE,0,"X3_norm",1,1.09475033184622,0.00407251816080484,0.9,0.987410122921096,1.19983664209131
16,23,1.6e+08,160000023,FALSE,FALSE,FALSE,0,"X4_row",1,1.03052423729034,0.00526511968934059,0.9,0.914020451713625,1.1482028000536
16,23,1.6e+08,160000023,FALSE,TRUE,FALSE,0,"intercept",-1,-0.811955654108883,0.00482239194880021,0.9,-0.925185535180715,-0.703617314289552
16,23,1.6e+08,160000023,FALSE,TRUE,FALSE,0,"X1_groups",1,0.634599326575231,0.00165760169911753,0.9,0.56776957489243,0.702477580868864
16,23,1.6e+08,160000023,FALSE,TRUE,FALSE,0,"X2_dist",1,0.753329611966704,0.00360713354253807,0.9,0.652508472898411,0.851483322595271
16,23,1.6e+08,160000023,FALSE,TRUE,FALSE,0,"X3_norm",1,0.674916680510641,0.00186767362826547,0.9,0.601730522976362,0.744104196417726
16,23,1.6e+08,160000023,FALSE,TRUE,FALSE,0,"X4_row",1,0.563388808560948,0.00230652587210906,0.9,0.481022829328897,0.641284841276485
16,23,1.6e+08,160000023,FALSE,FALSE,FALSE,1,"intercept",-1,-1.30476962905837,0.0108840493437117,0.9,-1.48515280230946,-1.13334004427598
16,23,1.6e+08,160000023,FALSE,FALSE,FALSE,1,"X1_groups",1,1.15375941529653,0.00443074682152041,0.9,1.04268023095344,1.25644396172873
16,23,1.6e+08,160000023,FALSE,FALSE,FALSE,1,"X2_dist",1,1.3035076272469,0.00869434631125083,0.9,1.16093058403159,1.4597315998066
16,23,1.6e+08,160000023,FALSE,FALSE,FALSE,1,"X3_norm",1,1.16393867912627,0.0053876949937065,0.9,1.04865479759218,1.28508045991165
16,23,1.6e+08,160000023,FALSE,FALSE,FALSE,1,"X4_row",1,1.10252365110587,0.00573163379397927,0.9,0.975249760571407,1.22835320566224
16,23,1.6e+08,160000023,FALSE,FALSE,FALSE,2,"intercept",-1,-1.36146270274594,0.0123802584496033,0.9,-1.54186246658111,-1.18627537037012
16,23,1.6e+08,160000023,FALSE,FALSE,FALSE,2,"X1_groups",1,1.19214683985449,0.00528998836083176,0.9,1.07739457115387,1.30911155586281
16,23,1.6e+08,160000023,FALSE,FALSE,FALSE,2,"X2_dist",1,1.35939960283816,0.0110399225794476,0.9,1.19004018241764,1.53503780104093
16,23,1.6e+08,160000023,FALSE,FALSE,FALSE,2,"X3_norm",1,1.21114522207336,0.00634693256944632,0.9,1.08019866476171,1.34031692775766
16,23,1.6e+08,160000023,FALSE,FALSE,FALSE,2,"X4_row",1,1.1495910026167,0.00667095747841309,0.9,1.01242330562756,1.28366488660417
16,23,1.6e+08,160000023,FALSE,TRUE,FALSE,1,"intercept",-1,-1.00013484535337,0.00605777542543815,0.9,-1.12788354960787,-0.876101640927086
16,23,1.6e+08,160000023,FALSE,TRUE,FALSE,1,"X1_groups",1,0.804926381612143,0.00247299447610515,0.9,0.725415955542388,0.879697291620233
16,23,1.6e+08,160000023,FALSE,TRUE,FALSE,1,"X2_dist",1,0.938530716395009,0.00527351736534359,0.9,0.82888125488071,1.06662354481313
16,23,1.6e+08,160000023,FALSE,TRUE,FALSE,1,"X3_norm",1,0.853631864266991,0.00288182136354864,0.9,0.769120370505117,0.941825672446761
16,23,1.6e+08,160000023,FALSE,TRUE,FALSE,1,"X4_row",1,0.75982208886648,0.00367414035323445,0.9,0.658982161276618,0.854018767427755
16,23,1.6e+08,160000023,FALSE,TRUE,FALSE,2,"intercept",-1,-1.19462617207772,0.0105850880371617,0.9,-1.3791908207517,-1.04356969068029
16,23,1.6e+08,160000023,FALSE,TRUE,FALSE,2,"X1_groups",1,0.983584055927511,0.00455182560349364,0.9,0.869805797152715,1.10048986452983
16,23,1.6e+08,160000023,FALSE,TRUE,FALSE,2,"X2_dist",1,1.14509898502687,0.00929612633624516,0.9,0.990421681672592,1.30452423537039
16,23,1.6e+08,160000023,FALSE,TRUE,FALSE,2,"X3_norm",1,1.00301803352841,0.00472203035209552,0.9,0.895126719249944,1.11175714900319
16,23,1.6e+08,160000023,FALSE,TRUE,FALSE,2,"X4_row",1,0.921659709685135,0.00602766176198988,0.9,0.795958669896898,1.04699096232645
16,24,1.6e+08,160000024,FALSE,FALSE,FALSE,0,"intercept",-1,-0.897488423349161,0.00615743019382924,0.9,-1.02665146761156,-0.773811821743988
16,24,1.6e+08,160000024,FALSE,FALSE,FALSE,0,"X1_groups",1,0.890863811833782,0.00253781659991297,0.9,0.810598308204704,0.975775309025306
16,24,1.6e+08,160000024,FALSE,FALSE,FALSE,0,"X2_dist",1,0.850904700028397,0.0046857135545632,0.9,0.743980040920106,0.964951428594676
16,24,1.6e+08,160000024,FALSE,FALSE,FALSE,0,"X3_norm",1,0.896309070331646,0.00287770448090892,0.9,0.809182847543772,0.990397474442964
16,24,1.6e+08,160000024,FALSE,FALSE,FALSE,0,"X4_row",1,0.949902264744031,0.00399662852684824,0.9,0.844761910243489,1.05847284958684
16,24,1.6e+08,160000024,FALSE,TRUE,FALSE,0,"intercept",-1,-0.593622624015192,0.00424913541756355,0.9,-0.702190784652092,-0.491093916495026
16,24,1.6e+08,160000024,FALSE,TRUE,FALSE,0,"X1_groups",1,0.556906603511905,0.00132330682130256,0.9,0.497822875549755,0.616021438083911
16,24,1.6e+08,160000024,FALSE,TRUE,FALSE,0,"X2_dist",1,0.558098655312497,0.00314725080373998,0.9,0.467868675380135,0.650804751368867
16,24,1.6e+08,160000024,FALSE,TRUE,FALSE,0,"X3_norm",1,0.605769946223647,0.00143467267173671,0.9,0.544327896413893,0.665691521188826
16,24,1.6e+08,160000024,FALSE,TRUE,FALSE,0,"X4_row",1,0.548904508934568,0.00214646318537203,0.9,0.474334622235425,0.626856286049425
16,24,1.6e+08,160000024,FALSE,FALSE,FALSE,1,"intercept",-1,-0.934528177865395,0.00588139148021659,0.9,-1.05552707282339,-0.807213485384729
16,24,1.6e+08,160000024,FALSE,FALSE,FALSE,1,"X1_groups",1,0.924685646054401,0.00251395960082922,0.9,0.843613439184575,1.00524942267449
16,24,1.6e+08,160000024,FALSE,FALSE,FALSE,1,"X2_dist",1,0.882192002221992,0.00473023520043978,0.9,0.778876985095677,0.986707846747659
16,24,1.6e+08,160000024,FALSE,FALSE,FALSE,1,"X3_norm",1,0.922082573018116,0.00263193564375934,0.9,0.843762679384276,1.00342119580989
16,24,1.6e+08,160000024,FALSE,FALSE,FALSE,1,"X4_row",1,0.978745630112568,0.00387343082168838,0.9,0.865937749009851,1.08082151789496
16,24,1.6e+08,160000024,FALSE,FALSE,FALSE,2,"intercept",-1,-0.962036545932423,0.00708493065362074,0.9,-1.11749393201098,-0.831184043440226
16,24,1.6e+08,160000024,FALSE,FALSE,FALSE,2,"X1_groups",1,0.948908245234075,0.00322394139700218,0.9,0.861482044072275,1.04458528982437
16,24,1.6e+08,160000024,FALSE,FALSE,FALSE,2,"X2_dist",1,0.907396965922606,0.00589535629203022,0.9,0.791170132079169,1.04149566924104
16,24,1.6e+08,160000024,FALSE,FALSE,FALSE,2,"X3_norm",1,0.947593123532538,0.00308103918061182,0.9,0.85872593949266,1.04166748722228
16,24,1.6e+08,160000024,FALSE,FALSE,FALSE,2,"X4_row",1,1.00698008666669,0.00472202057627275,0.9,0.898949761396851,1.11875071049351
16,24,1.6e+08,160000024,FALSE,TRUE,FALSE,1,"intercept",-1,-0.707374583898037,0.00540539023911653,0.9,-0.830606920195398,-0.5889273746002
16,24,1.6e+08,160000024,FALSE,TRUE,FALSE,1,"X1_groups",1,0.70103637712676,0.0020599249528769,0.9,0.6313985594055,0.7768458306371
16,24,1.6e+08,160000024,FALSE,TRUE,FALSE,1,"X2_dist",1,0.667936376029451,0.00405400305299645,0.9,0.56895393294377,0.778121514452852
16,24,1.6e+08,160000024,FALSE,TRUE,FALSE,1,"X3_norm",1,0.77269756858364,0.00260532314584007,0.9,0.690555347965817,0.857366840264489
16,24,1.6e+08,160000024,FALSE,TRUE,FALSE,1,"X4_row",1,0.719599084454052,0.00287654862486185,0.9,0.632188625919762,0.806537494249182
16,24,1.6e+08,160000024,FALSE,TRUE,FALSE,2,"intercept",-1,-0.84335186262378,0.00829527608662456,0.9,-1.0050494972139,-0.706515152997626
16,24,1.6e+08,160000024,FALSE,TRUE,FALSE,2,"X1_groups",1,0.833288009096685,0.00325405884566369,0.9,0.730817634842277,0.92122129646447
16,24,1.6e+08,160000024,FALSE,TRUE,FALSE,2,"X2_dist",1,0.782767334232693,0.00646438901009993,0.9,0.65310741273657,0.926870148628422
16,24,1.6e+08,160000024,FALSE,TRUE,FALSE,2,"X3_norm",1,0.925800088038482,0.00380104378287794,0.9,0.821362755714193,1.03181005467659
16,24,1.6e+08,160000024,FALSE,TRUE,FALSE,2,"X4_row",1,0.8797941377556,0.00438192675953885,0.9,0.776847393427252,0.994576700655528
16,25,1.6e+08,160000025,FALSE,FALSE,FALSE,0,"intercept",-1,-1.04955533312781,0.00718004656755274,0.9,-1.19215055336374,-0.916449534835214
16,25,1.6e+08,160000025,FALSE,FALSE,FALSE,0,"X1_groups",1,0.967663041673603,0.00289722436334724,0.9,0.880502229401914,1.05388771540028
16,25,1.6e+08,160000025,FALSE,FALSE,FALSE,0,"X2_dist",1,0.982937170028803,0.00546065953814462,0.9,0.864015550004104,1.09276953122859
16,25,1.6e+08,160000025,FALSE,FALSE,FALSE,0,"X3_norm",1,0.987052120836259,0.0033838891066354,0.9,0.899957308073962,1.08413951261294
16,25,1.6e+08,160000025,FALSE,FALSE,FALSE,0,"X4_row",1,0.949905610646534,0.00409402499459738,0.9,0.845584494926197,1.0506637475047
16,25,1.6e+08,160000025,FALSE,TRUE,FALSE,0,"intercept",-1,-0.745796431382849,0.00469886980992225,0.9,-0.857672001178697,-0.634476362386724
16,25,1.6e+08,160000025,FALSE,TRUE,FALSE,0,"X1_groups",1,0.633752212075821,0.00164604082108777,0.9,0.569461735647964,0.702343869185583
16,25,1.6e+08,160000025,FALSE,TRUE,FALSE,0,"X2_dist",1,0.671756926327519,0.00339170217777465,0.9,0.577669804596396,0.765690411690339
16,25,1.6e+08,160000025,FALSE,TRUE,FALSE,0,"X3_norm",1,0.599659418418808,0.00158085800423007,0.9,0.534592629591041,0.664986092211482
16,25,1.6e+08,160000025,FALSE,TRUE,FALSE,0,"X4_row",1,0.551039515182587,0.00248025924018756,0.9,0.465297452301263,0.625820666091141
16,25,1.6e+08,160000025,FALSE,FALSE,FALSE,1,"intercept",-1,-1.10599213246437,0.00786697079357832,0.9,-1.25890078149488,-0.978984784075507
16,25,1.6e+08,160000025,FALSE,FALSE,FALSE,1,"X1_groups",1,1.01812648315286,0.00367607285162857,0.9,0.923276485890761,1.12134634649166
16,25,1.6e+08,160000025,FALSE,FALSE,FALSE,1,"X2_dist",1,1.03057291518235,0.00635457816216526,0.9,0.90065642887455,1.17078461007998
16,25,1.6e+08,160000025,FALSE,FALSE,FALSE,1,"X3_norm",1,1.03339944966951,0.003601763397344,0.9,0.932798699047833,1.12863992264265
16,25,1.6e+08,160000025,FALSE,FALSE,FALSE,1,"X4_row",1,1.00131850999295,0.00463856142532248,0.9,0.892233213092106,1.10875034239878
16,25,1.6e+08,160000025,FALSE,FALSE,FALSE,2,"intercept",-1,-1.16178117672768,0.00974196221475498,0.9,-1.32318359178661,-0.996192655338361
16,25,1.6e+08,160000025,FALSE,FALSE,FALSE,2,"X1_groups",1,1.06236396489773,0.00477307980589598,0.9,0.944883086813168,1.17322824957636
16,25,1.6e+08,160000025,FALSE,FALSE,FALSE,2,"X2_dist",1,1.07707645110972,0.00802016156995034,0.9,0.926572324468557,1.21994882919186
16,25,1.6e+08,160000025,FALSE,FALSE,FALSE,2,"X3_norm",1,1.07365191545301,0.0050950897321547,0.9,0.964730566525968,1.18705739384777
16,25,1.6e+08,160000025,FALSE,FALSE,FALSE,2,"X4_row",1,1.04222311947512,0.00555986168134439,0.9,0.935090680743647,1.17075469375221
16,25,1.6e+08,160000025,FALSE,TRUE,FALSE,1,"intercept",-1,-0.907124076489779,0.00618357067256788,0.9,-1.04194299293147,-0.782767535149479
16,25,1.6e+08,160000025,FALSE,TRUE,FALSE,1,"X1_groups",1,0.809739915432196,0.00244942653238218,0.9,0.728683033914952,0.889744293667837
16,25,1.6e+08,160000025,FALSE,TRUE,FALSE,1,"X2_dist",1,0.832631212638567,0.0052148379319132,0.9,0.714982631114146,0.959573469656478
16,25,1.6e+08,160000025,FALSE,TRUE,FALSE,1,"X3_norm",1,0.759622324926938,0.0024559166314056,0.9,0.680427376447176,0.844353442271108
16,25,1.6e+08,160000025,FALSE,TRUE,FALSE,1,"X4_row",1,0.770127172041846,0.00365052475102635,0.9,0.669713482325553,0.868463871370435
16,25,1.6e+08,160000025,FALSE,TRUE,FALSE,2,"intercept",-1,-1.09308233306455,0.00973987208820109,0.9,-1.24204992519843,-0.932525153359966
16,25,1.6e+08,160000025,FALSE,TRUE,FALSE,2,"X1_groups",1,1.00549344885152,0.00522848322893985,0.9,0.885715528602539,1.12483064464166
16,25,1.6e+08,160000025,FALSE,TRUE,FALSE,2,"X2_dist",1,1.0099398632752,0.00840659107427531,0.9,0.864066334436062,1.16458325561529
16,25,1.6e+08,160000025,FALSE,TRUE,FALSE,2,"X3_norm",1,0.927409772408057,0.00438421994638346,0.9,0.821668763462624,1.04334930599775
16,25,1.6e+08,160000025,FALSE,TRUE,FALSE,2,"X4_row",1,0.952992691560666,0.00557747252464813,0.9,0.839739970649722,1.08799194078003
16,26,1.6e+08,160000026,FALSE,FALSE,FALSE,0,"intercept",-1,-1.09941904517807,0.00784964872280209,0.9,-1.25064078379907,-0.950071918293882
16,26,1.6e+08,160000026,FALSE,FALSE,FALSE,0,"X1_groups",1,1.08527597709601,0.00382652674198287,0.9,0.990056048160392,1.19062124244126
16,26,1.6e+08,160000026,FALSE,FALSE,FALSE,0,"X2_dist",1,1.10775158402865,0.0061270650371277,0.9,0.985510670844704,1.23370001137548
16,26,1.6e+08,160000026,FALSE,FALSE,FALSE,0,"X3_norm",1,1.20209593596951,0.00445493826187846,0.9,1.09281924349319,1.31191248896715
16,26,1.6e+08,160000026,FALSE,FALSE,FALSE,0,"X4_row",1,1.07014765340643,0.00526945221129777,0.9,0.948950288771893,1.18277256880464
16,26,1.6e+08,160000026,FALSE,TRUE,FALSE,0,"intercept",-1,-0.781415277735614,0.00477767159008886,0.9,-0.896643615645919,-0.668613168020705
16,26,1.6e+08,160000026,FALSE,TRUE,FALSE,0,"X1_groups",1,0.603618678383873,0.00147852435331522,0.9,0.542211626658159,0.674834331587401
16,26,1.6e+08,160000026,FALSE,TRUE,FALSE,0,"X2_dist",1,0.754779874285728,0.00383848868400135,0.9,0.65524744737966,0.856905193481798
16,26,1.6e+08,160000026,FALSE,TRUE,FALSE,0,"X3_norm",1,0.673156960179254,0.00187565333165963,0.9,0.602396543242595,0.74902339194015
16,26,1.6e+08,160000026,FALSE,TRUE,FALSE,0,"X4_row",1,0.607403715736606,0.00235609568660143,0.9,0.52649421981783,0.688246425582794
16,26,1.6e+08,160000026,FALSE,FALSE,FALSE,1,"intercept",-1,-1.13499010885188,0.00786658799921031,0.9,-1.27839887212461,-0.995103637899831
16,26,1.6e+08,160000026,FALSE,FALSE,FALSE,1,"X1_groups",1,1.12052981065794,0.00377688138894569,0.9,1.02515067598303,1.22561700504403
16,26,1.6e+08,160000026,FALSE,FALSE,FALSE,1,"X2_dist",1,1.13885571971355,0.00626991936902671,0.9,1.01957274394031,1.27906543705271
16,26,1.6e+08,160000026,FALSE,FALSE,FALSE,1,"X3_norm",1,1.2349315273548,0.00466182621092269,0.9,1.11574622971751,1.34871117826939
16,26,1.6e+08,160000026,FALSE,FALSE,FALSE,1,"X4_row",1,1.10003449026709,0.00500970800604868,0.9,0.97401115114162,1.21183937875572
16,26,1.6e+08,160000026,FALSE,FALSE,FALSE,2,"intercept",-1,-1.1723608715811,0.00889764487537492,0.9,-1.32249083435387,-1.02563670687876
16,26,1.6e+08,160000026,FALSE,FALSE,FALSE,2,"X1_groups",1,1.14773933024733,0.00453431679307909,0.9,1.03764857681907,1.25388055211074
16,26,1.6e+08,160000026,FALSE,FALSE,FALSE,2,"X2_dist",1,1.17573345526345,0.00776107414024897,0.9,1.03546336539257,1.31891586876946
16,26,1.6e+08,160000026,FALSE,FALSE,FALSE,2,"X3_norm",1,1.27410231101245,0.00530347791747067,0.9,1.15916827235427,1.39226839783563
16,26,1.6e+08,160000026,FALSE,FALSE,FALSE,2,"X4_row",1,1.13224358821265,0.00564385515363389,0.9,1.02300879549904,1.26954911630532
16,26,1.6e+08,160000026,FALSE,TRUE,FALSE,1,"intercept",-1,-0.950648409815211,0.00618133591485608,0.9,-1.07276490144289,-0.820755327679738
16,26,1.6e+08,160000026,FALSE,TRUE,FALSE,1,"X1_groups",1,0.755075205607827,0.00225811316140338,0.9,0.675555217720329,0.824467918923815
16,26,1.6e+08,160000026,FALSE,TRUE,FALSE,1,"X2_dist",1,0.918516129086708,0.00554604199050911,0.9,0.798858904117293,1.03886931680514
16,26,1.6e+08,160000026,FALSE,TRUE,FALSE,1,"X3_norm",1,0.839727111325183,0.00281010059714044,0.9,0.756558219134022,0.920803928284222
16,26,1.6e+08,160000026,FALSE,TRUE,FALSE,1,"X4_row",1,0.780361718960585,0.00323878073183334,0.9,0.685030954382967,0.87286313391417
16,26,1.6e+08,160000026,FALSE,TRUE,FALSE,2,"intercept",-1,-1.13706136874685,0.0090099634920924,0.9,-1.29124676543785,-0.976965312203828
16,26,1.6e+08,160000026,FALSE,TRUE,FALSE,2,"X1_groups",1,0.943692856428975,0.00419591179979957,0.9,0.839917644362964,1.05295135352595
16,26,1.6e+08,160000026,FALSE,TRUE,FALSE,2,"X2_dist",1,1.13165123080109,0.00775409758912303,0.9,0.98466932795248,1.28453020590247
16,26,1.6e+08,160000026,FALSE,TRUE,FALSE,2,"X3_norm",1,1.03205820431835,0.00527423784186597,0.9,0.924798829732756,1.15188708166254
16,26,1.6e+08,160000026,FALSE,TRUE,FALSE,2,"X4_row",1,0.997824679533584,0.00600130447940577,0.9,0.876127798914779,1.13296023775227
16,27,1.6e+08,160000027,FALSE,FALSE,FALSE,0,"intercept",-1,-1.02705977180126,0.00704632905934077,0.9,-1.168813202189,-0.885259519070729
16,27,1.6e+08,160000027,FALSE,FALSE,FALSE,0,"X1_groups",1,0.973888510315548,0.00288960090939079,0.9,0.891964012478184,1.0603125169289
16,27,1.6e+08,160000027,FALSE,FALSE,FALSE,0,"X2_dist",1,1.03796716910089,0.00527035365048996,0.9,0.915324056953312,1.16329948734031
16,27,1.6e+08,160000027,FALSE,FALSE,FALSE,0,"X3_norm",1,0.916573746540319,0.00327720555865853,0.9,0.82397185028768,1.01922124952465
16,27,1.6e+08,160000027,FALSE,FALSE,FALSE,0,"X4_row",1,0.979863153098015,0.00368443470273814,0.9,0.884525842735911,1.08457666265351
16,27,1.6e+08,160000027,FALSE,TRUE,FALSE,0,"intercept",-1,-0.68040112113555,0.00432129649835306,0.9,-0.79318910815063,-0.577452377736371
16,27,1.6e+08,160000027,FALSE,TRUE,FALSE,0,"X1_groups",1,0.581028278651168,0.00140251898527378,0.9,0.516901729645409,0.642786880034727
16,27,1.6e+08,160000027,FALSE,TRUE,FALSE,0,"X2_dist",1,0.678588451595405,0.0031542007337507,0.9,0.587514483510813,0.772861080263055
16,27,1.6e+08,160000027,FALSE,TRUE,FALSE,0,"X3_norm",1,0.572959560278996,0.00159481523403365,0.9,0.504329752440266,0.64198659310135
16,27,1.6e+08,160000027,FALSE,TRUE,FALSE,0,"X4_row",1,0.605376183522411,0.002375474117768,0.9,0.522580976065711,0.689172726315132
16,27,1.6e+08,160000027,FALSE,FALSE,FALSE,1,"intercept",-1,-1.06991174803115,0.00767330275823217,0.9,-1.21621447888442,-0.926357515351532
16,27,1.6e+08,160000027,FALSE,FALSE,FALSE,1,"X1_groups",1,1.01274210242399,0.00352147035864626,0.9,0.918246536139141,1.10954845839182
16,27,1.6e+08,160000027,FALSE,FALSE,FALSE,1,"X2_dist",1,1.07884247242509,0.00650686100452204,0.9,0.941544190775888,1.21644905167788
16,27,1.6e+08,160000027,FALSE,FALSE,FALSE,1,"X3_norm",1,0.949061370200198,0.00363739844952482,0.9,0.853605362767892,1.0472160752484
16,27,1.6e+08,160000027,FALSE,FALSE,FALSE,1,"X4_row",1,1.0195598693549,0.00459488286384954,0.9,0.904542695694913,1.13178478383616
16,27,1.6e+08,160000027,FALSE,FALSE,FALSE,2,"intercept",-1,-1.11403820660714,0.00897064196449387,0.9,-1.2694021669552,-0.966903297013032
16,27,1.6e+08,160000027,FALSE,FALSE,FALSE,2,"X1_groups",1,1.04832122913777,0.00430617177882029,0.9,0.93845547473403,1.16032683081213
16,27,1.6e+08,160000027,FALSE,FALSE,FALSE,2,"X2_dist",1,1.12371111044987,0.00780907752896706,0.9,0.978055261591734,1.28066471069931
16,27,1.6e+08,160000027,FALSE,FALSE,FALSE,2,"X3_norm",1,0.984938235696481,0.00419090444400151,0.9,0.882300149772094,1.09429919932839
16,27,1.6e+08,160000027,FALSE,FALSE,FALSE,2,"X4_row",1,1.05547637894884,0.00544511046009238,0.9,0.940687963890428,1.18322008027266
16,27,1.6e+08,160000027,FALSE,TRUE,FALSE,1,"intercept",-1,-0.830699628395696,0.00562234651540216,0.9,-0.950319790817391,-0.70985288428522
16,27,1.6e+08,160000027,FALSE,TRUE,FALSE,1,"X1_groups",1,0.71959809207361,0.00208474643811922,0.9,0.645107196143069,0.791462558855091
16,27,1.6e+08,160000027,FALSE,TRUE,FALSE,1,"X2_dist",1,0.826286874408236,0.00454077324589724,0.9,0.721476087095024,0.948106001344045
16,27,1.6e+08,160000027,FALSE,TRUE,FALSE,1,"X3_norm",1,0.712319441976386,0.00264519824297825,0.9,0.623345864751923,0.796832990863486
16,27,1.6e+08,160000027,FALSE,TRUE,FALSE,1,"X4_row",1,0.781089036654518,0.00326172214658439,0.9,0.698436310314577,0.8834491962933
16,27,1.6e+08,160000027,FALSE,TRUE,FALSE,2,"intercept",-1,-1.02728559497744,0.0098952957275469,0.9,-1.18505539640499,-0.857313849190597
16,27,1.6e+08,160000027,FALSE,TRUE,FALSE,2,"X1_groups",1,0.930021316268298,0.00464615080041527,0.9,0.821338896291404,1.04338736521953
16,27,1.6e+08,160000027,FALSE,TRUE,FALSE,2,"X2_dist",1,1.03109521431531,0.00894337239847362,0.9,0.869255074080864,1.1840630357367
16,27,1.6e+08,160000027,FALSE,TRUE,FALSE,2,"X3_norm",1,0.866319655239774,0.00380736266347987,0.9,0.765915971400122,0.96621736122073
16,27,1.6e+08,160000027,FALSE,TRUE,FALSE,2,"X4_row",1,0.981971804173537,0.0049699110109267,0.9,0.873310516597126,1.10082564223618
16,28,1.6e+08,160000028,FALSE,FALSE,FALSE,0,"intercept",-1,-1.04135793419029,0.00735652276810461,0.9,-1.18568623550355,-0.911893492451409
16,28,1.6e+08,160000028,FALSE,FALSE,FALSE,0,"X1_groups",1,1.03237789137376,0.00314163697997554,0.9,0.94687061695107,1.12770382746819
16,28,1.6e+08,160000028,FALSE,FALSE,FALSE,0,"X2_dist",1,1.03398950586867,0.00615921501396149,0.9,0.912789055225531,1.16822734642084
16,28,1.6e+08,160000028,FALSE,FALSE,FALSE,0,"X3_norm",1,0.971033187552032,0.00317639577287675,0.9,0.882580315242548,1.06557489627712
16,28,1.6e+08,160000028,FALSE,FALSE,FALSE,0,"X4_row",1,0.982183313098801,0.00433977098205541,0.9,0.871968922096438,1.09461647774875
16,28,1.6e+08,160000028,FALSE,TRUE,FALSE,0,"intercept",-1,-0.64698068462951,0.00477118037240293,0.9,-0.757053032308264,-0.535594490625858
16,28,1.6e+08,160000028,FALSE,TRUE,FALSE,0,"X1_groups",1,0.638723175601835,0.00144358634539538,0.9,0.577745945345499,0.702883783930572
16,28,1.6e+08,160000028,FALSE,TRUE,FALSE,0,"X2_dist",1,0.654748167117507,0.00369357527530067,0.9,0.559818537090868,0.757326006299116
16,28,1.6e+08,160000028,FALSE,TRUE,FALSE,0,"X3_norm",1,0.60686625971523,0.00158570562206182,0.9,0.543925462632003,0.671495581652347
16,28,1.6e+08,160000028,FALSE,TRUE,FALSE,0,"X4_row",1,0.540486687200352,0.00227022910639231,0.9,0.456796583533616,0.613744600614679
16,28,1.6e+08,160000028,FALSE,FALSE,FALSE,1,"intercept",-1,-1.08901765466541,0.00732336777674803,0.9,-1.21984806743239,-0.949359244201312
16,28,1.6e+08,160000028,FALSE,FALSE,FALSE,1,"X1_groups",1,1.07911540405082,0.00355550330463781,0.9,0.984995464697437,1.18150296086234
16,28,1.6e+08,160000028,FALSE,FALSE,FALSE,1,"X2_dist",1,1.07638024440666,0.00612203899255282,0.9,0.95121528837776,1.20391337168416
16,28,1.6e+08,160000028,FALSE,FALSE,FALSE,1,"X3_norm",1,1.01017278418466,0.0037285901089802,0.9,0.913351800926589,1.10894850430562
16,28,1.6e+08,160000028,FALSE,FALSE,FALSE,1,"X4_row",1,1.02737469611356,0.00486386064347807,0.9,0.905822856650838,1.14330379582169
16,28,1.6e+08,160000028,FALSE,FALSE,FALSE,2,"intercept",-1,-1.1260078421252,0.00836509198369028,0.9,-1.28495882159529,-0.980435195181713
16,28,1.6e+08,160000028,FALSE,FALSE,FALSE,2,"X1_groups",1,1.10581575046984,0.00421852358895605,0.9,1.00084450327434,1.21536894604007
16,28,1.6e+08,160000028,FALSE,FALSE,FALSE,2,"X2_dist",1,1.11071531659296,0.00703437194705264,0.9,0.97649156588378,1.24344234238566
16,28,1.6e+08,160000028,FALSE,FALSE,FALSE,2,"X3_norm",1,1.03961496279496,0.00413105273949576,0.9,0.94063537254892,1.14523886018982
16,28,1.6e+08,160000028,FALSE,FALSE,FALSE,2,"X4_row",1,1.06093900774287,0.00561675388289593,0.9,0.93840843340912,1.18752569956876
16,28,1.6e+08,160000028,FALSE,TRUE,FALSE,1,"intercept",-1,-0.820820976502117,0.00616852850383748,0.9,-0.942654036637301,-0.693450889116568
16,28,1.6e+08,160000028,FALSE,TRUE,FALSE,1,"X1_groups",1,0.848250228818886,0.00246756309697662,0.9,0.764424797395852,0.929511758508942
16,28,1.6e+08,160000028,FALSE,TRUE,FALSE,1,"X2_dist",1,0.838906327509099,0.00498676302698275,0.9,0.728719944044755,0.96650867116735
16,28,1.6e+08,160000028,FALSE,TRUE,FALSE,1,"X3_norm",1,0.786538652104276,0.00245482258944305,0.9,0.707674179486774,0.867203693491248
16,28,1.6e+08,160000028,FALSE,TRUE,FALSE,1,"X4_row",1,0.744321965297393,0.00332193993695825,0.9,0.651636718478001,0.838312889042528
16,28,1.6e+08,160000028,FALSE,TRUE,FALSE,2,"intercept",-1,-1.05875422313175,0.0103029347620017,0.9,-1.22759565865705,-0.90507928824215
16,28,1.6e+08,160000028,FALSE,TRUE,FALSE,2,"X1_groups",1,1.09998488517033,0.00596533047244018,0.9,0.975105589455872,1.23078247345568
16,28,1.6e+08,160000028,FALSE,TRUE,FALSE,2,"X2_dist",1,1.11486113097954,0.00955173799989448,0.9,0.959902272779129,1.27625005701572
16,28,1.6e+08,160000028,FALSE,TRUE,FALSE,2,"X3_norm",1,1.05129843788473,0.0055735465259621,0.9,0.935796118220565,1.1669211620742
16,28,1.6e+08,160000028,FALSE,TRUE,FALSE,2,"X4_row",1,0.959137331505097,0.00597799532229061,0.9,0.836277420274654,1.08420620153531
16,29,1.6e+08,160000029,FALSE,FALSE,FALSE,0,"intercept",-1,-1.05487415145509,0.00692417939967964,0.9,-1.1788997993652,-0.919125544658635
16,29,1.6e+08,160000029,FALSE,FALSE,FALSE,0,"X1_groups",1,0.941980232323152,0.00273339097563374,0.9,0.857758099084717,1.02910170629551
16,29,1.6e+08,160000029,FALSE,FALSE,FALSE,0,"X2_dist",1,1.00989147775266,0.00547360965657944,0.9,0.889935621694896,1.12130875161851
16,29,1.6e+08,160000029,FALSE,FALSE,FALSE,0,"X3_norm",1,0.960593773791202,0.00309833726830758,0.9,0.876840018759373,1.04842761967095
16,29,1.6e+08,160000029,FALSE,FALSE,FALSE,0,"X4_row",1,1.02467275308116,0.00466690235984321,0.9,0.907602597145399,1.13770580200487
16,29,1.6e+08,160000029,FALSE,TRUE,FALSE,0,"intercept",-1,-0.781533319564461,0.00465565462513634,0.9,-0.894744219145937,-0.671269129662805
16,29,1.6e+08,160000029,FALSE,TRUE,FALSE,0,"X1_groups",1,0.558871599182914,0.00132644750176406,0.9,0.500923469827462,0.620356447470755
16,29,1.6e+08,160000029,FALSE,TRUE,FALSE,0,"X2_dist",1,0.69808536307271,0.00367704045669284,0.9,0.597958727556428,0.793084067318596
16,29,1.6e+08,160000029,FALSE,TRUE,FALSE,0,"X3_norm",1,0.585694641907056,0.00156307052827799,0.9,0.520788269178461,0.650146800281673
16,29,1.6e+08,160000029,FALSE,TRUE,FALSE,0,"X4_row",1,0.564999071720618,0.00218015273195265,0.9,0.480374424651711,0.63662100826102
16,29,1.6e+08,160000029,FALSE,FALSE,FALSE,1,"intercept",-1,-1.08385450693827,0.00699048878934965,0.9,-1.2179251838322,-0.947574775236453
16,29,1.6e+08,160000029,FALSE,FALSE,FALSE,1,"X1_groups",1,0.97193092342882,0.00311729828820128,0.9,0.879079166283388,1.05396271658504
16,29,1.6e+08,160000029,FALSE,FALSE,FALSE,1,"X2_dist",1,1.03132602195065,0.00567527661751928,0.9,0.906800925269733,1.15155615769766
16,29,1.6e+08,160000029,FALSE,FALSE,FALSE,1,"X3_norm",1,0.987218682076717,0.00346736763337204,0.9,0.896268731049869,1.08763605238943
16,29,1.6e+08,160000029,FALSE,FALSE,FALSE,1,"X4_row",1,1.05576822704083,0.00458401599359816,0.9,0.955160919032989,1.17160224586624
16,29,1.6e+08,160000029,FALSE,FALSE,FALSE,2,"intercept",-1,-1.12091834560954,0.00798554828934017,0.9,-1.27233342488924,-0.973469298840043
16,29,1.6e+08,160000029,FALSE,FALSE,FALSE,2,"X1_groups",1,0.996460111120079,0.00352394279879679,0.9,0.893506251891203,1.08248758564004
16,29,1.6e+08,160000029,FALSE,FALSE,FALSE,2,"X2_dist",1,1.06407504539992,0.00685850481047315,0.9,0.933643009043386,1.20716341023937
16,29,1.6e+08,160000029,FALSE,FALSE,FALSE,2,"X3_norm",1,1.0129925746608,0.00394035415707064,0.9,0.909973927144836,1.11867169799982
16,29,1.6e+08,160000029,FALSE,FALSE,FALSE,2,"X4_row",1,1.08573694959988,0.0047466475058429,0.9,0.971638887652246,1.20290620134353
16,29,1.6e+08,160000029,FALSE,TRUE,FALSE,1,"intercept",-1,-0.964331892483171,0.00615872083477738,0.9,-1.0972292179727,-0.836118967191048
16,29,1.6e+08,160000029,FALSE,TRUE,FALSE,1,"X1_groups",1,0.70805966759661,0.00232259573450944,0.9,0.637890625344979,0.787168842973829
16,29,1.6e+08,160000029,FALSE,TRUE,FALSE,1,"X2_dist",1,0.864455789285077,0.00489932597833155,0.9,0.752767161472496,0.983861952121801
16,29,1.6e+08,160000029,FALSE,TRUE,FALSE,1,"X3_norm",1,0.74307123675062,0.00262928658201085,0.9,0.659327294984596,0.824702641120232
16,29,1.6e+08,160000029,FALSE,TRUE,FALSE,1,"X4_row",1,0.733475257362277,0.00326997176382049,0.9,0.638357098798827,0.823491048439677
16,29,1.6e+08,160000029,FALSE,TRUE,FALSE,2,"intercept",-1,-1.17033416300739,0.0100050980268493,0.9,-1.35997130881081,-1.02274504402305
16,29,1.6e+08,160000029,FALSE,TRUE,FALSE,2,"X1_groups",1,0.923305600240941,0.00444820231762448,0.9,0.819160616847358,1.03249802458892
16,29,1.6e+08,160000029,FALSE,TRUE,FALSE,2,"X2_dist",1,1.05510149661852,0.00791467927584394,0.9,0.915229754332458,1.20967818294443
16,29,1.6e+08,160000029,FALSE,TRUE,FALSE,2,"X3_norm",1,0.935089684910531,0.00462404394735993,0.9,0.825966329135733,1.05510770876767
16,29,1.6e+08,160000029,FALSE,TRUE,FALSE,2,"X4_row",1,0.921435452985289,0.00505178696011392,0.9,0.813988607178786,1.05269199977261
16,30,1.6e+08,160000030,FALSE,FALSE,FALSE,0,"intercept",-1,-0.909258646914895,0.0071677762304465,0.9,-1.04236753641481,-0.777471955372556
16,30,1.6e+08,160000030,FALSE,FALSE,FALSE,0,"X1_groups",1,0.976487018942456,0.00298892424925163,0.9,0.891066412323947,1.07311981737576
16,30,1.6e+08,160000030,FALSE,FALSE,FALSE,0,"X2_dist",1,0.954964027659756,0.00591107073330946,0.9,0.837581649086886,1.07497522179169
16,30,1.6e+08,160000030,FALSE,FALSE,FALSE,0,"X3_norm",1,1.05352916284627,0.00350945518277434,0.9,0.955900815078964,1.14777786108007
16,30,1.6e+08,160000030,FALSE,FALSE,FALSE,0,"X4_row",1,1.0254173674252,0.0043732920890865,0.9,0.909062759018811,1.1356400219385
16,30,1.6e+08,160000030,FALSE,TRUE,FALSE,0,"intercept",-1,-0.563838992731304,0.0042182123078032,0.9,-0.664405506230814,-0.457568123182582
16,30,1.6e+08,160000030,FALSE,TRUE,FALSE,0,"X1_groups",1,0.529565015065617,0.00139396879538429,0.9,0.468616994243631,0.589955991369566
16,30,1.6e+08,160000030,FALSE,TRUE,FALSE,0,"X2_dist",1,0.549350779834516,0.00325510978621581,0.9,0.449130048524543,0.637439423361043
16,30,1.6e+08,160000030,FALSE,TRUE,FALSE,0,"X3_norm",1,0.599578849935504,0.00154619874411223,0.9,0.533549034976067,0.66164437936544
16,30,1.6e+08,160000030,FALSE,TRUE,FALSE,0,"X4_row",1,0.571687353440572,0.0020148077653971,0.9,0.496930252126519,0.645443030549692
16,30,1.6e+08,160000030,FALSE,FALSE,FALSE,1,"intercept",-1,-0.950381055104412,0.00737572791206095,0.9,-1.09369893793704,-0.814394486401238
16,30,1.6e+08,160000030,FALSE,FALSE,FALSE,1,"X1_groups",1,1.02672908410498,0.00356409725109762,0.9,0.93143124110539,1.12986296898407
16,30,1.6e+08,160000030,FALSE,FALSE,FALSE,1,"X2_dist",1,0.994523030127054,0.00635518913011974,0.9,0.870544159127531,1.1362293250969
16,30,1.6e+08,160000030,FALSE,FALSE,FALSE,1,"X3_norm",1,1.09801929569673,0.00407114532438147,0.9,0.993354234931838,1.19907517271737
16,30,1.6e+08,160000030,FALSE,FALSE,FALSE,1,"X4_row",1,1.07668609585033,0.00465497005876097,0.9,0.962273667421906,1.19273142446064
16,30,1.6e+08,160000030,FALSE,FALSE,FALSE,2,"intercept",-1,-0.986034050158679,0.00869513506156609,0.9,-1.14873053632633,-0.84669075581434
16,30,1.6e+08,160000030,FALSE,FALSE,FALSE,2,"X1_groups",1,1.05354650429975,0.00456662622539964,0.9,0.947991441134369,1.1646626005096
16,30,1.6e+08,160000030,FALSE,FALSE,FALSE,2,"X2_dist",1,1.0260108672362,0.00749701847495243,0.9,0.88732443580294,1.1627121786176
16,30,1.6e+08,160000030,FALSE,FALSE,FALSE,2,"X3_norm",1,1.12171396776043,0.00485915909710336,0.9,1.00986829637369,1.2434946832034
16,30,1.6e+08,160000030,FALSE,FALSE,FALSE,2,"X4_row",1,1.1015204981473,0.00518470536316866,0.9,0.991292109776758,1.22330592765979
16,30,1.6e+08,160000030,FALSE,TRUE,FALSE,1,"intercept",-1,-0.676372299973773,0.00510309853097163,0.9,-0.80300867228368,-0.561640903364853
16,30,1.6e+08,160000030,FALSE,TRUE,FALSE,1,"X1_groups",1,0.670314027439142,0.00199679049697212,0.9,0.601478791413707,0.741347674764321
16,30,1.6e+08,160000030,FALSE,TRUE,FALSE,1,"X2_dist",1,0.657812583957354,0.00445399409346639,0.9,0.555627100980177,0.768973815733838
16,30,1.6e+08,160000030,FALSE,TRUE,FALSE,1,"X3_norm",1,0.733967937220487,0.00229772810690745,0.9,0.654853866861903,0.817566766259862
16,30,1.6e+08,160000030,FALSE,TRUE,FALSE,1,"X4_row",1,0.725919176442546,0.00339554352422243,0.9,0.632420493779428,0.821829590243947
16,30,1.6e+08,160000030,FALSE,TRUE,FALSE,2,"intercept",-1,-0.914208555776459,0.00917008015699457,0.9,-1.06941062452121,-0.767436636505991
16,30,1.6e+08,160000030,FALSE,TRUE,FALSE,2,"X1_groups",1,0.927678367633359,0.00463140088647109,0.9,0.819391052385741,1.04499688869962
16,30,1.6e+08,160000030,FALSE,TRUE,FALSE,2,"X2_dist",1,0.910375493606664,0.00805477613992025,0.9,0.76737959822382,1.0568655268043
16,30,1.6e+08,160000030,FALSE,TRUE,FALSE,2,"X3_norm",1,1.00767910739146,0.00508220960589716,0.9,0.898668944271731,1.12532078804274
16,30,1.6e+08,160000030,FALSE,TRUE,FALSE,2,"X4_row",1,0.992785685880211,0.00582067258042408,0.9,0.870959242972535,1.11567707686848
16,31,1.6e+08,160000031,FALSE,FALSE,FALSE,0,"intercept",-1,-0.935942175872557,0.00694376581151566,0.9,-1.07161626418281,-0.810631922157662
16,31,1.6e+08,160000031,FALSE,FALSE,FALSE,0,"X1_groups",1,1.00664276812995,0.00277611023976426,0.9,0.920608272298813,1.09009031271324
16,31,1.6e+08,160000031,FALSE,FALSE,FALSE,0,"X2_dist",1,0.964720078401512,0.00561385674489174,0.9,0.839432495553928,1.07829086570885
16,31,1.6e+08,160000031,FALSE,FALSE,FALSE,0,"X3_norm",1,0.93626729129389,0.00304158247518588,0.9,0.843204262183611,1.03129359299569
16,31,1.6e+08,160000031,FALSE,FALSE,FALSE,0,"X4_row",1,1.03100621916853,0.00447887867854696,0.9,0.920162247113024,1.13983512289528
16,31,1.6e+08,160000031,FALSE,TRUE,FALSE,0,"intercept",-1,-0.647954681736256,0.00448788677974764,0.9,-0.760096925865084,-0.544680145404283
16,31,1.6e+08,160000031,FALSE,TRUE,FALSE,0,"X1_groups",1,0.613087601287802,0.00147170639145406,0.9,0.551904636894814,0.675008920325482
16,31,1.6e+08,160000031,FALSE,TRUE,FALSE,0,"X2_dist",1,0.601884151347672,0.00331510165780493,0.9,0.513109651822149,0.695880719850604
16,31,1.6e+08,160000031,FALSE,TRUE,FALSE,0,"X3_norm",1,0.616868066587972,0.00177769953164523,0.9,0.547988530553621,0.689023139842532
16,31,1.6e+08,160000031,FALSE,TRUE,FALSE,0,"X4_row",1,0.587060869327063,0.00238909314767,0.9,0.502778739411708,0.670093560452895
16,31,1.6e+08,160000031,FALSE,FALSE,FALSE,1,"intercept",-1,-1.0049322512106,0.00821679559508941,0.9,-1.15113912103576,-0.855033386654687
16,31,1.6e+08,160000031,FALSE,FALSE,FALSE,1,"X1_groups",1,1.07500859567818,0.00422284980117256,0.9,0.970651518604959,1.18980705779351
16,31,1.6e+08,160000031,FALSE,FALSE,FALSE,1,"X2_dist",1,1.02976604234308,0.00668626660078223,0.9,0.899089949900408,1.17666690240733
16,31,1.6e+08,160000031,FALSE,FALSE,FALSE,1,"X3_norm",1,0.991093220461646,0.00436033146594668,0.9,0.887584873338355,1.10062150483643
16,31,1.6e+08,160000031,FALSE,FALSE,FALSE,1,"X4_row",1,1.10330890306142,0.00565388581964976,0.9,0.985264745326151,1.22757483074046
16,31,1.6e+08,160000031,FALSE,FALSE,FALSE,2,"intercept",-1,-1.0476743439285,0.00874600218073491,0.9,-1.21071016995167,-0.894336284252265
16,31,1.6e+08,160000031,FALSE,FALSE,FALSE,2,"X1_groups",1,1.111890763846,0.00535752502800558,0.9,0.990180118204328,1.2278231956072
16,31,1.6e+08,160000031,FALSE,FALSE,FALSE,2,"X2_dist",1,1.07080249814836,0.00748205703629176,0.9,0.940402401101258,1.21825491703224
16,31,1.6e+08,160000031,FALSE,FALSE,FALSE,2,"X3_norm",1,1.02440862119991,0.00452395903976054,0.9,0.91796470320572,1.12970923095158
16,31,1.6e+08,160000031,FALSE,FALSE,FALSE,2,"X4_row",1,1.14335969431539,0.00582808556759879,0.9,1.01882774207928,1.27172659960447
16,31,1.6e+08,160000031,FALSE,TRUE,FALSE,1,"intercept",-1,-0.830526965749571,0.00614124098422488,0.9,-0.966812571677398,-0.709913449188997
16,31,1.6e+08,160000031,FALSE,TRUE,FALSE,1,"X1_groups",1,0.801589406632176,0.00231855758423023,0.9,0.725300030009559,0.871489649886201
16,31,1.6e+08,160000031,FALSE,TRUE,FALSE,1,"X2_dist",1,0.785361668786637,0.00496640863993667,0.9,0.68157297335554,0.906535655581584
16,31,1.6e+08,160000031,FALSE,TRUE,FALSE,1,"X3_norm",1,0.807978299840772,0.00289281113175825,0.9,0.722802595116972,0.892637261676622
16,31,1.6e+08,160000031,FALSE,TRUE,FALSE,1,"X4_row",1,0.779186667751013,0.00342780182647929,0.9,0.686485071506786,0.874688117900041
16,31,1.6e+08,160000031,FALSE,TRUE,FALSE,2,"intercept",-1,-0.988243970560605,0.00981868962275476,0.9,-1.15646667379746,-0.83438892328625
16,31,1.6e+08,160000031,FALSE,TRUE,FALSE,2,"X1_groups",1,0.980948004076116,0.00476363595582515,0.9,0.864657221033854,1.09036684196509
16,31,1.6e+08,160000031,FALSE,TRUE,FALSE,2,"X2_dist",1,0.922985116761909,0.0081692136686682,0.9,0.779380184640806,1.08091447293247
16,31,1.6e+08,160000031,FALSE,TRUE,FALSE,2,"X3_norm",1,0.962774771418644,0.00450997477492559,0.9,0.854191448781679,1.0816234305465
16,31,1.6e+08,160000031,FALSE,TRUE,FALSE,2,"X4_row",1,0.937015704815046,0.00554865858222932,0.9,0.817019382540614,1.06182460101733
16,32,1.6e+08,160000032,FALSE,FALSE,FALSE,0,"intercept",-1,-0.99807950669607,0.00707921405288938,0.9,-1.13456693962257,-0.866309288202738
16,32,1.6e+08,160000032,FALSE,FALSE,FALSE,0,"X1_groups",1,1.02791064058771,0.0029301360530275,0.9,0.942692122352745,1.11396557457447
16,32,1.6e+08,160000032,FALSE,FALSE,FALSE,0,"X2_dist",1,0.975489512009348,0.00572509712179819,0.9,0.854098114977567,1.09294512966429
16,32,1.6e+08,160000032,FALSE,FALSE,FALSE,0,"X3_norm",1,0.995170604153026,0.00313727474068249,0.9,0.902911845876577,1.088832275119
16,32,1.6e+08,160000032,FALSE,FALSE,FALSE,0,"X4_row",1,0.925174715241265,0.00387969341169979,0.9,0.824821729176419,1.0222674811037
16,32,1.6e+08,160000032,FALSE,TRUE,FALSE,0,"intercept",-1,-0.632731831127026,0.00434472350435468,0.9,-0.742791203381824,-0.529191721921151
16,32,1.6e+08,160000032,FALSE,TRUE,FALSE,0,"X1_groups",1,0.615161630075225,0.00153119799449844,0.9,0.553135292305821,0.68022188273531
16,32,1.6e+08,160000032,FALSE,TRUE,FALSE,0,"X2_dist",1,0.638218773715956,0.00329225555967727,0.9,0.54368353033553,0.733330465572762
16,32,1.6e+08,160000032,FALSE,TRUE,FALSE,0,"X3_norm",1,0.604012306844702,0.00143451779002929,0.9,0.546059636398011,0.666689096026367
16,32,1.6e+08,160000032,FALSE,TRUE,FALSE,0,"X4_row",1,0.585052282435821,0.00222086151970893,0.9,0.507037938918272,0.662133275432872
16,32,1.6e+08,160000032,FALSE,FALSE,FALSE,1,"intercept",-1,-1.03618189250273,0.00736285309612572,0.9,-1.18664779478291,-0.897924864071498
16,32,1.6e+08,160000032,FALSE,FALSE,FALSE,1,"X1_groups",1,1.06896783419807,0.00339837403744159,0.9,0.974492363999341,1.16470221963806
16,32,1.6e+08,160000032,FALSE,FALSE,FALSE,1,"X2_dist",1,1.00876776463126,0.00594360485502615,0.9,0.887394513713615,1.14213109820904
16,32,1.6e+08,160000032,FALSE,FALSE,FALSE,1,"X3_norm",1,1.02823404070417,0.00330774564813264,0.9,0.930814530847073,1.12362897562408
16,32,1.6e+08,160000032,FALSE,FALSE,FALSE,1,"X4_row",1,0.96013895548225,0.00417178008579355,0.9,0.852119787598714,1.06805839121523
16,32,1.6e+08,160000032,FALSE,FALSE,FALSE,2,"intercept",-1,-1.07194984329614,0.00857961600475862,0.9,-1.23627098138216,-0.931420111396459
16,32,1.6e+08,160000032,FALSE,FALSE,FALSE,2,"X1_groups",1,1.09583102423295,0.00397400673754597,0.9,0.993106779483309,1.20560697929423
16,32,1.6e+08,160000032,FALSE,FALSE,FALSE,2,"X2_dist",1,1.04399535397058,0.0073043843005846,0.9,0.906730440805987,1.19229619959993
16,32,1.6e+08,160000032,FALSE,FALSE,FALSE,2,"X3_norm",1,1.05364915854962,0.00434413387532311,0.9,0.944327817670472,1.15766986712203
16,32,1.6e+08,160000032,FALSE,FALSE,FALSE,2,"X4_row",1,0.98781857499824,0.00452594880319829,0.9,0.893357404905826,1.10943154811849
16,32,1.6e+08,160000032,FALSE,TRUE,FALSE,1,"intercept",-1,-0.798517909030162,0.00525750914114615,0.9,-0.916302749096678,-0.681468665308475
16,32,1.6e+08,160000032,FALSE,TRUE,FALSE,1,"X1_groups",1,0.781078523668336,0.00224463798903677,0.9,0.702388611339564,0.864735040795682
16,32,1.6e+08,160000032,FALSE,TRUE,FALSE,1,"X2_dist",1,0.822399959999654,0.00450421556469025,0.9,0.724482077442157,0.932817385401147
16,32,1.6e+08,160000032,FALSE,TRUE,FALSE,1,"X3_norm",1,0.775002032033634,0.00251306747106369,0.9,0.695828606608336,0.862356217881145
16,32,1.6e+08,160000032,FALSE,TRUE,FALSE,1,"X4_row",1,0.787739169768208,0.00370776670622372,0.9,0.692458726365286,0.885070345425245
16,32,1.6e+08,160000032,FALSE,TRUE,FALSE,2,"intercept",-1,-0.987578831715471,0.00918405493556488,0.9,-1.15763493774609,-0.842712339187309
16,32,1.6e+08,160000032,FALSE,TRUE,FALSE,2,"X1_groups",1,0.985873657427673,0.00409524962706003,0.9,0.880056901792038,1.09211494751879
16,32,1.6e+08,160000032,FALSE,TRUE,FALSE,2,"X2_dist",1,0.996893322075571,0.00792478016092668,0.9,0.868860250498339,1.15022943052055
16,32,1.6e+08,160000032,FALSE,TRUE,FALSE,2,"X3_norm",1,0.961183660244363,0.00429597873297467,0.9,0.849393130422512,1.06720437166684
16,32,1.6e+08,160000032,FALSE,TRUE,FALSE,2,"X4_row",1,0.965028075513445,0.00532900736700786,0.9,0.847518498655215,1.09195270957622
16,33,1.6e+08,160000033,FALSE,FALSE,FALSE,0,"intercept",-1,-0.893076477439706,0.00726011093905048,0.9,-1.04504333894539,-0.767709959340956
16,33,1.6e+08,160000033,FALSE,FALSE,FALSE,0,"X1_groups",1,1.03832866382215,0.00323137687831529,0.9,0.950201774636475,1.13374834792712
16,33,1.6e+08,160000033,FALSE,FALSE,FALSE,0,"X2_dist",1,0.969558655276523,0.0059026422816849,0.9,0.855771288587201,1.10551525098188
16,33,1.6e+08,160000033,FALSE,FALSE,FALSE,0,"X3_norm",1,0.999232529726308,0.00334857411478207,0.9,0.906876101186229,1.09432059489063
16,33,1.6e+08,160000033,FALSE,FALSE,FALSE,0,"X4_row",1,1.00182881688554,0.00457050394907052,0.9,0.89244275440008,1.1100243317377
16,33,1.6e+08,160000033,FALSE,TRUE,FALSE,0,"intercept",-1,-0.49202683660963,0.00452291507849593,0.9,-0.604608861943305,-0.383508733099282
16,33,1.6e+08,160000033,FALSE,TRUE,FALSE,0,"X1_groups",1,0.620407537837376,0.00148042242700497,0.9,0.553571292107943,0.678021510868895
16,33,1.6e+08,160000033,FALSE,TRUE,FALSE,0,"X2_dist",1,0.544662043760431,0.0032097697377727,0.9,0.449627649614717,0.636275234367288
16,33,1.6e+08,160000033,FALSE,TRUE,FALSE,0,"X3_norm",1,0.596450449889915,0.00169095869294419,0.9,0.535394069917013,0.671650605287633
16,33,1.6e+08,160000033,FALSE,TRUE,FALSE,0,"X4_row",1,0.557315398445756,0.00209584563076154,0.9,0.480303404675106,0.627466306826406
16,33,1.6e+08,160000033,FALSE,FALSE,FALSE,1,"intercept",-1,-0.931082998006976,0.0074213696730722,0.9,-1.06542588372117,-0.798091804730184
16,33,1.6e+08,160000033,FALSE,FALSE,FALSE,1,"X1_groups",1,1.0837143234686,0.00382853180480299,0.9,0.992348374971435,1.18512016511531
16,33,1.6e+08,160000033,FALSE,FALSE,FALSE,1,"X2_dist",1,1.00717950570278,0.00632851638897367,0.9,0.890679554271772,1.14780066790978
16,33,1.6e+08,160000033,FALSE,FALSE,FALSE,1,"X3_norm",1,1.04282918837421,0.00434300971948484,0.9,0.937330859204103,1.15044305017204
16,33,1.6e+08,160000033,FALSE,FALSE,FALSE,1,"X4_row",1,1.04621716455455,0.00484983319579478,0.9,0.936101283605425,1.15932782049832
16,33,1.6e+08,160000033,FALSE,FALSE,FALSE,2,"intercept",-1,-0.973601570963542,0.00867252506015593,0.9,-1.12086782267452,-0.821035847609239
16,33,1.6e+08,160000033,FALSE,FALSE,FALSE,2,"X1_groups",1,1.12572139702604,0.00525913653268875,0.9,1.0210372384005,1.25991482349516
16,33,1.6e+08,160000033,FALSE,FALSE,FALSE,2,"X2_dist",1,1.0542652004862,0.00839597022226756,0.9,0.904265351401318,1.2074830074842
16,33,1.6e+08,160000033,FALSE,FALSE,FALSE,2,"X3_norm",1,1.08275241700495,0.0049355234126174,0.9,0.966503028564788,1.19633646801135
16,33,1.6e+08,160000033,FALSE,FALSE,FALSE,2,"X4_row",1,1.0953556720117,0.00601564132804191,0.9,0.971628087111969,1.23127847682637
16,33,1.6e+08,160000033,FALSE,TRUE,FALSE,1,"intercept",-1,-0.6197237144944,0.00578475698399395,0.9,-0.740379590599948,-0.500521128895318
16,33,1.6e+08,160000033,FALSE,TRUE,FALSE,1,"X1_groups",1,0.777871925424734,0.00207242536385667,0.9,0.703682567603734,0.854247147824675
16,33,1.6e+08,160000033,FALSE,TRUE,FALSE,1,"X2_dist",1,0.702397451285737,0.00464044159994925,0.9,0.591625177394646,0.815746787842646
16,33,1.6e+08,160000033,FALSE,TRUE,FALSE,1,"X3_norm",1,0.7458025471145,0.00257355941878119,0.9,0.66380043527471,0.832774791417143
16,33,1.6e+08,160000033,FALSE,TRUE,FALSE,1,"X4_row",1,0.717961187727227,0.00322454064679785,0.9,0.625269028934895,0.813993734022007
16,33,1.6e+08,160000033,FALSE,TRUE,FALSE,2,"intercept",-1,-0.784540116833392,0.00867498661285591,0.9,-0.938280505342668,-0.653106762383014
16,33,1.6e+08,160000033,FALSE,TRUE,FALSE,2,"X1_groups",1,1.02197397620627,0.00469537601138374,0.9,0.912396893560626,1.13974031603191
16,33,1.6e+08,160000033,FALSE,TRUE,FALSE,2,"X2_dist",1,0.895707861821423,0.00840264997092716,0.9,0.75414784324837,1.05951573406752
16,33,1.6e+08,160000033,FALSE,TRUE,FALSE,2,"X3_norm",1,0.96236022328167,0.00460276885509309,0.9,0.848406317220571,1.07524697251403
16,33,1.6e+08,160000033,FALSE,TRUE,FALSE,2,"X4_row",1,0.934493717187706,0.00528216735613842,0.9,0.814604335777732,1.05301954911544
16,34,1.6e+08,160000034,FALSE,FALSE,FALSE,0,"intercept",-1,-0.919086791092032,0.00648758866306925,0.9,-1.04359395901325,-0.795599531474525
16,34,1.6e+08,160000034,FALSE,FALSE,FALSE,0,"X1_groups",1,0.953402645046473,0.00288257236220838,0.9,0.861883706489464,1.04167170160198
16,34,1.6e+08,160000034,FALSE,FALSE,FALSE,0,"X2_dist",1,0.961164761271977,0.00498170043901128,0.9,0.848845196972703,1.07448591486663
16,34,1.6e+08,160000034,FALSE,FALSE,FALSE,0,"X3_norm",1,0.907588196755988,0.00306000529738773,0.9,0.820177592301802,1.0040727648915
16,34,1.6e+08,160000034,FALSE,FALSE,FALSE,0,"X4_row",1,1.07091596333185,0.0042818335913295,0.9,0.967686145906035,1.17763002308806
16,34,1.6e+08,160000034,FALSE,TRUE,FALSE,0,"intercept",-1,-0.599459581076692,0.00446009144760445,0.9,-0.712768862026742,-0.492849962901267
16,34,1.6e+08,160000034,FALSE,TRUE,FALSE,0,"X1_groups",1,0.603682290843412,0.00158029417251267,0.9,0.536555736665874,0.668080768434793
16,34,1.6e+08,160000034,FALSE,TRUE,FALSE,0,"X2_dist",1,0.572156730686277,0.00332262813504404,0.9,0.482089278195402,0.659432135795847
16,34,1.6e+08,160000034,FALSE,TRUE,FALSE,0,"X3_norm",1,0.579080260016454,0.00179086293571658,0.9,0.51280835838708,0.648839467523229
16,34,1.6e+08,160000034,FALSE,TRUE,FALSE,0,"X4_row",1,0.616535571065033,0.00210233967337312,0.9,0.538038340951115,0.691569197716209
16,34,1.6e+08,160000034,FALSE,FALSE,FALSE,1,"intercept",-1,-0.96905145049594,0.00754645230237681,0.9,-1.11126483216877,-0.830666693033257
16,34,1.6e+08,160000034,FALSE,FALSE,FALSE,1,"X1_groups",1,1.00393318270137,0.00324101919821699,0.9,0.910293865435486,1.09243134352895
16,34,1.6e+08,160000034,FALSE,FALSE,FALSE,1,"X2_dist",1,1.00767744154055,0.00650713395471356,0.9,0.874059124405837,1.14678979810947
16,34,1.6e+08,160000034,FALSE,FALSE,FALSE,1,"X3_norm",1,0.955039181972032,0.00403491140331479,0.9,0.840787288113696,1.05999190228784
16,34,1.6e+08,160000034,FALSE,FALSE,FALSE,1,"X4_row",1,1.12942943003782,0.00590469630362473,0.9,1.01250710387316,1.25895313851325
16,34,1.6e+08,160000034,FALSE,FALSE,FALSE,2,"intercept",-1,-1.01035641531933,0.00833171401735273,0.9,-1.16553046063619,-0.862878722026878
16,34,1.6e+08,160000034,FALSE,FALSE,FALSE,2,"X1_groups",1,1.03606116034191,0.00405640108399186,0.9,0.939560295099317,1.1457560892707
16,34,1.6e+08,160000034,FALSE,FALSE,FALSE,2,"X2_dist",1,1.04908437701849,0.00753232381299627,0.9,0.906408551003912,1.19043199138359
16,34,1.6e+08,160000034,FALSE,FALSE,FALSE,2,"X3_norm",1,0.986903932438212,0.00428136580986791,0.9,0.88049907137636,1.09285592876358
16,34,1.6e+08,160000034,FALSE,FALSE,FALSE,2,"X4_row",1,1.17102340556329,0.00641859418151487,0.9,1.04295488541555,1.31585102601698
16,34,1.6e+08,160000034,FALSE,TRUE,FALSE,1,"intercept",-1,-0.74365251018511,0.00595164574023768,0.9,-0.86442063406765,-0.617548278423651
16,34,1.6e+08,160000034,FALSE,TRUE,FALSE,1,"X1_groups",1,0.757142605264511,0.00221260653567816,0.9,0.68258553567787,0.830324386888099
16,34,1.6e+08,160000034,FALSE,TRUE,FALSE,1,"X2_dist",1,0.715728592302202,0.00481618250637882,0.9,0.600075441409006,0.829811261192777
16,34,1.6e+08,160000034,FALSE,TRUE,FALSE,1,"X3_norm",1,0.721158335559027,0.00221877524673479,0.9,0.641365210857502,0.799566385526378
16,34,1.6e+08,160000034,FALSE,TRUE,FALSE,1,"X4_row",1,0.799045063575167,0.00325114694888526,0.9,0.711876466761517,0.894111763315324
16,34,1.6e+08,160000034,FALSE,TRUE,FALSE,2,"intercept",-1,-0.848211409288427,0.00831931354655092,0.9,-0.995952132944758,-0.71147831485795
16,34,1.6e+08,160000034,FALSE,TRUE,FALSE,2,"X1_groups",1,0.890390342254148,0.00372085920035621,0.9,0.798625671166318,0.989537774833664
16,34,1.6e+08,160000034,FALSE,TRUE,FALSE,2,"X2_dist",1,0.834668141406733,0.00682114335894323,0.9,0.698788508810055,0.970015811002506
16,34,1.6e+08,160000034,FALSE,TRUE,FALSE,2,"X3_norm",1,0.835220685176338,0.00407787386873955,0.9,0.731853437944615,0.937249053978983
16,34,1.6e+08,160000034,FALSE,TRUE,FALSE,2,"X4_row",1,0.949403849955698,0.00487155997260288,0.9,0.838489269808616,1.06053316112954
16,35,1.6e+08,160000035,FALSE,FALSE,FALSE,0,"intercept",-1,-0.992822768028776,0.0065371463212261,0.9,-1.12675319033326,-0.861629012464251
16,35,1.6e+08,160000035,FALSE,FALSE,FALSE,0,"X1_groups",1,0.961081409293261,0.00299066824136012,0.9,0.876699719865651,1.04591834474166
16,35,1.6e+08,160000035,FALSE,FALSE,FALSE,0,"X2_dist",1,0.913453144611514,0.00502334608807476,0.9,0.804038299589038,1.0340742037733
16,35,1.6e+08,160000035,FALSE,FALSE,FALSE,0,"X3_norm",1,0.970927901947281,0.00312840803391914,0.9,0.882108077004094,1.0698011297275
16,35,1.6e+08,160000035,FALSE,FALSE,FALSE,0,"X4_row",1,0.960775496642995,0.0039057207924587,0.9,0.861165956112354,1.06313198299718
16,35,1.6e+08,160000035,FALSE,TRUE,FALSE,0,"intercept",-1,-0.641173610401387,0.00457202535342094,0.9,-0.75773523658761,-0.536391021150244
16,35,1.6e+08,160000035,FALSE,TRUE,FALSE,0,"X1_groups",1,0.564126447626979,0.00146492221655213,0.9,0.500930812004692,0.626667660211464
16,35,1.6e+08,160000035,FALSE,TRUE,FALSE,0,"X2_dist",1,0.585585549309383,0.00325094150551363,0.9,0.49689228411481,0.674951034060411
16,35,1.6e+08,160000035,FALSE,TRUE,FALSE,0,"X3_norm",1,0.579167903311776,0.00152074960195314,0.9,0.514756813583302,0.64169025112736
16,35,1.6e+08,160000035,FALSE,TRUE,FALSE,0,"X4_row",1,0.545405943413108,0.00205295705052313,0.9,0.468531171875961,0.616936312030291
16,35,1.6e+08,160000035,FALSE,FALSE,FALSE,1,"intercept",-1,-1.03051111968377,0.00760811180394236,0.9,-1.15541891019511,-0.885823837568783
16,35,1.6e+08,160000035,FALSE,FALSE,FALSE,1,"X1_groups",1,1.00168151322526,0.00330891842635266,0.9,0.908519794449835,1.09356618349248
16,35,1.6e+08,160000035,FALSE,FALSE,FALSE,1,"X2_dist",1,0.943825050585481,0.00593424739883728,0.9,0.826046436291885,1.07100262209798
16,35,1.6e+08,160000035,FALSE,FALSE,FALSE,1,"X3_norm",1,1.00535966500771,0.00388141715061605,0.9,0.900427802830045,1.10589160655105
16,35,1.6e+08,160000035,FALSE,FALSE,FALSE,1,"X4_row",1,0.998673259969008,0.00406375021552365,0.9,0.896035873835018,1.10182111852879
16,35,1.6e+08,160000035,FALSE,FALSE,FALSE,2,"intercept",-1,-1.07425896411138,0.0089849072833812,0.9,-1.23698778228453,-0.926495748403784
16,35,1.6e+08,160000035,FALSE,FALSE,FALSE,2,"X1_groups",1,1.03430427529893,0.00451492662227724,0.9,0.927820623118377,1.15203238858844
16,35,1.6e+08,160000035,FALSE,FALSE,FALSE,2,"X2_dist",1,0.980715820559562,0.00743145377138257,0.9,0.843795617637651,1.12266494594971
16,35,1.6e+08,160000035,FALSE,FALSE,FALSE,2,"X3_norm",1,1.03633478421697,0.00455237803461489,0.9,0.928925735410671,1.15330976692148
16,35,1.6e+08,160000035,FALSE,FALSE,FALSE,2,"X4_row",1,1.02370006255502,0.00465106157709123,0.9,0.913903582102106,1.13297648871572
16,35,1.6e+08,160000035,FALSE,TRUE,FALSE,1,"intercept",-1,-0.794992169758572,0.00621515083436918,0.9,-0.930897764194577,-0.666813327826741
16,35,1.6e+08,160000035,FALSE,TRUE,FALSE,1,"X1_groups",1,0.738883343681584,0.00227803463428867,0.9,0.661435938077987,0.815325331002867
16,35,1.6e+08,160000035,FALSE,TRUE,FALSE,1,"X2_dist",1,0.711417461066189,0.00442471792569196,0.9,0.608641887856328,0.825331463770946
16,35,1.6e+08,160000035,FALSE,TRUE,FALSE,1,"X3_norm",1,0.735019258495717,0.00272401929632404,0.9,0.656782566687071,0.816738168148357
16,35,1.6e+08,160000035,FALSE,TRUE,FALSE,1,"X4_row",1,0.706104304815531,0.00315533510336111,0.9,0.609102987106183,0.800369077205764
16,35,1.6e+08,160000035,FALSE,TRUE,FALSE,2,"intercept",-1,-1.02267941480291,0.00872621028053703,0.9,-1.18757186678051,-0.870739575203257
16,35,1.6e+08,160000035,FALSE,TRUE,FALSE,2,"X1_groups",1,0.928807673882297,0.00462971363973378,0.9,0.813073381555267,1.03759886492555
16,35,1.6e+08,160000035,FALSE,TRUE,FALSE,2,"X2_dist",1,0.930370552879635,0.00685376791344267,0.9,0.800580166974481,1.06442846106433
16,35,1.6e+08,160000035,FALSE,TRUE,FALSE,2,"X3_norm",1,0.934203159488243,0.00450834278009757,0.9,0.82418148652941,1.04927481484744
16,35,1.6e+08,160000035,FALSE,TRUE,FALSE,2,"X4_row",1,0.922869709659232,0.00513541510566424,0.9,0.807408862810343,1.04080423154236
16,36,1.6e+08,160000036,FALSE,FALSE,FALSE,0,"intercept",-1,-1.01187813291066,0.00745464860329007,0.9,-1.14895696083205,-0.870712220394868
16,36,1.6e+08,160000036,FALSE,FALSE,FALSE,0,"X1_groups",1,1.04271884232535,0.00287901055700448,0.9,0.95626347789511,1.13214569129085
16,36,1.6e+08,160000036,FALSE,FALSE,FALSE,0,"X2_dist",1,0.988612363761546,0.00588633200166275,0.9,0.867568231636456,1.11778889915365
16,36,1.6e+08,160000036,FALSE,FALSE,FALSE,0,"X3_norm",1,0.911522192710688,0.00287460526821793,0.9,0.830658171649976,0.996768874687743
16,36,1.6e+08,160000036,FALSE,FALSE,FALSE,0,"X4_row",1,0.889536426395197,0.00388015440316652,0.9,0.781338136663541,0.990036139665144
16,36,1.6e+08,160000036,FALSE,TRUE,FALSE,0,"intercept",-1,-0.67897506858063,0.00431108788758042,0.9,-0.78776648176719,-0.575997972008821
16,36,1.6e+08,160000036,FALSE,TRUE,FALSE,0,"X1_groups",1,0.643389111745861,0.00145040415035469,0.9,0.580673729114746,0.702885540740807
16,36,1.6e+08,160000036,FALSE,TRUE,FALSE,0,"X2_dist",1,0.654197818750992,0.00343869598236034,0.9,0.562021369321893,0.746274925985383
16,36,1.6e+08,160000036,FALSE,TRUE,FALSE,0,"X3_norm",1,0.577135551616858,0.00147712630718206,0.9,0.516849079230538,0.641243706008808
16,36,1.6e+08,160000036,FALSE,TRUE,FALSE,0,"X4_row",1,0.509539782267583,0.0020737367760567,0.9,0.430870862885376,0.580056836583838
16,36,1.6e+08,160000036,FALSE,FALSE,FALSE,1,"intercept",-1,-1.05551603919735,0.00726467299234966,0.9,-1.20123652141765,-0.928654821033729
16,36,1.6e+08,160000036,FALSE,FALSE,FALSE,1,"X1_groups",1,1.08324824041729,0.00349457240169028,0.9,0.979022694831405,1.18025529911751
16,36,1.6e+08,160000036,FALSE,FALSE,FALSE,1,"X2_dist",1,1.02669567280346,0.00577612515913364,0.9,0.91357810041064,1.15859540610869
16,36,1.6e+08,160000036,FALSE,FALSE,FALSE,1,"X3_norm",1,0.942011263377263,0.00359904335135706,0.9,0.841989021048545,1.04093416191883
16,36,1.6e+08,160000036,FALSE,FALSE,FALSE,1,"X4_row",1,0.924842309914314,0.00406466118983663,0.9,0.819731531097387,1.03088795537007
16,36,1.6e+08,160000036,FALSE,FALSE,FALSE,2,"intercept",-1,-1.09932459377544,0.00913471749727595,0.9,-1.25778192082613,-0.951382360623788
16,36,1.6e+08,160000036,FALSE,FALSE,FALSE,2,"X1_groups",1,1.1226393948947,0.0042336430395331,0.9,1.02066679173149,1.2371298861423
16,36,1.6e+08,160000036,FALSE,FALSE,FALSE,2,"X2_dist",1,1.06942986059361,0.00771469639658806,0.9,0.923745079464345,1.20776283347745
16,36,1.6e+08,160000036,FALSE,FALSE,FALSE,2,"X3_norm",1,0.980008428065156,0.00414152530911479,0.9,0.876440921468756,1.0822462293243
16,36,1.6e+08,160000036,FALSE,FALSE,FALSE,2,"X4_row",1,0.959126466223183,0.00458942847110821,0.9,0.844056561146945,1.0748029814034
16,36,1.6e+08,160000036,FALSE,TRUE,FALSE,1,"intercept",-1,-0.850228002710721,0.00597353560842332,0.9,-0.978032396373592,-0.724891944737822
16,36,1.6e+08,160000036,FALSE,TRUE,FALSE,1,"X1_groups",1,0.809375765617099,0.00251249405570104,0.9,0.726054189861647,0.891900900446641
16,36,1.6e+08,160000036,FALSE,TRUE,FALSE,1,"X2_dist",1,0.819453657105847,0.00492943962093045,0.9,0.710934686774592,0.930172368504927
16,36,1.6e+08,160000036,FALSE,TRUE,FALSE,1,"X3_norm",1,0.736920726021425,0.00216868315130177,0.9,0.661225726061335,0.811743048467996
16,36,1.6e+08,160000036,FALSE,TRUE,FALSE,1,"X4_row",1,0.684937634906886,0.0032884509260046,0.9,0.590236746757704,0.776095698930092
16,36,1.6e+08,160000036,FALSE,TRUE,FALSE,2,"intercept",-1,-1.06127608281919,0.00953310806856573,0.9,-1.22404140524121,-0.901631350674277
16,36,1.6e+08,160000036,FALSE,TRUE,FALSE,2,"X1_groups",1,1.02112122133648,0.00542489045715241,0.9,0.904791445678832,1.14177317168205
16,36,1.6e+08,160000036,FALSE,TRUE,FALSE,2,"X2_dist",1,1.02694177458922,0.0081541435179801,0.9,0.887274409770075,1.17899582398557
16,36,1.6e+08,160000036,FALSE,TRUE,FALSE,2,"X3_norm",1,0.915055651821999,0.00411677095923041,0.9,0.811502933179028,1.02057419670285
16,36,1.6e+08,160000036,FALSE,TRUE,FALSE,2,"X4_row",1,0.884670314783796,0.00585578117544343,0.9,0.760387267424812,1.01375148046808
16,37,1.6e+08,160000037,FALSE,FALSE,FALSE,0,"intercept",-1,-0.988860890298214,0.00720757910361265,0.9,-1.13831999717033,-0.857599085054092
16,37,1.6e+08,160000037,FALSE,FALSE,FALSE,0,"X1_groups",1,0.978484096728673,0.00287476159854559,0.9,0.890126756546268,1.06864030011338
16,37,1.6e+08,160000037,FALSE,FALSE,FALSE,0,"X2_dist",1,1.02611439805671,0.00581554045576981,0.9,0.896611974330592,1.14697479677328
16,37,1.6e+08,160000037,FALSE,FALSE,FALSE,0,"X3_norm",1,1.05040280232294,0.0036386072710258,0.9,0.954937579185157,1.14953693407837
16,37,1.6e+08,160000037,FALSE,FALSE,FALSE,0,"X4_row",1,1.08200077829777,0.00495907547696809,0.9,0.965032203165924,1.19442711666131
16,37,1.6e+08,160000037,FALSE,TRUE,FALSE,0,"intercept",-1,-0.600626904168661,0.00464845919890147,0.9,-0.713455663589722,-0.492363362199635
16,37,1.6e+08,160000037,FALSE,TRUE,FALSE,0,"X1_groups",1,0.559458437635222,0.00153436023551341,0.9,0.498507673611715,0.623261390380737
16,37,1.6e+08,160000037,FALSE,TRUE,FALSE,0,"X2_dist",1,0.594926694272536,0.00344680361389055,0.9,0.495739773961773,0.691397464041163
16,37,1.6e+08,160000037,FALSE,TRUE,FALSE,0,"X3_norm",1,0.650075157016455,0.00177613734560177,0.9,0.589980196484721,0.722146168190211
16,37,1.6e+08,160000037,FALSE,TRUE,FALSE,0,"X4_row",1,0.609171457300211,0.00260028334230559,0.9,0.527508544751337,0.695514622319831
16,37,1.6e+08,160000037,FALSE,FALSE,FALSE,1,"intercept",-1,-1.03059662779751,0.00744323074728765,0.9,-1.16869874680845,-0.881465469292809
16,37,1.6e+08,160000037,FALSE,FALSE,FALSE,1,"X1_groups",1,1.01763557887074,0.00334062729838409,0.9,0.915052115164635,1.10761088509277
16,37,1.6e+08,160000037,FALSE,FALSE,FALSE,1,"X2_dist",1,1.06608704888236,0.00608930188112255,0.9,0.940514932322864,1.2022443199858
16,37,1.6e+08,160000037,FALSE,FALSE,FALSE,1,"X3_norm",1,1.08006799802685,0.0039576906356793,0.9,0.987145250431402,1.18785573722333
16,37,1.6e+08,160000037,FALSE,FALSE,FALSE,1,"X4_row",1,1.11899717407437,0.00516438796803323,0.9,1.00019919532981,1.2422770790415
16,37,1.6e+08,160000037,FALSE,FALSE,FALSE,2,"intercept",-1,-1.0666248866115,0.00805144358675846,0.9,-1.23102175372917,-0.930186188273246
16,37,1.6e+08,160000037,FALSE,FALSE,FALSE,2,"X1_groups",1,1.05049760570731,0.00404146042986661,0.9,0.94500623876757,1.15551421875087
16,37,1.6e+08,160000037,FALSE,FALSE,FALSE,2,"X2_dist",1,1.10215248932284,0.00680443515244198,0.9,0.98077089672757,1.24111280954111
16,37,1.6e+08,160000037,FALSE,FALSE,FALSE,2,"X3_norm",1,1.11369691826396,0.00488157519803618,0.9,1.00201224090449,1.22946593998216
16,37,1.6e+08,160000037,FALSE,FALSE,FALSE,2,"X4_row",1,1.15728439954331,0.0052970488583294,0.9,1.05066093578902,1.2850482143186
16,37,1.6e+08,160000037,FALSE,TRUE,FALSE,1,"intercept",-1,-0.746701710047042,0.00564657251420164,0.9,-0.860173271263378,-0.622470870710272
16,37,1.6e+08,160000037,FALSE,TRUE,FALSE,1,"X1_groups",1,0.722242801327105,0.00270380495637687,0.9,0.63552500698417,0.807239654347161
16,37,1.6e+08,160000037,FALSE,TRUE,FALSE,1,"X2_dist",1,0.727547290035057,0.00423106943107121,0.9,0.618940501935367,0.831757473856859
16,37,1.6e+08,160000037,FALSE,TRUE,FALSE,1,"X3_norm",1,0.818683496457684,0.00280545516428381,0.9,0.729858867842763,0.903328085186214
16,37,1.6e+08,160000037,FALSE,TRUE,FALSE,1,"X4_row",1,0.800985337365491,0.00310644225072328,0.9,0.706506720026486,0.891355674107444
16,37,1.6e+08,160000037,FALSE,TRUE,FALSE,2,"intercept",-1,-0.890029105483592,0.00904441272422085,0.9,-1.06812716266426,-0.742234127052407
16,37,1.6e+08,160000037,FALSE,TRUE,FALSE,2,"X1_groups",1,0.899414595205421,0.00406349844866562,0.9,0.789906682638458,1.00411290721973
16,37,1.6e+08,160000037,FALSE,TRUE,FALSE,2,"X2_dist",1,0.886158597183551,0.00817509807979609,0.9,0.747311055311161,1.0402866586126
16,37,1.6e+08,160000037,FALSE,TRUE,FALSE,2,"X3_norm",1,1.01312973294167,0.00459457634109147,0.9,0.904021045254234,1.11820383210613
16,37,1.6e+08,160000037,FALSE,TRUE,FALSE,2,"X4_row",1,1.00738165706676,0.00577699098873041,0.9,0.883923224240026,1.13681022500407
16,38,1.6e+08,160000038,FALSE,FALSE,FALSE,0,"intercept",-1,-0.954619484954227,0.00685838117959327,0.9,-1.09132639724008,-0.826087036566224
16,38,1.6e+08,160000038,FALSE,FALSE,FALSE,0,"X1_groups",1,0.939819241533552,0.00265962040743894,0.9,0.853394567230695,1.02194671861744
16,38,1.6e+08,160000038,FALSE,FALSE,FALSE,0,"X2_dist",1,1.02070913195892,0.00575568881878479,0.9,0.891315298962349,1.13814259378337
16,38,1.6e+08,160000038,FALSE,FALSE,FALSE,0,"X3_norm",1,1.0295138559771,0.00322021554742083,0.9,0.936767979369189,1.12599145081641
16,38,1.6e+08,160000038,FALSE,FALSE,FALSE,0,"X4_row",1,1.00678426727215,0.00447694923264444,0.9,0.901351876501299,1.12187494363944
16,38,1.6e+08,160000038,FALSE,TRUE,FALSE,0,"intercept",-1,-0.65331100041433,0.00460671886255266,0.9,-0.768210058039941,-0.545699902612266
16,38,1.6e+08,160000038,FALSE,TRUE,FALSE,0,"X1_groups",1,0.587937535210502,0.00153911882857006,0.9,0.528083035184075,0.653103117029236
16,38,1.6e+08,160000038,FALSE,TRUE,FALSE,0,"X2_dist",1,0.609069469235538,0.00350795367780138,0.9,0.51253650757017,0.704504465253244
16,38,1.6e+08,160000038,FALSE,TRUE,FALSE,0,"X3_norm",1,0.665078515368276,0.00176653942116782,0.9,0.593372351841628,0.737333326099682
16,38,1.6e+08,160000038,FALSE,TRUE,FALSE,0,"X4_row",1,0.573108348657491,0.00222154199600895,0.9,0.496472570823222,0.647822572747666
16,38,1.6e+08,160000038,FALSE,FALSE,FALSE,1,"intercept",-1,-0.985705205499898,0.00664625726869826,0.9,-1.11305683515046,-0.859908715566264
16,38,1.6e+08,160000038,FALSE,FALSE,FALSE,1,"X1_groups",1,0.970538614890412,0.00313173054147707,0.9,0.877848102005581,1.06039718172373
16,38,1.6e+08,160000038,FALSE,FALSE,FALSE,1,"X2_dist",1,1.05149016410091,0.00609027837487528,0.9,0.929117647437177,1.18011819476773
16,38,1.6e+08,160000038,FALSE,FALSE,FALSE,1,"X3_norm",1,1.06122621503928,0.00386522960244755,0.9,0.961926744927144,1.15889654164668
16,38,1.6e+08,160000038,FALSE,FALSE,FALSE,1,"X4_row",1,1.0414757453703,0.00426808096562772,0.9,0.929586195991763,1.13997499705149
16,38,1.6e+08,160000038,FALSE,FALSE,FALSE,2,"intercept",-1,-1.02312985708847,0.0084297122994673,0.9,-1.16948326041024,-0.87247019070673
16,38,1.6e+08,160000038,FALSE,FALSE,FALSE,2,"X1_groups",1,1.00256341810431,0.00409986068970408,0.9,0.906696796691337,1.11729608519639
16,38,1.6e+08,160000038,FALSE,FALSE,FALSE,2,"X2_dist",1,1.08957540235699,0.00795824452350452,0.9,0.945691943603389,1.24038709772815
16,38,1.6e+08,160000038,FALSE,FALSE,FALSE,2,"X3_norm",1,1.09497774828498,0.00461868453884407,0.9,0.98669005433843,1.20251464730952
16,38,1.6e+08,160000038,FALSE,FALSE,FALSE,2,"X4_row",1,1.07197152724409,0.00502271316737414,0.9,0.964892678705146,1.19631828861372
16,38,1.6e+08,160000038,FALSE,TRUE,FALSE,1,"intercept",-1,-0.773218619370777,0.00578982290242444,0.9,-0.892600466152809,-0.653774992749379
16,38,1.6e+08,160000038,FALSE,TRUE,FALSE,1,"X1_groups",1,0.731071298172669,0.00220538174350644,0.9,0.653950565340036,0.808233533335848
16,38,1.6e+08,160000038,FALSE,TRUE,FALSE,1,"X2_dist",1,0.726575376865202,0.00467933347158607,0.9,0.616348905952425,0.841192636525635
16,38,1.6e+08,160000038,FALSE,TRUE,FALSE,1,"X3_norm",1,0.803422390481384,0.00274941927310502,0.9,0.720904572218116,0.8853448076142
16,38,1.6e+08,160000038,FALSE,TRUE,FALSE,1,"X4_row",1,0.721801656104684,0.0035346958468719,0.9,0.624589248441418,0.816198772053003
16,38,1.6e+08,160000038,FALSE,TRUE,FALSE,2,"intercept",-1,-0.96657257146186,0.0088904671816889,0.9,-1.12825585404384,-0.817029181186766
16,38,1.6e+08,160000038,FALSE,TRUE,FALSE,2,"X1_groups",1,0.924744006549931,0.00451321178913637,0.9,0.824863570780922,1.03200367514561
16,38,1.6e+08,160000038,FALSE,TRUE,FALSE,2,"X2_dist",1,0.918544867564585,0.00791741536343528,0.9,0.774184786421967,1.06361546653006
16,38,1.6e+08,160000038,FALSE,TRUE,FALSE,2,"X3_norm",1,0.993398581135478,0.00425938664164735,0.9,0.884364482193673,1.10171538802095
16,38,1.6e+08,160000038,FALSE,TRUE,FALSE,2,"X4_row",1,0.913044769455056,0.00533522606059895,0.9,0.797503091999406,1.0384580387232
16,39,1.6e+08,160000039,FALSE,FALSE,FALSE,0,"intercept",-1,-1.01627891798878,0.00718511229094917,0.9,-1.15797617820325,-0.865667503945393
16,39,1.6e+08,160000039,FALSE,FALSE,FALSE,0,"X1_groups",1,0.96321277715296,0.00312562821825171,0.9,0.868413591052009,1.05736970768144
16,39,1.6e+08,160000039,FALSE,FALSE,FALSE,0,"X2_dist",1,0.973105561817253,0.00538065071968488,0.9,0.847227050706193,1.09724998603417
16,39,1.6e+08,160000039,FALSE,FALSE,FALSE,0,"X3_norm",1,0.96183179368663,0.00317996645464662,0.9,0.875752769152402,1.05798206226741
16,39,1.6e+08,160000039,FALSE,FALSE,FALSE,0,"X4_row",1,1.01277226844116,0.00400836870564131,0.9,0.906629631766865,1.11519021199629
16,39,1.6e+08,160000039,FALSE,TRUE,FALSE,0,"intercept",-1,-0.617640249678772,0.00447885250241348,0.9,-0.732298457900754,-0.515194935736688
16,39,1.6e+08,160000039,FALSE,TRUE,FALSE,0,"X1_groups",1,0.545309203331941,0.00134205632494043,0.9,0.486011960946561,0.605033997655766
16,39,1.6e+08,160000039,FALSE,TRUE,FALSE,0,"X2_dist",1,0.554764982245207,0.00315687956725903,0.9,0.468363438656257,0.651335206364483
16,39,1.6e+08,160000039,FALSE,TRUE,FALSE,0,"X3_norm",1,0.617622324243896,0.00179042318263786,0.9,0.552039004752587,0.687124267611177
16,39,1.6e+08,160000039,FALSE,TRUE,FALSE,0,"X4_row",1,0.594514943719179,0.00224279854672166,0.9,0.515156837414347,0.671342203245972
16,39,1.6e+08,160000039,FALSE,FALSE,FALSE,1,"intercept",-1,-1.07886243233292,0.00815654543299106,0.9,-1.21004844824036,-0.927539011717849
16,39,1.6e+08,160000039,FALSE,FALSE,FALSE,1,"X1_groups",1,1.03647981460942,0.0036791633914323,0.9,0.940346484275368,1.1337134813266
16,39,1.6e+08,160000039,FALSE,FALSE,FALSE,1,"X2_dist",1,1.024904496842,0.00618444799542223,0.9,0.905497992986576,1.14843474798687
16,39,1.6e+08,160000039,FALSE,FALSE,FALSE,1,"X3_norm",1,1.03728147428058,0.00390135798796555,0.9,0.930554464777896,1.14235256505771
16,39,1.6e+08,160000039,FALSE,FALSE,FALSE,1,"X4_row",1,1.08702344781435,0.00458664241910662,0.9,0.977996760563198,1.20099417128735
16,39,1.6e+08,160000039,FALSE,FALSE,FALSE,2,"intercept",-1,-1.12806800206989,0.00885922925466978,0.9,-1.28339839889974,-0.96582045494767
16,39,1.6e+08,160000039,FALSE,FALSE,FALSE,2,"X1_groups",1,1.07620916258195,0.00478061242145545,0.9,0.956147979034102,1.18935726316923
16,39,1.6e+08,160000039,FALSE,FALSE,FALSE,2,"X2_dist",1,1.0704546326765,0.00713155501992144,0.9,0.92939300393907,1.20078231649192
16,39,1.6e+08,160000039,FALSE,FALSE,FALSE,2,"X3_norm",1,1.07644044004532,0.00501811709594472,0.9,0.965504973421348,1.20033439808234
16,39,1.6e+08,160000039,FALSE,FALSE,FALSE,2,"X4_row",1,1.12662098646065,0.00571770799282744,0.9,1.00682748145902,1.25482018689394
16,39,1.6e+08,160000039,FALSE,TRUE,FALSE,1,"intercept",-1,-0.800361274917031,0.00599702299289818,0.9,-0.92554715087337,-0.671885173446276
16,39,1.6e+08,160000039,FALSE,TRUE,FALSE,1,"X1_groups",1,0.713609899604888,0.00217228801786426,0.9,0.633945318863971,0.780769989827173
16,39,1.6e+08,160000039,FALSE,TRUE,FALSE,1,"X2_dist",1,0.721910142127787,0.00445654703756808,0.9,0.617965856636107,0.837961058645368
16,39,1.6e+08,160000039,FALSE,TRUE,FALSE,1,"X3_norm",1,0.806505511891328,0.00252715124969009,0.9,0.726051146813276,0.894303254702156
16,39,1.6e+08,160000039,FALSE,TRUE,FALSE,1,"X4_row",1,0.802616697653866,0.0032770162878659,0.9,0.712275551854116,0.90520319156717
16,39,1.6e+08,160000039,FALSE,TRUE,FALSE,2,"intercept",-1,-0.945490628252719,0.00802638884322658,0.9,-1.09923797219162,-0.805989783941736
16,39,1.6e+08,160000039,FALSE,TRUE,FALSE,2,"X1_groups",1,0.861702575922266,0.00393778383755657,0.9,0.759575664778864,0.961730219038364
16,39,1.6e+08,160000039,FALSE,TRUE,FALSE,2,"X2_dist",1,0.864335473048707,0.00697305121426108,0.9,0.727742874422767,1.01201133907427
16,39,1.6e+08,160000039,FALSE,TRUE,FALSE,2,"X3_norm",1,0.983497344347734,0.00454574555266828,0.9,0.876802572800379,1.09635949911868
16,39,1.6e+08,160000039,FALSE,TRUE,FALSE,2,"X4_row",1,0.98499516297661,0.00566510001609187,0.9,0.868776832885893,1.12422408156437
16,40,1.6e+08,160000040,FALSE,FALSE,FALSE,0,"intercept",-1,-1.01233554750486,0.00772712454398596,0.9,-1.15916736595882,-0.875851109294355
16,40,1.6e+08,160000040,FALSE,FALSE,FALSE,0,"X1_groups",1,0.916676195248666,0.00275390546080851,0.9,0.834530393057839,0.999083238139433
16,40,1.6e+08,160000040,FALSE,FALSE,FALSE,0,"X2_dist",1,0.996692657168012,0.00585396358495032,0.9,0.869624647702958,1.11507757779325
16,40,1.6e+08,160000040,FALSE,FALSE,FALSE,0,"X3_norm",1,0.962492084774796,0.00316277518202532,0.9,0.872899947796274,1.05394880371655
16,40,1.6e+08,160000040,FALSE,FALSE,FALSE,0,"X4_row",1,0.993265133338472,0.00389999578009971,0.9,0.888248234544155,1.09037184374597
16,40,1.6e+08,160000040,FALSE,TRUE,FALSE,0,"intercept",-1,-0.582080226409266,0.00438182172640276,0.9,-0.696181731790888,-0.479123904738606
16,40,1.6e+08,160000040,FALSE,TRUE,FALSE,0,"X1_groups",1,0.546445570257895,0.00151555326582218,0.9,0.485542666988319,0.608228005322277
16,40,1.6e+08,160000040,FALSE,TRUE,FALSE,0,"X2_dist",1,0.580326449685209,0.00321122838229888,0.9,0.487825775295547,0.67511601914069
16,40,1.6e+08,160000040,FALSE,TRUE,FALSE,0,"X3_norm",1,0.593903865985233,0.00150948689356734,0.9,0.532534193661843,0.659534369078803
16,40,1.6e+08,160000040,FALSE,TRUE,FALSE,0,"X4_row",1,0.613288973458105,0.00227889875539513,0.9,0.534853004779988,0.692069055942421
16,40,1.6e+08,160000040,FALSE,FALSE,FALSE,1,"intercept",-1,-1.05558296210672,0.00717354009232381,0.9,-1.18937534860932,-0.927539193178261
16,40,1.6e+08,160000040,FALSE,FALSE,FALSE,1,"X1_groups",1,0.968376833124342,0.00350522574085548,0.9,0.870315940390583,1.06516403888705
16,40,1.6e+08,160000040,FALSE,FALSE,FALSE,1,"X2_dist",1,1.04115596522081,0.00627125338847731,0.9,0.919457820031581,1.17982053180969
16,40,1.6e+08,160000040,FALSE,FALSE,FALSE,1,"X3_norm",1,1.00210848442144,0.00362150580056497,0.9,0.901929371142162,1.10333978410386
16,40,1.6e+08,160000040,FALSE,FALSE,FALSE,1,"X4_row",1,1.04511084808211,0.00448435237908674,0.9,0.929375911896418,1.15290136676231
16,40,1.6e+08,160000040,FALSE,FALSE,FALSE,2,"intercept",-1,-1.09655173183603,0.00812980404234,0.9,-1.24475467592911,-0.953075469471815
16,40,1.6e+08,160000040,FALSE,FALSE,FALSE,2,"X1_groups",1,0.997260166288415,0.00441484806390541,0.9,0.898368473691284,1.1112991590157
16,40,1.6e+08,160000040,FALSE,FALSE,FALSE,2,"X2_dist",1,1.07992424836767,0.00732590024146388,0.9,0.944403168195871,1.23218576563475
16,40,1.6e+08,160000040,FALSE,FALSE,FALSE,2,"X3_norm",1,1.03187751694701,0.00426118456432957,0.9,0.925442191809674,1.14669000878889
16,40,1.6e+08,160000040,FALSE,FALSE,FALSE,2,"X4_row",1,1.07710686404735,0.00558835762219338,0.9,0.964767119605479,1.20271905825237
16,40,1.6e+08,160000040,FALSE,TRUE,FALSE,1,"intercept",-1,-0.701578590543612,0.00544742801698003,0.9,-0.812632519839597,-0.564916496974074
16,40,1.6e+08,160000040,FALSE,TRUE,FALSE,1,"X1_groups",1,0.698914696920571,0.00197406565916631,0.9,0.626957178557288,0.767332287577768
16,40,1.6e+08,160000040,FALSE,TRUE,FALSE,1,"X2_dist",1,0.703083319085807,0.00438689907006048,0.9,0.594207883520188,0.812468239941198
16,40,1.6e+08,160000040,FALSE,TRUE,FALSE,1,"X3_norm",1,0.737629481944024,0.00221816208744116,0.9,0.668543039426742,0.813391702775593
16,40,1.6e+08,160000040,FALSE,TRUE,FALSE,1,"X4_row",1,0.785828544988236,0.00334209003429955,0.9,0.689168378384104,0.880018150975664
16,40,1.6e+08,160000040,FALSE,TRUE,FALSE,2,"intercept",-1,-0.878913713570499,0.00821031708196544,0.9,-1.04184412224638,-0.730852785676186
16,40,1.6e+08,160000040,FALSE,TRUE,FALSE,2,"X1_groups",1,0.882065567763736,0.0040840216717639,0.9,0.788947656282596,0.988191867307166
16,40,1.6e+08,160000040,FALSE,TRUE,FALSE,2,"X2_dist",1,0.894055652351686,0.00672570990990887,0.9,0.765741631949276,1.03086251454598
16,40,1.6e+08,160000040,FALSE,TRUE,FALSE,2,"X3_norm",1,0.938710853190198,0.00465019664331289,0.9,0.83264929822789,1.05542832068191
16,40,1.6e+08,160000040,FALSE,TRUE,FALSE,2,"X4_row",1,1.03694555893346,0.0060171506846173,0.9,0.916497320441362,1.17212047457581
16,41,1.6e+08,160000041,FALSE,FALSE,FALSE,0,"intercept",-1,-0.935722037256471,0.00715651125598837,0.9,-1.07779725232605,-0.796878219313892
16,41,1.6e+08,160000041,FALSE,FALSE,FALSE,0,"X1_groups",1,0.95052484774881,0.00308999854313556,0.9,0.8580482549302,1.03917210075927
16,41,1.6e+08,160000041,FALSE,FALSE,FALSE,0,"X2_dist",1,0.949309970930314,0.00547708444640418,0.9,0.825164721441737,1.06764876905298
16,41,1.6e+08,160000041,FALSE,FALSE,FALSE,0,"X3_norm",1,1.03228530163941,0.00349680649470909,0.9,0.932834424299767,1.13044737542368
16,41,1.6e+08,160000041,FALSE,FALSE,FALSE,0,"X4_row",1,0.996668087328648,0.00446016436823346,0.9,0.883053679131515,1.10968850455182
16,41,1.6e+08,160000041,FALSE,TRUE,FALSE,0,"intercept",-1,-0.647413182401632,0.00484949039202581,0.9,-0.76774622749745,-0.539756006077419
16,41,1.6e+08,160000041,FALSE,TRUE,FALSE,0,"X1_groups",1,0.579491686000477,0.00147773756489819,0.9,0.519811591663106,0.645743654060907
16,41,1.6e+08,160000041,FALSE,TRUE,FALSE,0,"X2_dist",1,0.6055874823423,0.00346415708699681,0.9,0.511111038966917,0.713660650853911
16,41,1.6e+08,160000041,FALSE,TRUE,FALSE,0,"X3_norm",1,0.697869998771673,0.00181055252680506,0.9,0.626399106039308,0.767070672093363
16,41,1.6e+08,160000041,FALSE,TRUE,FALSE,0,"X4_row",1,0.593856365282104,0.00223644851752528,0.9,0.514502135804128,0.669477611990822
16,41,1.6e+08,160000041,FALSE,FALSE,FALSE,1,"intercept",-1,-0.964373426850719,0.00626617700291779,0.9,-1.09250216527655,-0.841205868944516
16,41,1.6e+08,160000041,FALSE,FALSE,FALSE,1,"X1_groups",1,0.986469845910221,0.00311021596527757,0.9,0.888930973312062,1.08452671031505
16,41,1.6e+08,160000041,FALSE,FALSE,FALSE,1,"X2_dist",1,0.97402395756801,0.00536726146823048,0.9,0.861048169557259,1.10245406896113
16,41,1.6e+08,160000041,FALSE,FALSE,FALSE,1,"X3_norm",1,1.0624194633548,0.00367166886491013,0.9,0.964672353044384,1.16467444989464
16,41,1.6e+08,160000041,FALSE,FALSE,FALSE,1,"X4_row",1,1.02719575623059,0.00392300338748118,0.9,0.916681630184195,1.1368998561331
16,41,1.6e+08,160000041,FALSE,FALSE,FALSE,2,"intercept",-1,-1.00562796369332,0.00748066890759528,0.9,-1.15938572143723,-0.871696869096693
16,41,1.6e+08,160000041,FALSE,FALSE,FALSE,2,"X1_groups",1,1.01871000357347,0.0038908086467099,0.9,0.921557982246286,1.1275474667348
16,41,1.6e+08,160000041,FALSE,FALSE,FALSE,2,"X2_dist",1,1.01352035789028,0.00607310561740027,0.9,0.891849204072736,1.14782059962324
16,41,1.6e+08,160000041,FALSE,FALSE,FALSE,2,"X3_norm",1,1.09902081941698,0.0040725297892867,0.9,0.992843878834373,1.20277431384982
16,41,1.6e+08,160000041,FALSE,FALSE,FALSE,2,"X4_row",1,1.06060733602036,0.00464313403735361,0.9,0.944475302921476,1.18079083669226
16,41,1.6e+08,160000041,FALSE,TRUE,FALSE,1,"intercept",-1,-0.804492243362931,0.00596032838127576,0.9,-0.929027032490865,-0.67660977336271
16,41,1.6e+08,160000041,FALSE,TRUE,FALSE,1,"X1_groups",1,0.743507894458981,0.00244703218882451,0.9,0.661157974197706,0.830473488624397
16,41,1.6e+08,160000041,FALSE,TRUE,FALSE,1,"X2_dist",1,0.758189501259365,0.00447023878802612,0.9,0.648007114760617,0.87319062141862
16,41,1.6e+08,160000041,FALSE,TRUE,FALSE,1,"X3_norm",1,0.887949659024339,0.00296567186229736,0.9,0.798588103680866,0.9803163870495
16,41,1.6e+08,160000041,FALSE,TRUE,FALSE,1,"X4_row",1,0.75947795579071,0.00336945422210007,0.9,0.662401460795067,0.851307412777394
16,41,1.6e+08,160000041,FALSE,TRUE,FALSE,2,"intercept",-1,-0.961522301894918,0.00838456625036586,0.9,-1.12128233414046,-0.81664548845744
16,41,1.6e+08,160000041,FALSE,TRUE,FALSE,2,"X1_groups",1,0.893446874253105,0.00373508050428645,0.9,0.79376144284039,0.989730318943942
16,41,1.6e+08,160000041,FALSE,TRUE,FALSE,2,"X2_dist",1,0.919943621272489,0.00698018529099576,0.9,0.781708810535111,1.06302441154245
16,41,1.6e+08,160000041,FALSE,TRUE,FALSE,2,"X3_norm",1,1.07693025303668,0.00457851013392356,0.9,0.961197703423769,1.18078543031797
16,41,1.6e+08,160000041,FALSE,TRUE,FALSE,2,"X4_row",1,0.937498276763463,0.00513944204129827,0.9,0.819220064355833,1.05307021040337
16,42,1.6e+08,160000042,FALSE,FALSE,FALSE,0,"intercept",-1,-1.04951273950004,0.00723831336237847,0.9,-1.19155560373106,-0.92384366927852
16,42,1.6e+08,160000042,FALSE,FALSE,FALSE,0,"X1_groups",1,0.888485334699422,0.00256217957833286,0.9,0.808436900488694,0.970826451394997
16,42,1.6e+08,160000042,FALSE,FALSE,FALSE,0,"X2_dist",1,1.0286553575124,0.00524182748484732,0.9,0.917081351328889,1.1475576215805
16,42,1.6e+08,160000042,FALSE,FALSE,FALSE,0,"X3_norm",1,0.9721160281775,0.00316742794367068,0.9,0.879363817310024,1.06417163559556
16,42,1.6e+08,160000042,FALSE,FALSE,FALSE,0,"X4_row",1,1.0354977694537,0.00433604057851301,0.9,0.920422445376628,1.14075271697542
16,42,1.6e+08,160000042,FALSE,TRUE,FALSE,0,"intercept",-1,-0.700394016495681,0.00434478498345,0.9,-0.811502059037912,-0.598129904821692
16,42,1.6e+08,160000042,FALSE,TRUE,FALSE,0,"X1_groups",1,0.536941935729148,0.00154499397648828,0.9,0.474477420795019,0.599551386228762
16,42,1.6e+08,160000042,FALSE,TRUE,FALSE,0,"X2_dist",1,0.647790216179575,0.00329201156463956,0.9,0.559645037604288,0.744474225606938
16,42,1.6e+08,160000042,FALSE,TRUE,FALSE,0,"X3_norm",1,0.634705719735331,0.00177975823450551,0.9,0.569246197832581,0.701414032064729
16,42,1.6e+08,160000042,FALSE,TRUE,FALSE,0,"X4_row",1,0.596313675674872,0.00231528337140504,0.9,0.517234545412371,0.671163184701451
16,42,1.6e+08,160000042,FALSE,FALSE,FALSE,1,"intercept",-1,-1.10434433805725,0.00835585745255102,0.9,-1.25547973422793,-0.94940589448242
16,42,1.6e+08,160000042,FALSE,FALSE,FALSE,1,"X1_groups",1,0.934779386454024,0.00314462667266191,0.9,0.845232430424258,1.02858689450259
16,42,1.6e+08,160000042,FALSE,FALSE,FALSE,1,"X2_dist",1,1.07518291939528,0.00718966331368566,0.9,0.949207410222799,1.21389065298057
16,42,1.6e+08,160000042,FALSE,FALSE,FALSE,1,"X3_norm",1,1.01301419569939,0.00422848667003552,0.9,0.906312003491337,1.12033804496977
16,42,1.6e+08,160000042,FALSE,FALSE,FALSE,1,"X4_row",1,1.08580165033441,0.00503408510402008,0.9,0.973058521730848,1.19971656904505
16,42,1.6e+08,160000042,FALSE,FALSE,FALSE,2,"intercept",-1,-1.1617536613286,0.0101003534333277,0.9,-1.33514710615961,-1.01229385068469
16,42,1.6e+08,160000042,FALSE,FALSE,FALSE,2,"X1_groups",1,0.97140918153749,0.00378853593481992,0.9,0.870804545353161,1.07635972497519
16,42,1.6e+08,160000042,FALSE,FALSE,FALSE,2,"X2_dist",1,1.12722421553605,0.00814779799104205,0.9,0.964904986881951,1.28634540523591
16,42,1.6e+08,160000042,FALSE,FALSE,FALSE,2,"X3_norm",1,1.05470020071974,0.00461769089847161,0.9,0.945138833774955,1.16585299993612
16,42,1.6e+08,160000042,FALSE,FALSE,FALSE,2,"X4_row",1,1.13170300846261,0.00601952637827529,0.9,1.00865780894635,1.26660841227709
16,42,1.6e+08,160000042,FALSE,TRUE,FALSE,1,"intercept",-1,-0.838675000247627,0.00493264898158077,0.9,-0.95628997811683,-0.725546341030129
16,42,1.6e+08,160000042,FALSE,TRUE,FALSE,1,"X1_groups",1,0.649134784220328,0.00227352404476566,0.9,0.575456568029947,0.723240936371015
16,42,1.6e+08,160000042,FALSE,TRUE,FALSE,1,"X2_dist",1,0.767928545877798,0.00396985866040367,0.9,0.670188853789898,0.870394600442453
16,42,1.6e+08,160000042,FALSE,TRUE,FALSE,1,"X3_norm",1,0.748787168810978,0.00229477790325101,0.9,0.666858644549746,0.826241527625602
16,42,1.6e+08,160000042,FALSE,TRUE,FALSE,1,"X4_row",1,0.705537252903587,0.00303372797318083,0.9,0.610350085120434,0.801447258956625
16,42,1.6e+08,160000042,FALSE,TRUE,FALSE,2,"intercept",-1,-1.13324000234954,0.0104205148305305,0.9,-1.30717167166488,-0.978218011278928
16,42,1.6e+08,160000042,FALSE,TRUE,FALSE,2,"X1_groups",1,0.866196546635145,0.00403289603579102,0.9,0.761022220611242,0.972183058227379
16,42,1.6e+08,160000042,FALSE,TRUE,FALSE,2,"X2_dist",1,1.0527331340551,0.00865571246480059,0.9,0.907906833175555,1.20927505984341
16,42,1.6e+08,160000042,FALSE,TRUE,FALSE,2,"X3_norm",1,1.03979005241498,0.00513639127057906,0.9,0.9213623045862,1.16777179105743
16,42,1.6e+08,160000042,FALSE,TRUE,FALSE,2,"X4_row",1,0.987221147925534,0.00532825940048628,0.9,0.863050742218146,1.1033358589166
16,43,1.6e+08,160000043,FALSE,FALSE,FALSE,0,"intercept",-1,-0.879625568738713,0.00659536561741436,0.9,-1.01818161727146,-0.744838312004964
16,43,1.6e+08,160000043,FALSE,FALSE,FALSE,0,"X1_groups",1,0.869718133944291,0.00255776432540599,0.9,0.782273694956714,0.954126738074723
16,43,1.6e+08,160000043,FALSE,FALSE,FALSE,0,"X2_dist",1,0.942151215167656,0.00569869808654093,0.9,0.818669713079015,1.06749305551122
16,43,1.6e+08,160000043,FALSE,FALSE,FALSE,0,"X3_norm",1,0.985765408335145,0.00283892131397773,0.9,0.90203621562627,1.07465884623757
16,43,1.6e+08,160000043,FALSE,FALSE,FALSE,0,"X4_row",1,0.930121123218684,0.00380912025977337,0.9,0.831136375591776,1.03275498773026
16,43,1.6e+08,160000043,FALSE,TRUE,FALSE,0,"intercept",-1,-0.583806882992387,0.004272430843897,0.9,-0.697950662787818,-0.476247323352293
16,43,1.6e+08,160000043,FALSE,TRUE,FALSE,0,"X1_groups",1,0.535542936561712,0.00148853195595094,0.9,0.47595183561477,0.60040680886652
16,43,1.6e+08,160000043,FALSE,TRUE,FALSE,0,"X2_dist",1,0.589565918323209,0.00312241280539275,0.9,0.505597568445212,0.679422048622492
16,43,1.6e+08,160000043,FALSE,TRUE,FALSE,0,"X3_norm",1,0.587947373472943,0.00158005963023572,0.9,0.523620909046081,0.651556719782886
16,43,1.6e+08,160000043,FALSE,TRUE,FALSE,0,"X4_row",1,0.571974697625908,0.00219831756894024,0.9,0.495752262258686,0.649256833846807
16,43,1.6e+08,160000043,FALSE,FALSE,FALSE,1,"intercept",-1,-0.922683695634254,0.00658800861341359,0.9,-1.07297266823032,-0.796087314206547
16,43,1.6e+08,160000043,FALSE,FALSE,FALSE,1,"X1_groups",1,0.89583184497909,0.00287664262482184,0.9,0.808874051897731,0.985246328560269
16,43,1.6e+08,160000043,FALSE,FALSE,FALSE,1,"X2_dist",1,0.9808550772789,0.00563174209648519,0.9,0.868399382225764,1.10975445612609
16,43,1.6e+08,160000043,FALSE,FALSE,FALSE,1,"X3_norm",1,1.01624231862574,0.00360900193436264,0.9,0.91724730402622,1.11430227644529
16,43,1.6e+08,160000043,FALSE,FALSE,FALSE,1,"X4_row",1,0.961840588107263,0.0042470222143273,0.9,0.858872696097968,1.07038480307694
16,43,1.6e+08,160000043,FALSE,FALSE,FALSE,2,"intercept",-1,-0.969312186069509,0.00967949787834133,0.9,-1.14174073492745,-0.818849742816141
16,43,1.6e+08,160000043,FALSE,FALSE,FALSE,2,"X1_groups",1,0.919979485617785,0.00340011330794347,0.9,0.826679092011472,1.02000561587317
16,43,1.6e+08,160000043,FALSE,FALSE,FALSE,2,"X2_dist",1,1.02669658369899,0.00823918949946001,0.9,0.880128819438192,1.18936554025827
16,43,1.6e+08,160000043,FALSE,FALSE,FALSE,2,"X3_norm",1,1.0498439034915,0.0041026609966016,0.9,0.948889252031891,1.16055843431262
16,43,1.6e+08,160000043,FALSE,FALSE,FALSE,2,"X4_row",1,0.994436913510174,0.00452440968685115,0.9,0.892970025447988,1.10679935303778
16,43,1.6e+08,160000043,FALSE,TRUE,FALSE,1,"intercept",-1,-0.689341518880463,0.00557761830162618,0.9,-0.810741932427792,-0.569576836218153
16,43,1.6e+08,160000043,FALSE,TRUE,FALSE,1,"X1_groups",1,0.673978810133089,0.00213709986908709,0.9,0.601290469809401,0.754752143632695
16,43,1.6e+08,160000043,FALSE,TRUE,FALSE,1,"X2_dist",1,0.699864382305683,0.00442419051476571,0.9,0.604462292762779,0.810510803852611
16,43,1.6e+08,160000043,FALSE,TRUE,FALSE,1,"X3_norm",1,0.737774630331106,0.00232852838360783,0.9,0.662749947917276,0.815609584064513
16,43,1.6e+08,160000043,FALSE,TRUE,FALSE,1,"X4_row",1,0.724662044932318,0.00320854548768889,0.9,0.626973304587366,0.814344515373802
16,43,1.6e+08,160000043,FALSE,TRUE,FALSE,2,"intercept",-1,-0.925523589689445,0.00861535222405494,0.9,-1.0811232906176,-0.782667619568976
16,43,1.6e+08,160000043,FALSE,TRUE,FALSE,2,"X1_groups",1,0.912065493882607,0.0042964864035798,0.9,0.803156320669829,1.01941700541865
16,43,1.6e+08,160000043,FALSE,TRUE,FALSE,2,"X2_dist",1,0.946965499447242,0.0080755428624265,0.9,0.803336683350909,1.09675191704149
16,43,1.6e+08,160000043,FALSE,TRUE,FALSE,2,"X3_norm",1,0.987487202356823,0.00468491379416856,0.9,0.873199256093382,1.09379212544532
16,43,1.6e+08,160000043,FALSE,TRUE,FALSE,2,"X4_row",1,0.949655634938987,0.00511932388496384,0.9,0.831907570614764,1.07823315590237
16,44,1.6e+08,160000044,FALSE,FALSE,FALSE,0,"intercept",-1,-0.893975504375796,0.0072569768644923,0.9,-1.03181746612142,-0.7520063376235
16,44,1.6e+08,160000044,FALSE,FALSE,FALSE,0,"X1_groups",1,0.989822751446551,0.00275404876158458,0.9,0.909712880727486,1.0840004247144
16,44,1.6e+08,160000044,FALSE,FALSE,FALSE,0,"X2_dist",1,0.890395530920609,0.00536160111003634,0.9,0.775101335269543,1.01200803988789
16,44,1.6e+08,160000044,FALSE,FALSE,FALSE,0,"X3_norm",1,0.990950973997171,0.00324389666372963,0.9,0.903651123429481,1.08595140266053
16,44,1.6e+08,160000044,FALSE,FALSE,FALSE,0,"X4_row",1,0.956462780694783,0.00425032883532854,0.9,0.847581268813077,1.06093815755578
16,44,1.6e+08,160000044,FALSE,TRUE,FALSE,0,"intercept",-1,-0.580232907637073,0.00450489449897734,0.9,-0.690483100427845,-0.473610974614528
16,44,1.6e+08,160000044,FALSE,TRUE,FALSE,0,"X1_groups",1,0.60057629959911,0.00144542938558621,0.9,0.540210264809405,0.663568188352108
16,44,1.6e+08,160000044,FALSE,TRUE,FALSE,0,"X2_dist",1,0.569427489409339,0.00347554527085719,0.9,0.476072126771622,0.671126810836791
16,44,1.6e+08,160000044,FALSE,TRUE,FALSE,0,"X3_norm",1,0.62350839112982,0.00175206381560981,0.9,0.556909834285964,0.693415375169337
16,44,1.6e+08,160000044,FALSE,TRUE,FALSE,0,"X4_row",1,0.563091493377394,0.00209908687059494,0.9,0.488998947110071,0.647760671789695
16,44,1.6e+08,160000044,FALSE,FALSE,FALSE,1,"intercept",-1,-0.928798387143519,0.00671677769554373,0.9,-1.05503724902976,-0.795324617679814
16,44,1.6e+08,160000044,FALSE,FALSE,FALSE,1,"X1_groups",1,1.02866795818571,0.00300118399827605,0.9,0.938927345774767,1.11995424887081
16,44,1.6e+08,160000044,FALSE,FALSE,FALSE,1,"X2_dist",1,0.92150487619234,0.00548074811094592,0.9,0.804027713340861,1.0442309739504
16,44,1.6e+08,160000044,FALSE,FALSE,FALSE,1,"X3_norm",1,1.03044512698184,0.00364818020638826,0.9,0.937477897577978,1.13017649964569
16,44,1.6e+08,160000044,FALSE,FALSE,FALSE,1,"X4_row",1,0.995131947685014,0.00403000752977663,0.9,0.891600448599142,1.11269227431099
16,44,1.6e+08,160000044,FALSE,FALSE,FALSE,2,"intercept",-1,-0.963282294705306,0.0077480585118456,0.9,-1.09871702996038,-0.81477126961137
16,44,1.6e+08,160000044,FALSE,FALSE,FALSE,2,"X1_groups",1,1.05466690866763,0.00391153348934565,0.9,0.946388439992397,1.15460994592659
16,44,1.6e+08,160000044,FALSE,FALSE,FALSE,2,"X2_dist",1,0.952824149796921,0.00605671272904574,0.9,0.827227505133374,1.07525687437631
16,44,1.6e+08,160000044,FALSE,FALSE,FALSE,2,"X3_norm",1,1.06013379697096,0.00358208563996399,0.9,0.955644704797325,1.15797553293415
16,44,1.6e+08,160000044,FALSE,FALSE,FALSE,2,"X4_row",1,1.02246110353127,0.00460283367064481,0.9,0.912159238327595,1.13059785314437
16,44,1.6e+08,160000044,FALSE,TRUE,FALSE,1,"intercept",-1,-0.680804137743592,0.00517701036318163,0.9,-0.797254948971794,-0.560944837201886
16,44,1.6e+08,160000044,FALSE,TRUE,FALSE,1,"X1_groups",1,0.738268000125443,0.00232178553860648,0.9,0.660623879483362,0.816300997433431
16,44,1.6e+08,160000044,FALSE,TRUE,FALSE,1,"X2_dist",1,0.652450636554452,0.00394355881266485,0.9,0.547604747751956,0.759083668645203
16,44,1.6e+08,160000044,FALSE,TRUE,FALSE,1,"X3_norm",1,0.744448599765525,0.00226978865140033,0.9,0.667709336211157,0.823324102947474
16,44,1.6e+08,160000044,FALSE,TRUE,FALSE,1,"X4_row",1,0.698390156315783,0.00301746191851979,0.9,0.610007309740314,0.794911695754716
16,44,1.6e+08,160000044,FALSE,TRUE,FALSE,2,"intercept",-1,-0.836234130125822,0.00796565751631791,0.9,-0.978027153768465,-0.679044888583939
16,44,1.6e+08,160000044,FALSE,TRUE,FALSE,2,"X1_groups",1,0.891110413090105,0.00359954892032731,0.9,0.798670166776613,0.98848973723448
16,44,1.6e+08,160000044,FALSE,TRUE,FALSE,2,"X2_dist",1,0.808925529941727,0.0064051600033408,0.9,0.678417439485587,0.94349880721462
16,44,1.6e+08,160000044,FALSE,TRUE,FALSE,2,"X3_norm",1,0.915893854733381,0.00369028777472376,0.9,0.825793362564644,1.01809716474616
16,44,1.6e+08,160000044,FALSE,TRUE,FALSE,2,"X4_row",1,0.865039896092456,0.00497850100913278,0.9,0.754926081116657,0.981491595111788
16,45,1.6e+08,160000045,FALSE,FALSE,FALSE,0,"intercept",-1,-0.987599874700772,0.00691579421124975,0.9,-1.12557019737381,-0.845692007659562
16,45,1.6e+08,160000045,FALSE,FALSE,FALSE,0,"X1_groups",1,1.01078899879637,0.00316688402716975,0.9,0.91949979733072,1.10319961422453
16,45,1.6e+08,160000045,FALSE,FALSE,FALSE,0,"X2_dist",1,0.931255211171856,0.00495673730283426,0.9,0.818290292538796,1.03736670738272
16,45,1.6e+08,160000045,FALSE,FALSE,FALSE,0,"X3_norm",1,0.986412158158361,0.00327039710530561,0.9,0.893788472163813,1.07991889059233
16,45,1.6e+08,160000045,FALSE,FALSE,FALSE,0,"X4_row",1,0.920077085147779,0.00426049429468337,0.9,0.809316161443523,1.02630647810864
16,45,1.6e+08,160000045,FALSE,TRUE,FALSE,0,"intercept",-1,-0.628082839943163,0.00420967220401893,0.9,-0.734199487653852,-0.526977920869779
16,45,1.6e+08,160000045,FALSE,TRUE,FALSE,0,"X1_groups",1,0.588077577311559,0.00143899333385087,0.9,0.527756448869145,0.653909211241654
16,45,1.6e+08,160000045,FALSE,TRUE,FALSE,0,"X2_dist",1,0.634493427997994,0.00327101649761339,0.9,0.543635496131549,0.73109395512129
16,45,1.6e+08,160000045,FALSE,TRUE,FALSE,0,"X3_norm",1,0.570775491434068,0.00152700400555096,0.9,0.509463510212499,0.630244046261744
16,45,1.6e+08,160000045,FALSE,TRUE,FALSE,0,"X4_row",1,0.550001654689246,0.00193780084240417,0.9,0.473427368812665,0.617097960498527
16,45,1.6e+08,160000045,FALSE,FALSE,FALSE,1,"intercept",-1,-1.04669053046482,0.00696929876537234,0.9,-1.17391288962886,-0.908205102393652
16,45,1.6e+08,160000045,FALSE,FALSE,FALSE,1,"X1_groups",1,1.06915392644278,0.00360086745138225,0.9,0.973413750847024,1.16740785050071
16,45,1.6e+08,160000045,FALSE,FALSE,FALSE,1,"X2_dist",1,0.978330035324305,0.00548372737917187,0.9,0.861864827540349,1.09233805370017
16,45,1.6e+08,160000045,FALSE,FALSE,FALSE,1,"X3_norm",1,1.03209528115808,0.00449536114825718,0.9,0.930910188187067,1.14380460123278
16,45,1.6e+08,160000045,FALSE,FALSE,FALSE,1,"X4_row",1,0.970150382288223,0.00528384038378671,0.9,0.85644776321657,1.09447781870407
16,45,1.6e+08,160000045,FALSE,FALSE,FALSE,2,"intercept",-1,-1.09871724196376,0.0095837281594922,0.9,-1.26419627645856,-0.94959730089425
16,45,1.6e+08,160000045,FALSE,FALSE,FALSE,2,"X1_groups",1,1.11188147335299,0.00438632640946877,0.9,1.00382328539906,1.21663746399199
16,45,1.6e+08,160000045,FALSE,FALSE,FALSE,2,"X2_dist",1,1.02333167430773,0.00748715926388844,0.9,0.881419270101981,1.16009413315283
16,45,1.6e+08,160000045,FALSE,FALSE,FALSE,2,"X3_norm",1,1.07278649315589,0.00460135138759776,0.9,0.962131809262353,1.18496780460687
16,45,1.6e+08,160000045,FALSE,FALSE,FALSE,2,"X4_row",1,1.00810898833552,0.00556262694234611,0.9,0.891020752432778,1.132545456396
16,45,1.6e+08,160000045,FALSE,TRUE,FALSE,1,"intercept",-1,-0.781604643772522,0.00541835034057637,0.9,-0.898099178421836,-0.657691109156773
16,45,1.6e+08,160000045,FALSE,TRUE,FALSE,1,"X1_groups",1,0.756599898877923,0.0023039177521435,0.9,0.682889024886436,0.833761638015607
16,45,1.6e+08,160000045,FALSE,TRUE,FALSE,1,"X2_dist",1,0.790046454177533,0.00432685542621026,0.9,0.687212972447877,0.89818765773389
16,45,1.6e+08,160000045,FALSE,TRUE,FALSE,1,"X3_norm",1,0.747141326872494,0.00249055170867767,0.9,0.662822134670075,0.829105545541861
16,45,1.6e+08,160000045,FALSE,TRUE,FALSE,1,"X4_row",1,0.713957350260558,0.00337368928426694,0.9,0.612950970064208,0.800341274988038
16,45,1.6e+08,160000045,FALSE,TRUE,FALSE,2,"intercept",-1,-1.00582254061048,0.00954087682036369,0.9,-1.15147539783995,-0.845777185550714
16,45,1.6e+08,160000045,FALSE,TRUE,FALSE,2,"X1_groups",1,0.986012972308125,0.00471861078794013,0.9,0.879946271037113,1.10128175178186
16,45,1.6e+08,160000045,FALSE,TRUE,FALSE,2,"X2_dist",1,0.999346849565852,0.00771294405838983,0.9,0.858718490117331,1.13254886484811
16,45,1.6e+08,160000045,FALSE,TRUE,FALSE,2,"X3_norm",1,0.944323952619454,0.00448456264315015,0.9,0.832904659505734,1.05081956837641
16,45,1.6e+08,160000045,FALSE,TRUE,FALSE,2,"X4_row",1,0.897571756497077,0.00523688252927962,0.9,0.779179210099277,1.01288804649747
16,46,1.6e+08,160000046,FALSE,FALSE,FALSE,0,"intercept",-1,-0.94688694445647,0.00672271154114665,0.9,-1.07704937138872,-0.810383517299772
16,46,1.6e+08,160000046,FALSE,FALSE,FALSE,0,"X1_groups",1,0.924121456832524,0.00277869208967833,0.9,0.837722797558487,1.01418878525449
16,46,1.6e+08,160000046,FALSE,FALSE,FALSE,0,"X2_dist",1,0.891228391582965,0.00502424578159324,0.9,0.768731009333431,1.00662570674624
16,46,1.6e+08,160000046,FALSE,FALSE,FALSE,0,"X3_norm",1,1.0044644901895,0.00344932854847552,0.9,0.906720560343409,1.10513894077086
16,46,1.6e+08,160000046,FALSE,FALSE,FALSE,0,"X4_row",1,0.999030017752822,0.00414271752914293,0.9,0.888546617168483,1.09856107868805
16,46,1.6e+08,160000046,FALSE,TRUE,FALSE,0,"intercept",-1,-0.690737450176034,0.00425173842614889,0.9,-0.800200473004944,-0.587514419340646
16,46,1.6e+08,160000046,FALSE,TRUE,FALSE,0,"X1_groups",1,0.531929237705777,0.00157739683389794,0.9,0.46822688884599,0.599557479009444
16,46,1.6e+08,160000046,FALSE,TRUE,FALSE,0,"X2_dist",1,0.624862901250754,0.0031153184082746,0.9,0.534307828500335,0.716174730843723
16,46,1.6e+08,160000046,FALSE,TRUE,FALSE,0,"X3_norm",1,0.616624203499786,0.00156478210024451,0.9,0.555863078883808,0.687333428092568
16,46,1.6e+08,160000046,FALSE,TRUE,FALSE,0,"X4_row",1,0.560919915817024,0.00220226558966415,0.9,0.482346143003085,0.63508473582953
16,46,1.6e+08,160000046,FALSE,FALSE,FALSE,1,"intercept",-1,-0.9826975375783,0.00722620317625594,0.9,-1.12669178358381,-0.851738470182438
16,46,1.6e+08,160000046,FALSE,FALSE,FALSE,1,"X1_groups",1,0.963966056972796,0.00312317620795937,0.9,0.871749853117382,1.05106660733291
16,46,1.6e+08,160000046,FALSE,FALSE,FALSE,1,"X2_dist",1,0.922003815273028,0.00562457077327725,0.9,0.801488736739814,1.05271746277455
16,46,1.6e+08,160000046,FALSE,FALSE,FALSE,1,"X3_norm",1,1.04267843751641,0.00356324030061311,0.9,0.941377474851619,1.13369190004662
16,46,1.6e+08,160000046,FALSE,FALSE,FALSE,1,"X4_row",1,1.03640735154652,0.00419193615305722,0.9,0.926562318890337,1.14249286916681
16,46,1.6e+08,160000046,FALSE,FALSE,FALSE,2,"intercept",-1,-1.02409228759319,0.00902767222155187,0.9,-1.18123940576159,-0.871844504942036
16,46,1.6e+08,160000046,FALSE,FALSE,FALSE,2,"X1_groups",1,0.998590585426633,0.00368714450031725,0.9,0.899683203397689,1.09555189268737
16,46,1.6e+08,160000046,FALSE,FALSE,FALSE,2,"X2_dist",1,0.96030677910007,0.00744223461692442,0.9,0.826742089675089,1.10906446380914
16,46,1.6e+08,160000046,FALSE,FALSE,FALSE,2,"X3_norm",1,1.07534828275547,0.00451299040288022,0.9,0.958882426370184,1.17922599638547
16,46,1.6e+08,160000046,FALSE,FALSE,FALSE,2,"X4_row",1,1.06846949536638,0.00522828174619819,0.9,0.956505834275987,1.19046461316908
16,46,1.6e+08,160000046,FALSE,TRUE,FALSE,1,"intercept",-1,-0.82980156247136,0.00578136334301972,0.9,-0.955962714042747,-0.71760495850342
16,46,1.6e+08,160000046,FALSE,TRUE,FALSE,1,"X1_groups",1,0.65725690120468,0.00220042119017554,0.9,0.582736121852353,0.738413331667598
16,46,1.6e+08,160000046,FALSE,TRUE,FALSE,1,"X2_dist",1,0.781500757666717,0.0046625239894205,0.9,0.665803691628502,0.895537423544725
16,46,1.6e+08,160000046,FALSE,TRUE,FALSE,1,"X3_norm",1,0.748312128758045,0.00269648448438558,0.9,0.660363630371253,0.832877382841953
16,46,1.6e+08,160000046,FALSE,TRUE,FALSE,1,"X4_row",1,0.72689797979832,0.00329992721589984,0.9,0.635860903126918,0.824852710612832
16,46,1.6e+08,160000046,FALSE,TRUE,FALSE,2,"intercept",-1,-1.01551133370449,0.00932204743743385,0.9,-1.17060254670771,-0.868315879084757
16,46,1.6e+08,160000046,FALSE,TRUE,FALSE,2,"X1_groups",1,0.831834343780397,0.00440532313185185,0.9,0.731476472622613,0.943991842917143
16,46,1.6e+08,160000046,FALSE,TRUE,FALSE,2,"X2_dist",1,0.951624559694444,0.00760848381644653,0.9,0.811246983630056,1.10206592460336
16,46,1.6e+08,160000046,FALSE,TRUE,FALSE,2,"X3_norm",1,0.924531870034166,0.0041820321692967,0.9,0.824295768571213,1.02521993572485
16,46,1.6e+08,160000046,FALSE,TRUE,FALSE,2,"X4_row",1,0.913162851254365,0.00478541464637752,0.9,0.799737178623803,1.02417185662634
16,47,1.6e+08,160000047,FALSE,FALSE,FALSE,0,"intercept",-1,-1.01885416438898,0.0070395479873892,0.9,-1.15039423630154,-0.881614260390469
16,47,1.6e+08,160000047,FALSE,FALSE,FALSE,0,"X1_groups",1,0.983388651741012,0.00304511546797409,0.9,0.893948563238621,1.07718163276203
16,47,1.6e+08,160000047,FALSE,FALSE,FALSE,0,"X2_dist",1,0.993829500993333,0.00545858543697975,0.9,0.877458438617708,1.11336395409421
16,47,1.6e+08,160000047,FALSE,FALSE,FALSE,0,"X3_norm",1,0.953995906250685,0.00322759578795738,0.9,0.862519225626206,1.04609260039078
16,47,1.6e+08,160000047,FALSE,FALSE,FALSE,0,"X4_row",1,1.00951235762509,0.00459058374165905,0.9,0.894310391847058,1.12548257811975
16,47,1.6e+08,160000047,FALSE,TRUE,FALSE,0,"intercept",-1,-0.640200747130858,0.00454013499749788,0.9,-0.760804845363696,-0.535762379970751
16,47,1.6e+08,160000047,FALSE,TRUE,FALSE,0,"X1_groups",1,0.565490022562807,0.00149359508103449,0.9,0.507217363782518,0.633651999995944
16,47,1.6e+08,160000047,FALSE,TRUE,FALSE,0,"X2_dist",1,0.619190795100423,0.00342055137086895,0.9,0.521387015628556,0.709406523850694
16,47,1.6e+08,160000047,FALSE,TRUE,FALSE,0,"X3_norm",1,0.59396538505636,0.00139210512166546,0.9,0.534874597348968,0.653533126316871
16,47,1.6e+08,160000047,FALSE,TRUE,FALSE,0,"X4_row",1,0.522936674185701,0.00219343324098532,0.9,0.448028116302553,0.592562344904741
16,47,1.6e+08,160000047,FALSE,FALSE,FALSE,1,"intercept",-1,-1.0592696079169,0.00722728100940604,0.9,-1.19399232316082,-0.927164816194421
16,47,1.6e+08,160000047,FALSE,FALSE,FALSE,1,"X1_groups",1,1.01905581495558,0.00318940468801404,0.9,0.932688697825712,1.10802449975544
16,47,1.6e+08,160000047,FALSE,FALSE,FALSE,1,"X2_dist",1,1.02793405032975,0.0060433160317783,0.9,0.908545150844579,1.16522250852611
16,47,1.6e+08,160000047,FALSE,FALSE,FALSE,1,"X3_norm",1,0.984533637040134,0.00353132342149875,0.9,0.884889770158821,1.0810890585147
16,47,1.6e+08,160000047,FALSE,FALSE,FALSE,1,"X4_row",1,1.04500748286675,0.0045111654587615,0.9,0.935869639686548,1.15304371421373
16,47,1.6e+08,160000047,FALSE,FALSE,FALSE,2,"intercept",-1,-1.10504056477266,0.00836843198259938,0.9,-1.26059286531343,-0.962132195449232
16,47,1.6e+08,160000047,FALSE,FALSE,FALSE,2,"X1_groups",1,1.05541186879964,0.0040972232555203,0.9,0.954728062635093,1.16932999622347
16,47,1.6e+08,160000047,FALSE,FALSE,FALSE,2,"X2_dist",1,1.0701656543015,0.00713178432926506,0.9,0.9362190960531,1.20730306722127
16,47,1.6e+08,160000047,FALSE,FALSE,FALSE,2,"X3_norm",1,1.01681452012349,0.00408582689191907,0.9,0.909935778945207,1.11382843428127
16,47,1.6e+08,160000047,FALSE,FALSE,FALSE,2,"X4_row",1,1.08201310993907,0.00515818495648352,0.9,0.965047752809987,1.20119392322359
16,47,1.6e+08,160000047,FALSE,TRUE,FALSE,1,"intercept",-1,-0.805379817964905,0.00537680878760527,0.9,-0.924508908956222,-0.687764983681331
16,47,1.6e+08,160000047,FALSE,TRUE,FALSE,1,"X1_groups",1,0.765021236354895,0.00245146980243814,0.9,0.684381708859492,0.847868516855737
16,47,1.6e+08,160000047,FALSE,TRUE,FALSE,1,"X2_dist",1,0.774711264208829,0.00451328041853692,0.9,0.665810538708803,0.890077049239657
16,47,1.6e+08,160000047,FALSE,TRUE,FALSE,1,"X3_norm",1,0.778656152829528,0.00233566842535207,0.9,0.698292226991956,0.854622206219963
16,47,1.6e+08,160000047,FALSE,TRUE,FALSE,1,"X4_row",1,0.733648671193,0.0035166036509507,0.9,0.640225434920022,0.83591131104766
16,47,1.6e+08,160000047,FALSE,TRUE,FALSE,2,"intercept",-1,-0.940236672666557,0.00865381992266168,0.9,-1.10381165294215,-0.794214382503226
16,47,1.6e+08,160000047,FALSE,TRUE,FALSE,2,"X1_groups",1,0.917158792170885,0.00430561499934617,0.9,0.813133385201736,1.02099192156234
16,47,1.6e+08,160000047,FALSE,TRUE,FALSE,2,"X2_dist",1,0.919595258216407,0.00741612341278962,0.9,0.786482246160392,1.06979205920707
16,47,1.6e+08,160000047,FALSE,TRUE,FALSE,2,"X3_norm",1,0.927693138301588,0.00365845935859214,0.9,0.832679869458192,1.02491846124119
16,47,1.6e+08,160000047,FALSE,TRUE,FALSE,2,"X4_row",1,0.890003028906596,0.00508522371958635,0.9,0.77522424828699,1.00896686142406
16,48,1.6e+08,160000048,FALSE,FALSE,FALSE,0,"intercept",-1,-0.951736463221389,0.00724834510856689,0.9,-1.07952643368084,-0.810444515592201
16,48,1.6e+08,160000048,FALSE,FALSE,FALSE,0,"X1_groups",1,0.976877517731933,0.00300013609341192,0.9,0.889391296706322,1.06882517354481
16,48,1.6e+08,160000048,FALSE,FALSE,FALSE,0,"X2_dist",1,1.04920392666611,0.00574086982646551,0.9,0.921971852412477,1.16945134324582
16,48,1.6e+08,160000048,FALSE,FALSE,FALSE,0,"X3_norm",1,1.00164303489811,0.00341320427497316,0.9,0.907555793207704,1.09301689670112
16,48,1.6e+08,160000048,FALSE,FALSE,FALSE,0,"X4_row",1,1.02132467524302,0.00392318603202334,0.9,0.909096203186149,1.12334667971799
16,48,1.6e+08,160000048,FALSE,TRUE,FALSE,0,"intercept",-1,-0.628458357023785,0.00467418318345317,0.9,-0.737621714708611,-0.525967904470317
16,48,1.6e+08,160000048,FALSE,TRUE,FALSE,0,"X1_groups",1,0.582419765666956,0.00153855194560478,0.9,0.51831490728755,0.645904857100941
16,48,1.6e+08,160000048,FALSE,TRUE,FALSE,0,"X2_dist",1,0.634213794651105,0.00364560489345845,0.9,0.541560989905317,0.730607908632171
16,48,1.6e+08,160000048,FALSE,TRUE,FALSE,0,"X3_norm",1,0.640741539686219,0.00171142706390423,0.9,0.57589790811701,0.705613313479066
16,48,1.6e+08,160000048,FALSE,TRUE,FALSE,0,"X4_row",1,0.61520300899094,0.0023919874634318,0.9,0.531905274087565,0.690910732573626
16,48,1.6e+08,160000048,FALSE,FALSE,FALSE,1,"intercept",-1,-0.990960058782182,0.00703177834879477,0.9,-1.12726822277251,-0.861398969848441
16,48,1.6e+08,160000048,FALSE,FALSE,FALSE,1,"X1_groups",1,1.01856655628032,0.00317405701730504,0.9,0.923962809351379,1.10796554533386
16,48,1.6e+08,160000048,FALSE,FALSE,FALSE,1,"X2_dist",1,1.08728295168587,0.00645920234969088,0.9,0.964278140437094,1.22920191767702
16,48,1.6e+08,160000048,FALSE,FALSE,FALSE,1,"X3_norm",1,1.04301638982987,0.00381600705085878,0.9,0.938333910613408,1.13947181600722
16,48,1.6e+08,160000048,FALSE,FALSE,FALSE,1,"X4_row",1,1.06295659181184,0.00459855115842407,0.9,0.949041210149399,1.17155843676169
16,48,1.6e+08,160000048,FALSE,FALSE,FALSE,2,"intercept",-1,-1.03048964807483,0.00810904784559925,0.9,-1.18001170483996,-0.883571122244987
16,48,1.6e+08,160000048,FALSE,FALSE,FALSE,2,"X1_groups",1,1.0492923594848,0.00395393459820025,0.9,0.943401337247303,1.15798578494447
16,48,1.6e+08,160000048,FALSE,FALSE,FALSE,2,"X2_dist",1,1.12933142956342,0.0075496417759735,0.9,0.988909671269619,1.26880484516435
16,48,1.6e+08,160000048,FALSE,FALSE,FALSE,2,"X3_norm",1,1.07603737451434,0.00451938807907747,0.9,0.96946811745943,1.18798452594769
16,48,1.6e+08,160000048,FALSE,FALSE,FALSE,2,"X4_row",1,1.09994380786561,0.00574707974321586,0.9,0.985217635363788,1.22908526956942
16,48,1.6e+08,160000048,FALSE,TRUE,FALSE,1,"intercept",-1,-0.745576393857716,0.00563986117344185,0.9,-0.865660086862297,-0.625864404838585
16,48,1.6e+08,160000048,FALSE,TRUE,FALSE,1,"X1_groups",1,0.733209742767586,0.0023455885519998,0.9,0.657388974354311,0.813645893496808
16,48,1.6e+08,160000048,FALSE,TRUE,FALSE,1,"X2_dist",1,0.764870061916508,0.00487728700743305,0.9,0.645119510525119,0.888102729191023
16,48,1.6e+08,160000048,FALSE,TRUE,FALSE,1,"X3_norm",1,0.806176103304794,0.00278971114076506,0.9,0.724702604868989,0.890809558111914
16,48,1.6e+08,160000048,FALSE,TRUE,FALSE,1,"X4_row",1,0.789920371812385,0.00328533106151789,0.9,0.696051004103211,0.881378732689215
16,48,1.6e+08,160000048,FALSE,TRUE,FALSE,2,"intercept",-1,-0.96961828838907,0.0093180234868418,0.9,-1.1329742717487,-0.820396768025822
16,48,1.6e+08,160000048,FALSE,TRUE,FALSE,2,"X1_groups",1,0.920956894995816,0.00472845393797624,0.9,0.808692920708456,1.02961306242171
16,48,1.6e+08,160000048,FALSE,TRUE,FALSE,2,"X2_dist",1,0.992091179109301,0.00839134703907523,0.9,0.848898953095826,1.15039054293671
16,48,1.6e+08,160000048,FALSE,TRUE,FALSE,2,"X3_norm",1,1.01030987237643,0.0047209563835025,0.9,0.898070639514538,1.12645055602076
16,48,1.6e+08,160000048,FALSE,TRUE,FALSE,2,"X4_row",1,1.01689701572181,0.00607207476493883,0.9,0.894996123850646,1.14412739567652
16,49,1.6e+08,160000049,FALSE,FALSE,FALSE,0,"intercept",-1,-0.995947113544395,0.00706367286855353,0.9,-1.13063669538159,-0.860595861457046
16,49,1.6e+08,160000049,FALSE,FALSE,FALSE,0,"X1_groups",1,0.983910171239018,0.00291509096132318,0.9,0.896162551271652,1.07145021255113
16,49,1.6e+08,160000049,FALSE,FALSE,FALSE,0,"X2_dist",1,0.988955195068756,0.00554891477119309,0.9,0.868910455935489,1.10906801094783
16,49,1.6e+08,160000049,FALSE,FALSE,FALSE,0,"X3_norm",1,1.03624750823411,0.00361699783989701,0.9,0.933898932472819,1.13322231642054
16,49,1.6e+08,160000049,FALSE,FALSE,FALSE,0,"X4_row",1,0.981324335126732,0.00426070827482457,0.9,0.869210585370355,1.07496794633232
16,49,1.6e+08,160000049,FALSE,TRUE,FALSE,0,"intercept",-1,-0.675764068416326,0.00468498143610244,0.9,-0.790402113000022,-0.563986290446572
16,49,1.6e+08,160000049,FALSE,TRUE,FALSE,0,"X1_groups",1,0.599466459164249,0.00149451211363884,0.9,0.541884678213624,0.665701064648266
16,49,1.6e+08,160000049,FALSE,TRUE,FALSE,0,"X2_dist",1,0.663895204417035,0.00335835607687086,0.9,0.575758043291017,0.764302498264231
16,49,1.6e+08,160000049,FALSE,TRUE,FALSE,0,"X3_norm",1,0.640887991903124,0.00166553019443321,0.9,0.577228276905723,0.710173500178463
16,49,1.6e+08,160000049,FALSE,TRUE,FALSE,0,"X4_row",1,0.60277989697878,0.00253014230177804,0.9,0.515052621088254,0.679372027812562
16,49,1.6e+08,160000049,FALSE,FALSE,FALSE,1,"intercept",-1,-1.04712389825867,0.00794203625211875,0.9,-1.19213201875858,-0.906703122846293
16,49,1.6e+08,160000049,FALSE,FALSE,FALSE,1,"X1_groups",1,1.03287059846588,0.00388090340568612,0.9,0.927820764888617,1.12573940016152
16,49,1.6e+08,160000049,FALSE,FALSE,FALSE,1,"X2_dist",1,1.03618919144826,0.00583242296536919,0.9,0.909158125424411,1.16234417346881
16,49,1.6e+08,160000049,FALSE,FALSE,FALSE,1,"X3_norm",1,1.07716861511305,0.00389077129150248,0.9,0.977927065054211,1.17945350139814
16,49,1.6e+08,160000049,FALSE,FALSE,FALSE,1,"X4_row",1,1.03021853345351,0.00441273039198567,0.9,0.918534911834788,1.14397613169873
16,49,1.6e+08,160000049,FALSE,FALSE,FALSE,2,"intercept",-1,-1.10024759379562,0.00968929026427323,0.9,-1.2683189003615,-0.926496586130818
16,49,1.6e+08,160000049,FALSE,FALSE,FALSE,2,"X1_groups",1,1.07996682832974,0.00531054876283566,0.9,0.960050721105917,1.20408911882541
16,49,1.6e+08,160000049,FALSE,FALSE,FALSE,2,"X2_dist",1,1.08678725384232,0.00865905393139796,0.9,0.933672936689768,1.24397135102112
16,49,1.6e+08,160000049,FALSE,FALSE,FALSE,2,"X3_norm",1,1.1213497039805,0.00464175750909496,0.9,1.01242529008113,1.22549015651996
16,49,1.6e+08,160000049,FALSE,FALSE,FALSE,2,"X4_row",1,1.06990418654078,0.00553980218918986,0.9,0.952861360615468,1.19780977696937
16,49,1.6e+08,160000049,FALSE,TRUE,FALSE,1,"intercept",-1,-0.827363183309298,0.00546864843095304,0.9,-0.943032331320516,-0.703560806173122
16,49,1.6e+08,160000049,FALSE,TRUE,FALSE,1,"X1_groups",1,0.726997755632811,0.0024282334583805,0.9,0.648302350812279,0.811637551919629
16,49,1.6e+08,160000049,FALSE,TRUE,FALSE,1,"X2_dist",1,0.814676553141588,0.00459345630693805,0.9,0.701534615047049,0.93283091051246
16,49,1.6e+08,160000049,FALSE,TRUE,FALSE,1,"X3_norm",1,0.769318955000841,0.00252228623836661,0.9,0.686370025342712,0.850748259056707
16,49,1.6e+08,160000049,FALSE,TRUE,FALSE,1,"X4_row",1,0.76332976968573,0.00327167518670243,0.9,0.672730157605911,0.861174636067278
16,49,1.6e+08,160000049,FALSE,TRUE,FALSE,2,"intercept",-1,-1.05425379967951,0.00928065451351167,0.9,-1.22205539505202,-0.898102522799685
16,49,1.6e+08,160000049,FALSE,TRUE,FALSE,2,"X1_groups",1,0.963491053212555,0.00500413352753938,0.9,0.850484119173137,1.08965921558422
16,49,1.6e+08,160000049,FALSE,TRUE,FALSE,2,"X2_dist",1,1.04243801347105,0.00843692467849082,0.9,0.906112477982614,1.20309537416524
16,49,1.6e+08,160000049,FALSE,TRUE,FALSE,2,"X3_norm",1,1.00350530190305,0.00505429270686252,0.9,0.893659486891122,1.12986500168877
16,49,1.6e+08,160000049,FALSE,TRUE,FALSE,2,"X4_row",1,1.01266151590958,0.0058021450895304,0.9,0.89964627461124,1.14592534538468
16,50,1.6e+08,160000050,FALSE,FALSE,FALSE,0,"intercept",-1,-1.10433210662707,0.00790307217451478,0.9,-1.2514093775684,-0.965608858060815
16,50,1.6e+08,160000050,FALSE,FALSE,FALSE,0,"X1_groups",1,1.05243007443224,0.00331592445881393,0.9,0.968827407074052,1.1544220503248
16,50,1.6e+08,160000050,FALSE,FALSE,FALSE,0,"X2_dist",1,1.1124644668849,0.00613440525665735,0.9,0.981987249682356,1.24322841816487
16,50,1.6e+08,160000050,FALSE,FALSE,FALSE,0,"X3_norm",1,1.08794155039091,0.00415654068195611,0.9,0.992726405102158,1.1996587334861
16,50,1.6e+08,160000050,FALSE,FALSE,FALSE,0,"X4_row",1,1.09952577892534,0.00456923106489471,0.9,0.991346121247347,1.2123794603966
16,50,1.6e+08,160000050,FALSE,TRUE,FALSE,0,"intercept",-1,-0.678465578149615,0.00464755747171188,0.9,-0.794778423608093,-0.56782938978394
16,50,1.6e+08,160000050,FALSE,TRUE,FALSE,0,"X1_groups",1,0.592382572029284,0.00149586934389149,0.9,0.532783251123272,0.657153911438799
16,50,1.6e+08,160000050,FALSE,TRUE,FALSE,0,"X2_dist",1,0.659578977364935,0.00361244595754103,0.9,0.56191729287406,0.759322074869037
16,50,1.6e+08,160000050,FALSE,TRUE,FALSE,0,"X3_norm",1,0.575152632890618,0.00159066615345337,0.9,0.515512142971688,0.644519604216511
16,50,1.6e+08,160000050,FALSE,TRUE,FALSE,0,"X4_row",1,0.556359799524772,0.00225702183332743,0.9,0.474390966997849,0.633349577391193
16,50,1.6e+08,160000050,FALSE,FALSE,FALSE,1,"intercept",-1,-1.17016202135317,0.00981683770950706,0.9,-1.34582846288373,-1.01743666498207
16,50,1.6e+08,160000050,FALSE,FALSE,FALSE,1,"X1_groups",1,1.11283427855916,0.0046564505614701,0.9,1.0014136757508,1.2288310565101
16,50,1.6e+08,160000050,FALSE,FALSE,FALSE,1,"X2_dist",1,1.17212149306382,0.00815430515447526,0.9,1.03100728654744,1.33001983264244
16,50,1.6e+08,160000050,FALSE,FALSE,FALSE,1,"X3_norm",1,1.15027916573149,0.00582865022354812,0.9,1.02934961929331,1.2822673265457
16,50,1.6e+08,160000050,FALSE,FALSE,FALSE,1,"X4_row",1,1.15604612109534,0.00610832759479858,0.9,1.02842975929376,1.28717613349493
16,50,1.6e+08,160000050,FALSE,FALSE,FALSE,2,"intercept",-1,-1.21682730899178,0.00903130516612134,0.9,-1.37201220286932,-1.05774418804032
16,50,1.6e+08,160000050,FALSE,FALSE,FALSE,2,"X1_groups",1,1.14827744933059,0.00480032274264499,0.9,1.03750854893639,1.26572639912316
16,50,1.6e+08,160000050,FALSE,FALSE,FALSE,2,"X2_dist",1,1.21988776237154,0.00837431197755941,0.9,1.06823097346295,1.36712467477663
16,50,1.6e+08,160000050,FALSE,FALSE,FALSE,2,"X3_norm",1,1.19848330751159,0.00548736104091007,0.9,1.08411975779463,1.32674403215545
16,50,1.6e+08,160000050,FALSE,FALSE,FALSE,2,"X4_row",1,1.20180539606305,0.00662475924791366,0.9,1.06697911654797,1.33623225226675
16,50,1.6e+08,160000050,FALSE,TRUE,FALSE,1,"intercept",-1,-0.852493224070535,0.00542933202316613,0.9,-0.976382920977582,-0.720840696072697
16,50,1.6e+08,160000050,FALSE,TRUE,FALSE,1,"X1_groups",1,0.745609616179682,0.00230895989132133,0.9,0.677577901835288,0.826192405904179
16,50,1.6e+08,160000050,FALSE,TRUE,FALSE,1,"X2_dist",1,0.835226062146482,0.00460339415544793,0.9,0.721599640804751,0.952653476186006
16,50,1.6e+08,160000050,FALSE,TRUE,FALSE,1,"X3_norm",1,0.734958883132114,0.00246001966641649,0.9,0.651364432551994,0.815860496286547
16,50,1.6e+08,160000050,FALSE,TRUE,FALSE,1,"X4_row",1,0.725325895814934,0.00305043056201696,0.9,0.635975243964921,0.814830940925875
16,50,1.6e+08,160000050,FALSE,TRUE,FALSE,2,"intercept",-1,-1.14332455984644,0.0101891651851287,0.9,-1.31649535001263,-0.971742187958649
16,50,1.6e+08,160000050,FALSE,TRUE,FALSE,2,"X1_groups",1,0.97772457143159,0.00562021781239477,0.9,0.860239796705901,1.10388812798495
16,50,1.6e+08,160000050,FALSE,TRUE,FALSE,2,"X2_dist",1,1.11787342008467,0.00869770030016905,0.9,0.962109149196041,1.26601155313983
16,50,1.6e+08,160000050,FALSE,TRUE,FALSE,2,"X3_norm",1,0.983340386175907,0.00500947413893449,0.9,0.872960886912937,1.09993993307388
16,50,1.6e+08,160000050,FALSE,TRUE,FALSE,2,"X4_row",1,0.973533212836559,0.00509083593957287,0.9,0.865688274922764,1.09274504418463
16,51,1.6e+08,160000051,FALSE,FALSE,FALSE,0,"intercept",-1,-0.990176172541137,0.00689612363004208,0.9,-1.12680945778547,-0.855746920659774
16,51,1.6e+08,160000051,FALSE,FALSE,FALSE,0,"X1_groups",1,0.947872231207183,0.0028608068386765,0.9,0.859382270160304,1.03710951099369
16,51,1.6e+08,160000051,FALSE,FALSE,FALSE,0,"X2_dist",1,0.981340809342755,0.00532592209512536,0.9,0.862834181455351,1.1112661831702
16,51,1.6e+08,160000051,FALSE,FALSE,FALSE,0,"X3_norm",1,0.975521787019096,0.00316342220192246,0.9,0.883434050538191,1.06779858376823
16,51,1.6e+08,160000051,FALSE,FALSE,FALSE,0,"X4_row",1,0.967569180571634,0.00423239184926291,0.9,0.856928329852314,1.07364681200256
16,51,1.6e+08,160000051,FALSE,TRUE,FALSE,0,"intercept",-1,-0.666469224464186,0.00457982018398693,0.9,-0.783635061520753,-0.564369471912723
16,51,1.6e+08,160000051,FALSE,TRUE,FALSE,0,"X1_groups",1,0.568769104018018,0.00140495093990394,0.9,0.507300691872829,0.628892217597038
16,51,1.6e+08,160000051,FALSE,TRUE,FALSE,0,"X2_dist",1,0.621318150790025,0.0034943536272114,0.9,0.528515727683588,0.725012297547033
16,51,1.6e+08,160000051,FALSE,TRUE,FALSE,0,"X3_norm",1,0.6511207918206,0.00183960117157469,0.9,0.580649177693653,0.724877375114019
16,51,1.6e+08,160000051,FALSE,TRUE,FALSE,0,"X4_row",1,0.561620300785413,0.0021277730484782,0.9,0.485409812839313,0.63146740230411
16,51,1.6e+08,160000051,FALSE,FALSE,FALSE,1,"intercept",-1,-1.02730004778976,0.00666617118225938,0.9,-1.15225116162454,-0.883602570615216
16,51,1.6e+08,160000051,FALSE,FALSE,FALSE,1,"X1_groups",1,0.986068967859298,0.00334290421177331,0.9,0.898022434667279,1.08205099860719
16,51,1.6e+08,160000051,FALSE,FALSE,FALSE,1,"X2_dist",1,1.01404138787014,0.00519307125610327,0.9,0.892704359176151,1.13044456823104
16,51,1.6e+08,160000051,FALSE,FALSE,FALSE,1,"X3_norm",1,1.01220966300083,0.00354984723216891,0.9,0.908837355509098,1.1121116276989
16,51,1.6e+08,160000051,FALSE,FALSE,FALSE,1,"X4_row",1,1.00441050163976,0.00423886921978597,0.9,0.8949502699442,1.10880810989399
16,51,1.6e+08,160000051,FALSE,FALSE,FALSE,2,"intercept",-1,-1.06476169275898,0.00745133523619953,0.9,-1.20344289258439,-0.92370439587389
16,51,1.6e+08,160000051,FALSE,FALSE,FALSE,2,"X1_groups",1,1.01935259409595,0.00344915853863029,0.9,0.924889904355134,1.12891213622051
16,51,1.6e+08,160000051,FALSE,FALSE,FALSE,2,"X2_dist",1,1.0510896724574,0.00621483983774842,0.9,0.927002557922059,1.18451746032736
16,51,1.6e+08,160000051,FALSE,FALSE,FALSE,2,"X3_norm",1,1.05265210868031,0.00425434361902493,0.9,0.94392294526395,1.15558746999072
16,51,1.6e+08,160000051,FALSE,FALSE,FALSE,2,"X4_row",1,1.04349485333878,0.00460637651821696,0.9,0.938070966335463,1.16054556814836
16,51,1.6e+08,160000051,FALSE,TRUE,FALSE,1,"intercept",-1,-0.764415493957501,0.00552195012629543,0.9,-0.880787455872916,-0.641798959093432
16,51,1.6e+08,160000051,FALSE,TRUE,FALSE,1,"X1_groups",1,0.679198294046439,0.00225705850522831,0.9,0.599521784755378,0.754191542665377
16,51,1.6e+08,160000051,FALSE,TRUE,FALSE,1,"X2_dist",1,0.714346904247381,0.00468308438575534,0.9,0.602206990665536,0.823455898162961
16,51,1.6e+08,160000051,FALSE,TRUE,FALSE,1,"X3_norm",1,0.750974188038403,0.00224544349930237,0.9,0.673181978364755,0.824065371358737
16,51,1.6e+08,160000051,FALSE,TRUE,FALSE,1,"X4_row",1,0.659442655097531,0.00286965886567057,0.9,0.569274187428012,0.746741595273516
16,51,1.6e+08,160000051,FALSE,TRUE,FALSE,2,"intercept",-1,-0.940269383609859,0.0090329739507355,0.9,-1.10255190927316,-0.796949791522685
16,51,1.6e+08,160000051,FALSE,TRUE,FALSE,2,"X1_groups",1,0.854518036918718,0.00367622428265545,0.9,0.75950252107271,0.9603438424631
16,51,1.6e+08,160000051,FALSE,TRUE,FALSE,2,"X2_dist",1,0.9009544399667,0.00724588084286573,0.9,0.775706193675566,1.04424609360354
16,51,1.6e+08,160000051,FALSE,TRUE,FALSE,2,"X3_norm",1,0.940723182642277,0.00373966905357245,0.9,0.842577404973619,1.03704990115361
16,51,1.6e+08,160000051,FALSE,TRUE,FALSE,2,"X4_row",1,0.860561460353773,0.00465797707147197,0.9,0.752830415343127,0.973231313226626
16,52,1.6e+08,160000052,FALSE,FALSE,FALSE,0,"intercept",-1,-1.1851914636117,0.00858950248344833,0.9,-1.33660456829046,-1.03495253828937
16,52,1.6e+08,160000052,FALSE,FALSE,FALSE,0,"X1_groups",1,1.18591609766192,0.00411790750615413,0.9,1.08855535476786,1.29193776848566
16,52,1.6e+08,160000052,FALSE,FALSE,FALSE,0,"X2_dist",1,1.11889309211517,0.00636127186199853,0.9,0.990032045658516,1.24061119436522
16,52,1.6e+08,160000052,FALSE,FALSE,FALSE,0,"X3_norm",1,1.04675145273621,0.00397754979074671,0.9,0.952362972676675,1.15087948380944
16,52,1.6e+08,160000052,FALSE,FALSE,FALSE,0,"X4_row",1,1.03371472700552,0.00471079124628191,0.9,0.925008119081669,1.14062022893362
16,52,1.6e+08,160000052,FALSE,TRUE,FALSE,0,"intercept",-1,-0.666674094398943,0.00456264861586642,0.9,-0.782668270252338,-0.563702485273037
16,52,1.6e+08,160000052,FALSE,TRUE,FALSE,0,"X1_groups",1,0.644494524303593,0.00159024177195518,0.9,0.58274339467616,0.708251914177507
16,52,1.6e+08,160000052,FALSE,TRUE,FALSE,0,"X2_dist",1,0.62085011268207,0.00332089090345091,0.9,0.528252659417174,0.712786550294172
16,52,1.6e+08,160000052,FALSE,TRUE,FALSE,0,"X3_norm",1,0.54765832381482,0.0014656209021453,0.9,0.485648963581763,0.612327292910976
16,52,1.6e+08,160000052,FALSE,TRUE,FALSE,0,"X4_row",1,0.604084445098353,0.00239047926548226,0.9,0.517549258754444,0.683732272885141
16,52,1.6e+08,160000052,FALSE,FALSE,FALSE,1,"intercept",-1,-1.22416886742401,0.00913150063713667,0.9,-1.37790326406318,-1.06847073044603
16,52,1.6e+08,160000052,FALSE,FALSE,FALSE,1,"X1_groups",1,1.2232342628767,0.00437612086802695,0.9,1.1207307905407,1.33796395001927
16,52,1.6e+08,160000052,FALSE,FALSE,FALSE,1,"X2_dist",1,1.15102909766015,0.00737000894617336,0.9,1.01814466497483,1.29686511182313
16,52,1.6e+08,160000052,FALSE,FALSE,FALSE,1,"X3_norm",1,1.07446121628651,0.00447073957623153,0.9,0.96338350017771,1.18467129640305
16,52,1.6e+08,160000052,FALSE,FALSE,FALSE,1,"X4_row",1,1.06623271855758,0.00543716433788059,0.9,0.942213050400181,1.18896730371504
16,52,1.6e+08,160000052,FALSE,FALSE,FALSE,2,"intercept",-1,-1.26948371325555,0.00961101056411948,0.9,-1.42964342389351,-1.10979684662235
16,52,1.6e+08,160000052,FALSE,FALSE,FALSE,2,"X1_groups",1,1.26200004949172,0.00504911465206591,0.9,1.13874683497254,1.38508232045611
16,52,1.6e+08,160000052,FALSE,FALSE,FALSE,2,"X2_dist",1,1.19261743807126,0.00814131749397312,0.9,1.03852485872605,1.34179986586486
16,52,1.6e+08,160000052,FALSE,FALSE,FALSE,2,"X3_norm",1,1.10806513541852,0.00483976503036276,0.9,0.991080661719281,1.22066565754379
16,52,1.6e+08,160000052,FALSE,FALSE,FALSE,2,"X4_row",1,1.10125689264347,0.0053530546138116,0.9,0.984769666477759,1.22419406183672
16,52,1.6e+08,160000052,FALSE,TRUE,FALSE,1,"intercept",-1,-0.850288466574146,0.00610521165885697,0.9,-0.993029628776652,-0.727085398171231
16,52,1.6e+08,160000052,FALSE,TRUE,FALSE,1,"X1_groups",1,0.838656012928793,0.00236589988660497,0.9,0.760876253998009,0.920410358748975
16,52,1.6e+08,160000052,FALSE,TRUE,FALSE,1,"X2_dist",1,0.796914959644714,0.00508284171946307,0.9,0.682401426377309,0.924052968754603
16,52,1.6e+08,160000052,FALSE,TRUE,FALSE,1,"X3_norm",1,0.730543255022082,0.0025528255974548,0.9,0.645670500639362,0.810087173893164
16,52,1.6e+08,160000052,FALSE,TRUE,FALSE,1,"X4_row",1,0.810731351820206,0.00375461699964911,0.9,0.711536757882048,0.916325047178477
16,52,1.6e+08,160000052,FALSE,TRUE,FALSE,2,"intercept",-1,-1.09434074319434,0.0105817145409304,0.9,-1.26492153188313,-0.931585827172027
16,52,1.6e+08,160000052,FALSE,TRUE,FALSE,2,"X1_groups",1,1.08330256812438,0.00529856345466798,0.9,0.961683180880264,1.20480797176216
16,52,1.6e+08,160000052,FALSE,TRUE,FALSE,2,"X2_dist",1,1.04354834900822,0.00908777344401765,0.9,0.90076899284294,1.20676109654065
16,52,1.6e+08,160000052,FALSE,TRUE,FALSE,2,"X3_norm",1,0.942522623142369,0.0046400320418259,0.9,0.83354342257832,1.04783943222886
16,52,1.6e+08,160000052,FALSE,TRUE,FALSE,2,"X4_row",1,1.03063890232864,0.00585377525590681,0.9,0.912885943682318,1.16354202961646
16,53,1.6e+08,160000053,FALSE,FALSE,FALSE,0,"intercept",-1,-0.884493014681798,0.00635092975304852,0.9,-1.01239934280805,-0.764859918551393
16,53,1.6e+08,160000053,FALSE,FALSE,FALSE,0,"X1_groups",1,0.953208876310243,0.0027817780551028,0.9,0.868318560048597,1.04328116546264
16,53,1.6e+08,160000053,FALSE,FALSE,FALSE,0,"X2_dist",1,0.904188832678178,0.00473159721147722,0.9,0.791183615490391,1.0100297285218
16,53,1.6e+08,160000053,FALSE,FALSE,FALSE,0,"X3_norm",1,0.852779123922166,0.00290191472908139,0.9,0.770637953106642,0.945557231721072
16,53,1.6e+08,160000053,FALSE,FALSE,FALSE,0,"X4_row",1,1.03997032390647,0.00433394290573795,0.9,0.929268606324029,1.14970901198063
16,53,1.6e+08,160000053,FALSE,TRUE,FALSE,0,"intercept",-1,-0.566907947754776,0.0041304672140084,0.9,-0.666515453778288,-0.469509931124066
16,53,1.6e+08,160000053,FALSE,TRUE,FALSE,0,"X1_groups",1,0.588569420255586,0.00156446561246501,0.9,0.52608046282716,0.659806314883327
16,53,1.6e+08,160000053,FALSE,TRUE,FALSE,0,"X2_dist",1,0.552798280299739,0.0031220264302286,0.9,0.46343875707792,0.644746111961104
16,53,1.6e+08,160000053,FALSE,TRUE,FALSE,0,"X3_norm",1,0.542633016400451,0.00139147653090313,0.9,0.480801318174032,0.603224342637262
16,53,1.6e+08,160000053,FALSE,TRUE,FALSE,0,"X4_row",1,0.595624460847288,0.00238777634479345,0.9,0.513649246791222,0.671356410049411
16,53,1.6e+08,160000053,FALSE,FALSE,FALSE,1,"intercept",-1,-0.929710096053549,0.00750762397750477,0.9,-1.06807404581753,-0.793794721375443
16,53,1.6e+08,160000053,FALSE,FALSE,FALSE,1,"X1_groups",1,0.995152290312352,0.00308129200302555,0.9,0.908733229444433,1.08205380001749
16,53,1.6e+08,160000053,FALSE,FALSE,FALSE,1,"X2_dist",1,0.946096222976216,0.00602312391352358,0.9,0.826570009499434,1.07857154329931
16,53,1.6e+08,160000053,FALSE,FALSE,FALSE,1,"X3_norm",1,0.885819185211321,0.00344561587942215,0.9,0.798371198095503,0.986273010546412
16,53,1.6e+08,160000053,FALSE,FALSE,FALSE,1,"X4_row",1,1.08156585524367,0.00431207335750865,0.9,0.969964662476163,1.18799491062901
16,53,1.6e+08,160000053,FALSE,FALSE,FALSE,2,"intercept",-1,-0.963880992025719,0.00831169963862406,0.9,-1.11975891338412,-0.823679540772731
16,53,1.6e+08,160000053,FALSE,FALSE,FALSE,2,"X1_groups",1,1.02054016692043,0.0037908429754793,0.9,0.917130146376787,1.11821429764882
16,53,1.6e+08,160000053,FALSE,FALSE,FALSE,2,"X2_dist",1,0.978731977105297,0.00660551145851965,0.9,0.84541614230539,1.11254457599785
16,53,1.6e+08,160000053,FALSE,FALSE,FALSE,2,"X3_norm",1,0.913468456268947,0.00357679520266808,0.9,0.807720155128412,1.01923335826836
16,53,1.6e+08,160000053,FALSE,FALSE,FALSE,2,"X4_row",1,1.11040362244483,0.00492519663305391,0.9,1.00250766889901,1.22916014325976
16,53,1.6e+08,160000053,FALSE,TRUE,FALSE,1,"intercept",-1,-0.689470623338162,0.00576019465581626,0.9,-0.809906624182963,-0.565563899210328
16,53,1.6e+08,160000053,FALSE,TRUE,FALSE,1,"X1_groups",1,0.75007421528058,0.00258841642804815,0.9,0.665728829997457,0.833069926608344
16,53,1.6e+08,160000053,FALSE,TRUE,FALSE,1,"X2_dist",1,0.67244624334391,0.00424093721993582,0.9,0.5686606930304,0.774553687176041
16,53,1.6e+08,160000053,FALSE,TRUE,FALSE,1,"X3_norm",1,0.687339388477435,0.00229228912671135,0.9,0.609834976087952,0.767824187684427
16,53,1.6e+08,160000053,FALSE,TRUE,FALSE,1,"X4_row",1,0.754706636119834,0.00322639279541653,0.9,0.66098257445686,0.849728495525078
16,53,1.6e+08,160000053,FALSE,TRUE,FALSE,2,"intercept",-1,-0.869494358763158,0.00842007422613667,0.9,-1.03925736278939,-0.733370608132454
16,53,1.6e+08,160000053,FALSE,TRUE,FALSE,2,"X1_groups",1,0.90642838954069,0.0047268814620218,0.9,0.797051578974264,1.01016254794622
16,53,1.6e+08,160000053,FALSE,TRUE,FALSE,2,"X2_dist",1,0.864116388356503,0.00722304004387089,0.9,0.733208780986964,1.0067718609792
16,53,1.6e+08,160000053,FALSE,TRUE,FALSE,2,"X3_norm",1,0.867738259413679,0.00418398095001116,0.9,0.760354624996155,0.974157893936033
16,53,1.6e+08,160000053,FALSE,TRUE,FALSE,2,"X4_row",1,0.98641652635887,0.00563423101760459,0.9,0.861716527461622,1.11406348040443
16,54,1.6e+08,160000054,FALSE,FALSE,FALSE,0,"intercept",-1,-1.108318230439,0.00749825118491218,0.9,-1.24720577799192,-0.960621011110294
16,54,1.6e+08,160000054,FALSE,FALSE,FALSE,0,"X1_groups",1,1.02378648763355,0.00314412069985603,0.9,0.930194950185592,1.1115749920741
16,54,1.6e+08,160000054,FALSE,FALSE,FALSE,0,"X2_dist",1,1.11607567213759,0.00579768470530225,0.9,0.991949024447034,1.2409401672176
16,54,1.6e+08,160000054,FALSE,FALSE,FALSE,0,"X3_norm",1,1.01810226499306,0.00346974845637047,0.9,0.920870385722738,1.11897388484771
16,54,1.6e+08,160000054,FALSE,FALSE,FALSE,0,"X4_row",1,1.03227990663427,0.00425307925760154,0.9,0.918232622381932,1.14022305616811
16,54,1.6e+08,160000054,FALSE,TRUE,FALSE,0,"intercept",-1,-0.600877625140478,0.00421553143383717,0.9,-0.709155533553067,-0.496165438084038
16,54,1.6e+08,160000054,FALSE,TRUE,FALSE,0,"X1_groups",1,0.650550170557106,0.0014014883566884,0.9,0.59110714915567,0.712413763112561
16,54,1.6e+08,160000054,FALSE,TRUE,FALSE,0,"X2_dist",1,0.620199037635596,0.00300185227269392,0.9,0.527005897005287,0.712852775059882
16,54,1.6e+08,160000054,FALSE,TRUE,FALSE,0,"X3_norm",1,0.609451459120553,0.00156411186827782,0.9,0.545574390559642,0.67571403823674
16,54,1.6e+08,160000054,FALSE,TRUE,FALSE,0,"X4_row",1,0.543159898256498,0.00217966610900987,0.9,0.469897684945576,0.616584384610297
16,54,1.6e+08,160000054,FALSE,FALSE,FALSE,1,"intercept",-1,-1.15316046092145,0.00783376645153581,0.9,-1.29737148949626,-1.00335203279479
16,54,1.6e+08,160000054,FALSE,FALSE,FALSE,1,"X1_groups",1,1.06264418497461,0.00357030414162216,0.9,0.967945244350509,1.1548152867372
16,54,1.6e+08,160000054,FALSE,FALSE,FALSE,1,"X2_dist",1,1.1549508397783,0.00657690063583087,0.9,1.02980122259651,1.28801210465422
16,54,1.6e+08,160000054,FALSE,FALSE,FALSE,1,"X3_norm",1,1.05322022885479,0.00412493186997244,0.9,0.945644125645815,1.15268045087998
16,54,1.6e+08,160000054,FALSE,FALSE,FALSE,1,"X4_row",1,1.06586937681897,0.00501843486388934,0.9,0.957878004291096,1.18703423627668
16,54,1.6e+08,160000054,FALSE,FALSE,FALSE,2,"intercept",-1,-1.19279894981463,0.00960341433088684,0.9,-1.3509474209011,-1.03651038336827
16,54,1.6e+08,160000054,FALSE,FALSE,FALSE,2,"X1_groups",1,1.0922126214708,0.00421508119071796,0.9,0.988191264392134,1.20834740651486
16,54,1.6e+08,160000054,FALSE,FALSE,FALSE,2,"X2_dist",1,1.19513763095375,0.00869263246508171,0.9,1.03128922568084,1.3509686919894
16,54,1.6e+08,160000054,FALSE,FALSE,FALSE,2,"X3_norm",1,1.08669801427906,0.00453487798517653,0.9,0.978621671669141,1.19704540235367
16,54,1.6e+08,160000054,FALSE,FALSE,FALSE,2,"X4_row",1,1.10780682266039,0.00560947707961944,0.9,0.984281828222002,1.23196325363931
16,54,1.6e+08,160000054,FALSE,TRUE,FALSE,1,"intercept",-1,-0.831887154411103,0.0064814662844892,0.9,-0.964814725884827,-0.693865845902613
16,54,1.6e+08,160000054,FALSE,TRUE,FALSE,1,"X1_groups",1,0.902272819170521,0.00258401691091355,0.9,0.823084000181531,0.993329103785963
16,54,1.6e+08,160000054,FALSE,TRUE,FALSE,1,"X2_dist",1,0.842283083167175,0.00521597490831641,0.9,0.725131914547927,0.959652724134039
16,54,1.6e+08,160000054,FALSE,TRUE,FALSE,1,"X3_norm",1,0.828459852662037,0.00268777133973926,0.9,0.749615823005161,0.912464795470233
16,54,1.6e+08,160000054,FALSE,TRUE,FALSE,1,"X4_row",1,0.749564298580775,0.00365134752155325,0.9,0.649265206604353,0.849505596427343
16,54,1.6e+08,160000054,FALSE,TRUE,FALSE,2,"intercept",-1,-0.965469214869753,0.00976662613516258,0.9,-1.12313871101845,-0.8113283072626
16,54,1.6e+08,160000054,FALSE,TRUE,FALSE,2,"X1_groups",1,1.05899468324142,0.00512260479906883,0.9,0.93938672704722,1.17078554144511
16,54,1.6e+08,160000054,FALSE,TRUE,FALSE,2,"X2_dist",1,0.991738119283339,0.00790135904328697,0.9,0.84448540997444,1.13298741113676
16,54,1.6e+08,160000054,FALSE,TRUE,FALSE,2,"X3_norm",1,0.952586473815786,0.00437113170062229,0.9,0.852123073618997,1.06372578391349
16,54,1.6e+08,160000054,FALSE,TRUE,FALSE,2,"X4_row",1,0.901138092630622,0.00495550368395692,0.9,0.794114102586698,1.01896329204028
16,55,1.6e+08,160000055,FALSE,FALSE,FALSE,0,"intercept",-1,-0.887661274335168,0.00674894287849325,0.9,-1.02828384184289,-0.768149210730805
16,55,1.6e+08,160000055,FALSE,FALSE,FALSE,0,"X1_groups",1,0.946835784941395,0.00293875779826959,0.9,0.856030254555029,1.03796989066568
16,55,1.6e+08,160000055,FALSE,FALSE,FALSE,0,"X2_dist",1,0.876190127402953,0.00502594676277728,0.9,0.760339498710536,0.994881964471836
16,55,1.6e+08,160000055,FALSE,FALSE,FALSE,0,"X3_norm",1,0.941571079337312,0.00291182744905174,0.9,0.854566293525382,1.02904955807131
16,55,1.6e+08,160000055,FALSE,FALSE,FALSE,0,"X4_row",1,0.914935542448553,0.00358013442978452,0.9,0.815697449454136,1.01554088113665
16,55,1.6e+08,160000055,FALSE,TRUE,FALSE,0,"intercept",-1,-0.559302361087276,0.00494157354831699,0.9,-0.673632574840824,-0.439763087319504
16,55,1.6e+08,160000055,FALSE,TRUE,FALSE,0,"X1_groups",1,0.676016262317885,0.00167157824879145,0.9,0.613068155993066,0.750655473740422
16,55,1.6e+08,160000055,FALSE,TRUE,FALSE,0,"X2_dist",1,0.59979831877483,0.00374818569917033,0.9,0.499642793264348,0.698851130361704
16,55,1.6e+08,160000055,FALSE,TRUE,FALSE,0,"X3_norm",1,0.716467340948743,0.00195190445559618,0.9,0.642927960326065,0.790108443447684
16,55,1.6e+08,160000055,FALSE,TRUE,FALSE,0,"X4_row",1,0.619192114821668,0.00238546601251581,0.9,0.535306713639494,0.69474677159096
16,55,1.6e+08,160000055,FALSE,FALSE,FALSE,1,"intercept",-1,-0.92174000345752,0.00670513151021116,0.9,-1.04405512649862,-0.787042187245105
16,55,1.6e+08,160000055,FALSE,FALSE,FALSE,1,"X1_groups",1,0.983988490171453,0.00288007216815207,0.9,0.894247890470985,1.06808168268093
16,55,1.6e+08,160000055,FALSE,FALSE,FALSE,1,"X2_dist",1,0.905939738776537,0.00566442235508851,0.9,0.788303075742705,1.03852363164042
16,55,1.6e+08,160000055,FALSE,FALSE,FALSE,1,"X3_norm",1,0.974931103874695,0.00346547446530844,0.9,0.878031892870606,1.06579576548834
16,55,1.6e+08,160000055,FALSE,FALSE,FALSE,1,"X4_row",1,0.944451631696244,0.00396779576405545,0.9,0.845182695619079,1.04997298677799
16,55,1.6e+08,160000055,FALSE,FALSE,FALSE,2,"intercept",-1,-0.956016212635631,0.00776464286687657,0.9,-1.09851845138054,-0.815708668408799
16,55,1.6e+08,160000055,FALSE,FALSE,FALSE,2,"X1_groups",1,1.01484248551007,0.00342980008194571,0.9,0.921905462495087,1.11877260061359
16,55,1.6e+08,160000055,FALSE,FALSE,FALSE,2,"X2_dist",1,0.939125577028196,0.00613482843919094,0.9,0.800336644668448,1.06539016706585
16,55,1.6e+08,160000055,FALSE,FALSE,FALSE,2,"X3_norm",1,1.00845461555853,0.00395002564630008,0.9,0.908830159847171,1.11699933673265
16,55,1.6e+08,160000055,FALSE,FALSE,FALSE,2,"X4_row",1,0.974081425051147,0.00413100412713232,0.9,0.876829030319098,1.08399060547274
16,55,1.6e+08,160000055,FALSE,TRUE,FALSE,1,"intercept",-1,-0.664868239668252,0.0056629431780949,0.9,-0.79097605556778,-0.551938219555547
16,55,1.6e+08,160000055,FALSE,TRUE,FALSE,1,"X1_groups",1,0.862410646407187,0.00241504673982653,0.9,0.782105825028978,0.942717324824458
16,55,1.6e+08,160000055,FALSE,TRUE,FALSE,1,"X2_dist",1,0.715538010033621,0.00505482876495994,0.9,0.607969278429323,0.843018910305029
16,55,1.6e+08,160000055,FALSE,TRUE,FALSE,1,"X3_norm",1,0.902306266772387,0.00292193298416571,0.9,0.823038961189575,0.991923641397853
16,55,1.6e+08,160000055,FALSE,TRUE,FALSE,1,"X4_row",1,0.822776664444176,0.004483052731478,0.9,0.715984239367041,0.936480267486026
16,55,1.6e+08,160000055,FALSE,TRUE,FALSE,2,"intercept",-1,-0.85866221106645,0.00940765833453487,0.9,-1.0125285184129,-0.704275270816899
16,55,1.6e+08,160000055,FALSE,TRUE,FALSE,2,"X1_groups",1,1.06130562006092,0.00492847506844459,0.9,0.94796032828919,1.17585653608733
16,55,1.6e+08,160000055,FALSE,TRUE,FALSE,2,"X2_dist",1,0.916130962872007,0.00814859974510737,0.9,0.767058056104475,1.06555570022323
16,55,1.6e+08,160000055,FALSE,TRUE,FALSE,2,"X3_norm",1,1.11716859741733,0.00583447300078007,0.9,0.993385849998613,1.24916744774112
16,55,1.6e+08,160000055,FALSE,TRUE,FALSE,2,"X4_row",1,1.02582607084635,0.00574426740182662,0.9,0.902811067347917,1.14549471074541
16,56,1.6e+08,160000056,FALSE,FALSE,FALSE,0,"intercept",-1,-0.855885945851895,0.00694565663633945,0.9,-0.996659360404212,-0.728543781028397
16,56,1.6e+08,160000056,FALSE,FALSE,FALSE,0,"X1_groups",1,1.01696960328263,0.00301752699107875,0.9,0.927289676916623,1.11305878576558
16,56,1.6e+08,160000056,FALSE,FALSE,FALSE,0,"X2_dist",1,0.870112097588989,0.00554229678013931,0.9,0.752501019731757,0.988303571703735
16,56,1.6e+08,160000056,FALSE,FALSE,FALSE,0,"X3_norm",1,1.002597743603,0.00297742024137826,0.9,0.911193171452611,1.09431397179871
16,56,1.6e+08,160000056,FALSE,FALSE,FALSE,0,"X4_row",1,1.01896340439254,0.00444790561836602,0.9,0.907692263202622,1.12804799897449
16,56,1.6e+08,160000056,FALSE,TRUE,FALSE,0,"intercept",-1,-0.50005721423222,0.0046365500490845,0.9,-0.615705555017668,-0.3900182289822
16,56,1.6e+08,160000056,FALSE,TRUE,FALSE,0,"X1_groups",1,0.573211265800702,0.00133855907552789,0.9,0.508994136529626,0.632679582477817
16,56,1.6e+08,160000056,FALSE,TRUE,FALSE,0,"X2_dist",1,0.463695598544165,0.00347976096474055,0.9,0.369690562089261,0.55993774217554
16,56,1.6e+08,160000056,FALSE,TRUE,FALSE,0,"X3_norm",1,0.541007424839926,0.00153076151724957,0.9,0.479331775406673,0.605321844466248
16,56,1.6e+08,160000056,FALSE,TRUE,FALSE,0,"X4_row",1,0.549607626500995,0.00220768609052458,0.9,0.470391980884643,0.624050798033885
16,56,1.6e+08,160000056,FALSE,FALSE,FALSE,1,"intercept",-1,-0.923153621729617,0.00808992066363482,0.9,-1.07588377321407,-0.785952728349546
16,56,1.6e+08,160000056,FALSE,FALSE,FALSE,1,"X1_groups",1,1.08256120330465,0.004309753106999,0.9,0.977130313232181,1.18732446309145
16,56,1.6e+08,160000056,FALSE,FALSE,FALSE,1,"X2_dist",1,0.914286076292024,0.00641512478510364,0.9,0.789961195779125,1.04731877085955
16,56,1.6e+08,160000056,FALSE,FALSE,FALSE,1,"X3_norm",1,1.05655487142131,0.00395399474050017,0.9,0.95244006811475,1.16086015227297
16,56,1.6e+08,160000056,FALSE,FALSE,FALSE,1,"X4_row",1,1.072601034737,0.00509270027993699,0.9,0.952508267565622,1.19077228572889
16,56,1.6e+08,160000056,FALSE,FALSE,FALSE,2,"intercept",-1,-0.96716182910803,0.00826410155424568,0.9,-1.11945141336263,-0.823630232743347
16,56,1.6e+08,160000056,FALSE,FALSE,FALSE,2,"X1_groups",1,1.11715358672134,0.00451093983483313,0.9,1.01072515677574,1.22928826386318
16,56,1.6e+08,160000056,FALSE,FALSE,FALSE,2,"X2_dist",1,0.950357836406555,0.00657276030945744,0.9,0.819537274033006,1.08545801633954
16,56,1.6e+08,160000056,FALSE,FALSE,FALSE,2,"X3_norm",1,1.09203375239457,0.00451887778284072,0.9,0.981010788553357,1.19996419374556
16,56,1.6e+08,160000056,FALSE,FALSE,FALSE,2,"X4_row",1,1.11061887781525,0.00527547015732679,0.9,0.993682903658035,1.23370694985127
16,56,1.6e+08,160000056,FALSE,TRUE,FALSE,1,"intercept",-1,-0.633438807322069,0.00545378811778974,0.9,-0.74917568435954,-0.50940071880271
16,56,1.6e+08,160000056,FALSE,TRUE,FALSE,1,"X1_groups",1,0.743280899127769,0.00199709660185562,0.9,0.670296208408945,0.815622486333863
16,56,1.6e+08,160000056,FALSE,TRUE,FALSE,1,"X2_dist",1,0.5820170361108,0.00429689973287813,0.9,0.480971523100177,0.695172282245308
16,56,1.6e+08,160000056,FALSE,TRUE,FALSE,1,"X3_norm",1,0.703959941056196,0.00236183076554462,0.9,0.625158275794134,0.779241390588631
16,56,1.6e+08,160000056,FALSE,TRUE,FALSE,1,"X4_row",1,0.738110300199103,0.00310265346210969,0.9,0.641391202957563,0.828104238690595
16,56,1.6e+08,160000056,FALSE,TRUE,FALSE,2,"intercept",-1,-0.855484605040076,0.00842108117509619,0.9,-1.01469533026166,-0.714465846270199
16,56,1.6e+08,160000056,FALSE,TRUE,FALSE,2,"X1_groups",1,1.00470807728488,0.00456185444985137,0.9,0.89980219953391,1.11981945551645
16,56,1.6e+08,160000056,FALSE,TRUE,FALSE,2,"X2_dist",1,0.784932083689456,0.00718306916919433,0.9,0.649761525584718,0.933943430934459
16,56,1.6e+08,160000056,FALSE,TRUE,FALSE,2,"X3_norm",1,0.904999080414653,0.0044366622881797,0.9,0.793310774500967,1.01518617949063
16,56,1.6e+08,160000056,FALSE,TRUE,FALSE,2,"X4_row",1,0.988218935586351,0.00633534301308818,0.9,0.851825689207374,1.11986023138612
16,57,1.6e+08,160000057,FALSE,FALSE,FALSE,0,"intercept",-1,-0.956398284868896,0.00690613989714382,0.9,-1.08393297189945,-0.816312426786283
16,57,1.6e+08,160000057,FALSE,FALSE,FALSE,0,"X1_groups",1,0.974436810607111,0.00299058088016087,0.9,0.890196347155594,1.06752889163606
16,57,1.6e+08,160000057,FALSE,FALSE,FALSE,0,"X2_dist",1,1.01320110883636,0.00522048572859322,0.9,0.89375371258428,1.12787367745663
16,57,1.6e+08,160000057,FALSE,FALSE,FALSE,0,"X3_norm",1,1.03019636191059,0.00343980308185919,0.9,0.935885709731892,1.13139010810936
16,57,1.6e+08,160000057,FALSE,FALSE,FALSE,0,"X4_row",1,1.05540164237469,0.00434792943736335,0.9,0.948754893656994,1.16207258579681
16,57,1.6e+08,160000057,FALSE,TRUE,FALSE,0,"intercept",-1,-0.604556883173354,0.00450938550701351,0.9,-0.719158500758764,-0.49956783318616
16,57,1.6e+08,160000057,FALSE,TRUE,FALSE,0,"X1_groups",1,0.552355873552069,0.00142994485179826,0.9,0.492127346409007,0.616462617308981
16,57,1.6e+08,160000057,FALSE,TRUE,FALSE,0,"X2_dist",1,0.592870833723237,0.00336612511462003,0.9,0.497934368176889,0.68882918606482
16,57,1.6e+08,160000057,FALSE,TRUE,FALSE,0,"X3_norm",1,0.620130936016532,0.00155455674123155,0.9,0.558205473359261,0.683493882989259
16,57,1.6e+08,160000057,FALSE,TRUE,FALSE,0,"X4_row",1,0.577613130743657,0.00241856243050748,0.9,0.495626293530698,0.663154265247792
16,57,1.6e+08,160000057,FALSE,FALSE,FALSE,1,"intercept",-1,-0.997222400558551,0.00728917479827612,0.9,-1.14117953110423,-0.863919054732782
16,57,1.6e+08,160000057,FALSE,FALSE,FALSE,1,"X1_groups",1,1.02344677937983,0.00371248102541239,0.9,0.92037474303638,1.12619619215036
16,57,1.6e+08,160000057,FALSE,FALSE,FALSE,1,"X2_dist",1,1.05857848711624,0.00622396993447899,0.9,0.936543730011359,1.19431116239883
16,57,1.6e+08,160000057,FALSE,FALSE,FALSE,1,"X3_norm",1,1.07477928259315,0.00423128939114718,0.9,0.967815457054106,1.17841894344325
16,57,1.6e+08,160000057,FALSE,FALSE,FALSE,1,"X4_row",1,1.10552555818391,0.00493029843891448,0.9,0.984123224344997,1.21810920172968
16,57,1.6e+08,160000057,FALSE,FALSE,FALSE,2,"intercept",-1,-1.0373152844027,0.00927341240006119,0.9,-1.20134343751677,-0.887979816343062
16,57,1.6e+08,160000057,FALSE,FALSE,FALSE,2,"X1_groups",1,1.05816014081374,0.00435284410997098,0.9,0.945080896779241,1.16963530548133
16,57,1.6e+08,160000057,FALSE,FALSE,FALSE,2,"X2_dist",1,1.10448010352246,0.00863194137864605,0.9,0.960049780373283,1.26510043574394
16,57,1.6e+08,160000057,FALSE,FALSE,FALSE,2,"X3_norm",1,1.1175606821012,0.00539162661542419,0.9,1.00489376867348,1.24655544061689
16,57,1.6e+08,160000057,FALSE,FALSE,FALSE,2,"X4_row",1,1.14738591783476,0.00605648842638076,0.9,1.03447968329879,1.28936170232922
16,57,1.6e+08,160000057,FALSE,TRUE,FALSE,1,"intercept",-1,-0.753613809801667,0.00583570347822445,0.9,-0.870776731029355,-0.627141349218305
16,57,1.6e+08,160000057,FALSE,TRUE,FALSE,1,"X1_groups",1,0.698857683689394,0.00215009896129402,0.9,0.625120434737305,0.772132457816626
16,57,1.6e+08,160000057,FALSE,TRUE,FALSE,1,"X2_dist",1,0.743126985200273,0.00479472041817848,0.9,0.637041499733179,0.852419487043922
16,57,1.6e+08,160000057,FALSE,TRUE,FALSE,1,"X3_norm",1,0.786587042203141,0.00241901241927151,0.9,0.705345917887374,0.862541404276908
16,57,1.6e+08,160000057,FALSE,TRUE,FALSE,1,"X4_row",1,0.749851440974882,0.00345131115869303,0.9,0.64308628221537,0.848176081099344
16,57,1.6e+08,160000057,FALSE,TRUE,FALSE,2,"intercept",-1,-0.923450208532617,0.00984582701419564,0.9,-1.08397117483358,-0.767212261625029
16,57,1.6e+08,160000057,FALSE,TRUE,FALSE,2,"X1_groups",1,0.867171855946742,0.00403226203166019,0.9,0.768574629864379,0.976060516318267
16,57,1.6e+08,160000057,FALSE,TRUE,FALSE,2,"X2_dist",1,0.906887939517448,0.00758571758246146,0.9,0.765823574599519,1.04478403558116
16,57,1.6e+08,160000057,FALSE,TRUE,FALSE,2,"X3_norm",1,0.985634658778781,0.00475314336745161,0.9,0.876696490564176,1.09938346858229
16,57,1.6e+08,160000057,FALSE,TRUE,FALSE,2,"X4_row",1,0.940609741798973,0.00541211474793952,0.9,0.826388152619723,1.07214791941397
16,58,1.6e+08,160000058,FALSE,FALSE,FALSE,0,"intercept",-1,-1.16640152891308,0.0081408024989647,0.9,-1.31263338900183,-1.02356713782127
16,58,1.6e+08,160000058,FALSE,FALSE,FALSE,0,"X1_groups",1,1.04298166576121,0.00332183291776573,0.9,0.952118672234785,1.14295392493161
16,58,1.6e+08,160000058,FALSE,FALSE,FALSE,0,"X2_dist",1,1.2043422296319,0.00677557180857083,0.9,1.06615308726849,1.34472341947678
16,58,1.6e+08,160000058,FALSE,FALSE,FALSE,0,"X3_norm",1,1.13649845040753,0.00363595898219825,0.9,1.03817071358098,1.2305402936082
16,58,1.6e+08,160000058,FALSE,FALSE,FALSE,0,"X4_row",1,1.04005097560766,0.00453016742371006,0.9,0.931378934118747,1.14686983198366
16,58,1.6e+08,160000058,FALSE,TRUE,FALSE,0,"intercept",-1,-0.665079067675052,0.00430579329794748,0.9,-0.784534477329817,-0.555010014563022
16,58,1.6e+08,160000058,FALSE,TRUE,FALSE,0,"X1_groups",1,0.621925848709857,0.00159058974435574,0.9,0.559274327189548,0.686343310926697
16,58,1.6e+08,160000058,FALSE,TRUE,FALSE,0,"X2_dist",1,0.649857393303791,0.00318335024685103,0.9,0.563887407612877,0.747222377720595
16,58,1.6e+08,160000058,FALSE,TRUE,FALSE,0,"X3_norm",1,0.597757643452774,0.00159345285625868,0.9,0.530432984215379,0.66888809320642
16,58,1.6e+08,160000058,FALSE,TRUE,FALSE,0,"X4_row",1,0.578200755572763,0.00246112764531152,0.9,0.494159701089365,0.65305390239075
16,58,1.6e+08,160000058,FALSE,FALSE,FALSE,1,"intercept",-1,-1.21117968313321,0.00811592735842755,0.9,-1.36044625437548,-1.07449883553591
16,58,1.6e+08,160000058,FALSE,FALSE,FALSE,1,"X1_groups",1,1.08729966905107,0.00391659958042751,0.9,0.983876748993183,1.19307140869465
16,58,1.6e+08,160000058,FALSE,FALSE,FALSE,1,"X2_dist",1,1.24411287243431,0.00696281168101752,0.9,1.10734544893334,1.38086151328447
16,58,1.6e+08,160000058,FALSE,FALSE,FALSE,1,"X3_norm",1,1.18204794445614,0.00455354538238542,0.9,1.07804324567344,1.29503061563894
16,58,1.6e+08,160000058,FALSE,FALSE,FALSE,1,"X4_row",1,1.08295842691308,0.00456084379741296,0.9,0.977458503385539,1.18738381263937
16,58,1.6e+08,160000058,FALSE,FALSE,FALSE,2,"intercept",-1,-1.26098568055108,0.0102003998910216,0.9,-1.42421825259441,-1.09902206285126
16,58,1.6e+08,160000058,FALSE,FALSE,FALSE,2,"X1_groups",1,1.12069751469378,0.0053667917070646,0.9,1.00199914457968,1.23977783800497
16,58,1.6e+08,160000058,FALSE,FALSE,FALSE,2,"X2_dist",1,1.29088318513239,0.00922409765644209,0.9,1.13740036698706,1.4623894891224
16,58,1.6e+08,160000058,FALSE,FALSE,FALSE,2,"X3_norm",1,1.22304059078039,0.00636072353616464,0.9,1.10219515258247,1.36252081480099
16,58,1.6e+08,160000058,FALSE,FALSE,FALSE,2,"X4_row",1,1.11592335942718,0.00621141762151294,0.9,0.994066320249232,1.24454672726785
16,58,1.6e+08,160000058,FALSE,TRUE,FALSE,1,"intercept",-1,-0.823827714933585,0.00566466560891385,0.9,-0.943104881749304,-0.686349130211972
16,58,1.6e+08,160000058,FALSE,TRUE,FALSE,1,"X1_groups",1,0.812069629878215,0.00272519558343395,0.9,0.72788420687721,0.894386594143504
16,58,1.6e+08,160000058,FALSE,TRUE,FALSE,1,"X2_dist",1,0.827015171768188,0.00470134549137415,0.9,0.714251290791112,0.94632497084399
16,58,1.6e+08,160000058,FALSE,TRUE,FALSE,1,"X3_norm",1,0.767349388553306,0.00253790962449376,0.9,0.684714631040722,0.842557624736364
16,58,1.6e+08,160000058,FALSE,TRUE,FALSE,1,"X4_row",1,0.795844926251361,0.00378170135109726,0.9,0.696534712203478,0.893865092822748
16,58,1.6e+08,160000058,FALSE,TRUE,FALSE,2,"intercept",-1,-1.00474274993756,0.0095048182361158,0.9,-1.17442409556106,-0.858340214507868
16,58,1.6e+08,160000058,FALSE,TRUE,FALSE,2,"X1_groups",1,0.976789033811906,0.00459959813616047,0.9,0.863010600421286,1.08354376302233
16,58,1.6e+08,160000058,FALSE,TRUE,FALSE,2,"X2_dist",1,1.00078489085488,0.00809797726746495,0.9,0.857931366745313,1.14823328088723
16,58,1.6e+08,160000058,FALSE,TRUE,FALSE,2,"X3_norm",1,0.912415844912363,0.00428994866030923,0.9,0.812613246438803,1.01439319527698
16,58,1.6e+08,160000058,FALSE,TRUE,FALSE,2,"X4_row",1,0.939938099360858,0.00505948257047363,0.9,0.833023897924572,1.06048289348803
16,59,1.6e+08,160000059,FALSE,FALSE,FALSE,0,"intercept",-1,-0.911217914554579,0.0067593133446627,0.9,-1.04132370845647,-0.771754040024319
16,59,1.6e+08,160000059,FALSE,FALSE,FALSE,0,"X1_groups",1,1.03323977756681,0.00286498147147099,0.9,0.944838635761783,1.11975475250545
16,59,1.6e+08,160000059,FALSE,FALSE,FALSE,0,"X2_dist",1,0.910347338947415,0.00516499119475915,0.9,0.784613386108534,1.01937422959692
16,59,1.6e+08,160000059,FALSE,FALSE,FALSE,0,"X3_norm",1,0.994584532807916,0.00302942573627542,0.9,0.898660171145668,1.08230712075557
16,59,1.6e+08,160000059,FALSE,FALSE,FALSE,0,"X4_row",1,0.93962262529256,0.00392555587540571,0.9,0.832859447520101,1.03675873545284
16,59,1.6e+08,160000059,FALSE,TRUE,FALSE,0,"intercept",-1,-0.581056559588872,0.00470228134121912,0.9,-0.701294331492218,-0.473146181492555
16,59,1.6e+08,160000059,FALSE,TRUE,FALSE,0,"X1_groups",1,0.635727245056632,0.00151064617655271,0.9,0.574019428156932,0.696843936973068
16,59,1.6e+08,160000059,FALSE,TRUE,FALSE,0,"X2_dist",1,0.581849095315209,0.00363359492920976,0.9,0.484862445035742,0.680677238789496
16,59,1.6e+08,160000059,FALSE,TRUE,FALSE,0,"X3_norm",1,0.629087201494204,0.00172406859533852,0.9,0.565164786376054,0.700742814238838
16,59,1.6e+08,160000059,FALSE,TRUE,FALSE,0,"X4_row",1,0.570177659364329,0.00196679333642525,0.9,0.489516071028095,0.64392645787939
16,59,1.6e+08,160000059,FALSE,FALSE,FALSE,1,"intercept",-1,-0.941439855339526,0.00705383703811665,0.9,-1.08868040877971,-0.812851596464936
16,59,1.6e+08,160000059,FALSE,FALSE,FALSE,1,"X1_groups",1,1.07463611670009,0.00324977247404723,0.9,0.979227054086978,1.16512427653825
16,59,1.6e+08,160000059,FALSE,FALSE,FALSE,1,"X2_dist",1,0.936085363297693,0.00586301580859518,0.9,0.817773740619042,1.06312127212436
16,59,1.6e+08,160000059,FALSE,FALSE,FALSE,1,"X3_norm",1,1.03136191408984,0.00359568674888906,0.9,0.93007703380083,1.12544150630359
16,59,1.6e+08,160000059,FALSE,FALSE,FALSE,1,"X4_row",1,0.97938523769375,0.00462551762156689,0.9,0.87244879422179,1.09196062182414
16,59,1.6e+08,160000059,FALSE,FALSE,FALSE,2,"intercept",-1,-0.978014897000965,0.00762731661338251,0.9,-1.11775341877379,-0.839818576309429
16,59,1.6e+08,160000059,FALSE,FALSE,FALSE,2,"X1_groups",1,1.10365339060805,0.00438130975007895,0.9,1.00149009226838,1.21135784950217
16,59,1.6e+08,160000059,FALSE,FALSE,FALSE,2,"X2_dist",1,0.968920475794654,0.00627634257357351,0.9,0.843071345734445,1.10722246682898
16,59,1.6e+08,160000059,FALSE,FALSE,FALSE,2,"X3_norm",1,1.06157971479616,0.0043026332120491,0.9,0.956686111452778,1.17815513645201
16,59,1.6e+08,160000059,FALSE,FALSE,FALSE,2,"X4_row",1,1.00838540578123,0.00495079112240707,0.9,0.901396721350835,1.13049657617288
16,59,1.6e+08,160000059,FALSE,TRUE,FALSE,1,"intercept",-1,-0.756784654645953,0.00609456835569923,0.9,-0.880093514887637,-0.633456088073727
16,59,1.6e+08,160000059,FALSE,TRUE,FALSE,1,"X1_groups",1,0.855404375234355,0.00263377760433276,0.9,0.770752649701437,0.939499320421709
16,59,1.6e+08,160000059,FALSE,TRUE,FALSE,1,"X2_dist",1,0.753988646836081,0.00518163233578973,0.9,0.633615484304417,0.874490317085538
16,59,1.6e+08,160000059,FALSE,TRUE,FALSE,1,"X3_norm",1,0.83050549444731,0.00267379953129769,0.9,0.74820649583565,0.914745978368914
16,59,1.6e+08,160000059,FALSE,TRUE,FALSE,1,"X4_row",1,0.753160124678935,0.00333242663576043,0.9,0.660665063080977,0.849471860779673
16,59,1.6e+08,160000059,FALSE,TRUE,FALSE,2,"intercept",-1,-0.918855847286878,0.00898297638534367,0.9,-1.08376602090788,-0.767536546062343
16,59,1.6e+08,160000059,FALSE,TRUE,FALSE,2,"X1_groups",1,1.10216315096074,0.00546085831747287,0.9,0.980421109627166,1.22269257230986
16,59,1.6e+08,160000059,FALSE,TRUE,FALSE,2,"X2_dist",1,0.934576443172865,0.00782537061427032,0.9,0.788281427285532,1.08932596642637
16,59,1.6e+08,160000059,FALSE,TRUE,FALSE,2,"X3_norm",1,1.096875587964,0.00539740514964912,0.9,0.981491248483529,1.221670658961
16,59,1.6e+08,160000059,FALSE,TRUE,FALSE,2,"X4_row",1,0.977873542719743,0.00563845827855244,0.9,0.858356602869615,1.11086450911467
16,60,1.6e+08,160000060,FALSE,FALSE,FALSE,0,"intercept",-1,-0.984619231908936,0.00742034377967641,0.9,-1.1237092719831,-0.850302350299484
16,60,1.6e+08,160000060,FALSE,FALSE,FALSE,0,"X1_groups",1,1.04142873384254,0.00320271918393088,0.9,0.946092791482151,1.13248413782632
16,60,1.6e+08,160000060,FALSE,FALSE,FALSE,0,"X2_dist",1,1.01028724186766,0.00592443344482806,0.9,0.884911871142997,1.13784858979576
16,60,1.6e+08,160000060,FALSE,FALSE,FALSE,0,"X3_norm",1,0.995511838834638,0.00336450600054375,0.9,0.893929728690039,1.08962915358065
16,60,1.6e+08,160000060,FALSE,FALSE,FALSE,0,"X4_row",1,1.03870538438072,0.00452299095029479,0.9,0.9304435028416,1.1455160497584
16,60,1.6e+08,160000060,FALSE,TRUE,FALSE,0,"intercept",-1,-0.5676080982668,0.00429505835548666,0.9,-0.673499358359023,-0.467134664736118
16,60,1.6e+08,160000060,FALSE,TRUE,FALSE,0,"X1_groups",1,0.574636984865145,0.00150733692682017,0.9,0.513520344189731,0.638850747232315
16,60,1.6e+08,160000060,FALSE,TRUE,FALSE,0,"X2_dist",1,0.571493447700856,0.00336261318471788,0.9,0.47857876386968,0.660084721724765
16,60,1.6e+08,160000060,FALSE,TRUE,FALSE,0,"X3_norm",1,0.619903035118077,0.00156308793278915,0.9,0.55925766009105,0.686711002232201
16,60,1.6e+08,160000060,FALSE,TRUE,FALSE,0,"X4_row",1,0.591241499541459,0.00245902592401254,0.9,0.507980087153852,0.669087505653538
16,60,1.6e+08,160000060,FALSE,FALSE,FALSE,1,"intercept",-1,-1.06198614669527,0.00805063468389218,0.9,-1.21008920015459,-0.924141888978565
16,60,1.6e+08,160000060,FALSE,FALSE,FALSE,1,"X1_groups",1,1.11710053814135,0.00426183934575192,0.9,1.00690177010414,1.22991677475455
16,60,1.6e+08,160000060,FALSE,FALSE,FALSE,1,"X2_dist",1,1.0784563471197,0.0070512270867134,0.9,0.946687913443611,1.21571218492929
16,60,1.6e+08,160000060,FALSE,FALSE,FALSE,1,"X3_norm",1,1.05814383793217,0.00457837625220332,0.9,0.943170823916601,1.1681267860272
16,60,1.6e+08,160000060,FALSE,FALSE,FALSE,1,"X4_row",1,1.1089197614795,0.00606317196706805,0.9,0.978698606638463,1.23789567642756
16,60,1.6e+08,160000060,FALSE,FALSE,FALSE,2,"intercept",-1,-1.10374211250541,0.00959218810068868,0.9,-1.26043769182834,-0.953245975008757
16,60,1.6e+08,160000060,FALSE,FALSE,FALSE,2,"X1_groups",1,1.15116998698879,0.00513362099115445,0.9,1.02757523675739,1.27561496798943
16,60,1.6e+08,160000060,FALSE,FALSE,FALSE,2,"X2_dist",1,1.11914766590726,0.00835723493303865,0.9,0.985001041500545,1.26883128398066
16,60,1.6e+08,160000060,FALSE,FALSE,FALSE,2,"X3_norm",1,1.09051800414728,0.00526788407831432,0.9,0.978486297009854,1.21074511817573
16,60,1.6e+08,160000060,FALSE,FALSE,FALSE,2,"X4_row",1,1.14611753447213,0.00623044029572084,0.9,1.0227122093095,1.27561126263839
16,60,1.6e+08,160000060,FALSE,TRUE,FALSE,1,"intercept",-1,-0.681020284105101,0.00496206491522854,0.9,-0.79080347635284,-0.570931488200926
16,60,1.6e+08,160000060,FALSE,TRUE,FALSE,1,"X1_groups",1,0.711899266753447,0.00197707511475608,0.9,0.638032499243916,0.787555260011464
16,60,1.6e+08,160000060,FALSE,TRUE,FALSE,1,"X2_dist",1,0.689330688284114,0.00391886445323327,0.9,0.591880413580112,0.798491526627412
16,60,1.6e+08,160000060,FALSE,TRUE,FALSE,1,"X3_norm",1,0.760850780380351,0.00247240118774777,0.9,0.683417226209926,0.845854066963433
16,60,1.6e+08,160000060,FALSE,TRUE,FALSE,1,"X4_row",1,0.746868612075879,0.0031673852593598,0.9,0.654787945050161,0.840168760838064
16,60,1.6e+08,160000060,FALSE,TRUE,FALSE,2,"intercept",-1,-0.826601059601356,0.00814941601966936,0.9,-0.977748106561243,-0.677036790801608
16,60,1.6e+08,160000060,FALSE,TRUE,FALSE,2,"X1_groups",1,0.924612181260537,0.00427073253737829,0.9,0.822337138470307,1.0292363814174
16,60,1.6e+08,160000060,FALSE,TRUE,FALSE,2,"X2_dist",1,0.869430720986118,0.00685178354887903,0.9,0.73012062328583,1.00722834604622
16,60,1.6e+08,160000060,FALSE,TRUE,FALSE,2,"X3_norm",1,0.958534475236963,0.00430890513055044,0.9,0.854866021654068,1.06772355242151
16,60,1.6e+08,160000060,FALSE,TRUE,FALSE,2,"X4_row",1,0.964556176479116,0.00525175214539833,0.9,0.845518767462761,1.09654713556968
16,61,1.6e+08,160000061,FALSE,FALSE,FALSE,0,"intercept",-1,-1.0432167997038,0.0070679985166743,0.9,-1.19767710130931,-0.916523246056803
16,61,1.6e+08,160000061,FALSE,FALSE,FALSE,0,"X1_groups",1,1.02716155135648,0.00293553636626289,0.9,0.939574957951917,1.1161500841145
16,61,1.6e+08,160000061,FALSE,FALSE,FALSE,0,"X2_dist",1,1.07191849606606,0.00546400764346323,0.9,0.961466445607126,1.19833577358244
16,61,1.6e+08,160000061,FALSE,FALSE,FALSE,0,"X3_norm",1,0.928051987337624,0.00282540326655549,0.9,0.845323278273178,1.01264191949485
16,61,1.6e+08,160000061,FALSE,FALSE,FALSE,0,"X4_row",1,0.977346201650183,0.00446852634225556,0.9,0.86730481614553,1.08967435731922
16,61,1.6e+08,160000061,FALSE,TRUE,FALSE,0,"intercept",-1,-0.692251779527487,0.00513935881526862,0.9,-0.819645402390679,-0.577390188324295
16,61,1.6e+08,160000061,FALSE,TRUE,FALSE,0,"X1_groups",1,0.643270725276058,0.00165121040715809,0.9,0.57921115591331,0.707370254741692
16,61,1.6e+08,160000061,FALSE,TRUE,FALSE,0,"X2_dist",1,0.678328210877709,0.00395681652525351,0.9,0.574239901972815,0.780763288357926
16,61,1.6e+08,160000061,FALSE,TRUE,FALSE,0,"X3_norm",1,0.616063363794892,0.00162112942160707,0.9,0.550847819584839,0.682822233309922
16,61,1.6e+08,160000061,FALSE,TRUE,FALSE,0,"X4_row",1,0.550359129580665,0.00219898465513523,0.9,0.467067039991518,0.625962943904634
16,61,1.6e+08,160000061,FALSE,FALSE,FALSE,1,"intercept",-1,-1.08406704491187,0.00721887438138491,0.9,-1.21361029068407,-0.940714729573573
16,61,1.6e+08,160000061,FALSE,FALSE,FALSE,1,"X1_groups",1,1.07639145730472,0.00363305343181973,0.9,0.976771157544082,1.1728977837851
16,61,1.6e+08,160000061,FALSE,FALSE,FALSE,1,"X2_dist",1,1.11398195906086,0.00672293952973903,0.9,0.98136723351164,1.24189735666587
16,61,1.6e+08,160000061,FALSE,FALSE,FALSE,1,"X3_norm",1,0.970046360544307,0.00384488754056183,0.9,0.871942336907594,1.07066769844879
16,61,1.6e+08,160000061,FALSE,FALSE,FALSE,1,"X4_row",1,1.02374918146882,0.00425398704391977,0.9,0.913877279516456,1.13319808457119
16,61,1.6e+08,160000061,FALSE,FALSE,FALSE,2,"intercept",-1,-1.12008110910338,0.00855747026033694,0.9,-1.28038945793163,-0.977625445590335
16,61,1.6e+08,160000061,FALSE,FALSE,FALSE,2,"X1_groups",1,1.11256949278771,0.00447448898003813,0.9,0.996560670328209,1.22512694475663
16,61,1.6e+08,160000061,FALSE,FALSE,FALSE,2,"X2_dist",1,1.15199264380535,0.00768301723330293,0.9,1.01399197133725,1.2948033278687
16,61,1.6e+08,160000061,FALSE,FALSE,FALSE,2,"X3_norm",1,1.00574336290973,0.00440281938551383,0.9,0.900687450246589,1.11330951062229
16,61,1.6e+08,160000061,FALSE,FALSE,FALSE,2,"X4_row",1,1.06284938948669,0.0055539649212239,0.9,0.957284907430277,1.1868610196437
16,61,1.6e+08,160000061,FALSE,TRUE,FALSE,1,"intercept",-1,-0.845524833981202,0.0062116230894202,0.9,-0.983627055835465,-0.715953236867341
16,61,1.6e+08,160000061,FALSE,TRUE,FALSE,1,"X1_groups",1,0.84070121253872,0.00286485633992767,0.9,0.75975839488971,0.932170503007074
16,61,1.6e+08,160000061,FALSE,TRUE,FALSE,1,"X2_dist",1,0.814002449574763,0.00495679410543914,0.9,0.701217439513164,0.928109451020184
16,61,1.6e+08,160000061,FALSE,TRUE,FALSE,1,"X3_norm",1,0.764295536790709,0.00267806198486672,0.9,0.680996512145812,0.849256807521456
16,61,1.6e+08,160000061,FALSE,TRUE,FALSE,1,"X4_row",1,0.732204645896968,0.00360275445494665,0.9,0.632423331004143,0.828802615716952
16,61,1.6e+08,160000061,FALSE,TRUE,FALSE,2,"intercept",-1,-1.08301291302863,0.0116532336464549,0.9,-1.27157734756671,-0.907285040101855
16,61,1.6e+08,160000061,FALSE,TRUE,FALSE,2,"X1_groups",1,1.1213576648312,0.0052896900766432,0.9,1.00798625208285,1.23241856296715
16,61,1.6e+08,160000061,FALSE,TRUE,FALSE,2,"X2_dist",1,1.07545472916549,0.00966834334590847,0.9,0.930641103867437,1.24498491661643
16,61,1.6e+08,160000061,FALSE,TRUE,FALSE,2,"X3_norm",1,1.03588646088172,0.00487199629240982,0.9,0.916246437713171,1.14453253887526
16,61,1.6e+08,160000061,FALSE,TRUE,FALSE,2,"X4_row",1,1.00040535091935,0.00592508613818541,0.9,0.87523478741809,1.1388911602413
16,62,1.6e+08,160000062,FALSE,FALSE,FALSE,0,"intercept",-1,-1.11911538725878,0.00803584619329472,0.9,-1.2625301637648,-0.963772450912978
16,62,1.6e+08,160000062,FALSE,FALSE,FALSE,0,"X1_groups",1,1.03878245631525,0.00353821312425062,0.9,0.943043790073754,1.13577946719252
16,62,1.6e+08,160000062,FALSE,FALSE,FALSE,0,"X2_dist",1,1.15675528381903,0.00652909815410298,0.9,1.02904328401553,1.2858893243474
16,62,1.6e+08,160000062,FALSE,FALSE,FALSE,0,"X3_norm",1,1.06936381526032,0.00350385057206445,0.9,0.974811412654632,1.16820925410519
16,62,1.6e+08,160000062,FALSE,FALSE,FALSE,0,"X4_row",1,1.10714825021229,0.00508317106473506,0.9,0.985040758780197,1.22346238344708
16,62,1.6e+08,160000062,FALSE,TRUE,FALSE,0,"intercept",-1,-0.605585997882869,0.00454178781041948,0.9,-0.720833130207895,-0.503464015601556
16,62,1.6e+08,160000062,FALSE,TRUE,FALSE,0,"X1_groups",1,0.569794867019973,0.00146691880010593,0.9,0.507502337492355,0.632054532260566
16,62,1.6e+08,160000062,FALSE,TRUE,FALSE,0,"X2_dist",1,0.611007119848314,0.00350158726108672,0.9,0.519815860008763,0.702937857449803
16,62,1.6e+08,160000062,FALSE,TRUE,FALSE,0,"X3_norm",1,0.584416022694109,0.00158977582877721,0.9,0.520043491510606,0.649285548189616
16,62,1.6e+08,160000062,FALSE,TRUE,FALSE,0,"X4_row",1,0.612054225235261,0.00214052202833136,0.9,0.536481695534979,0.687624820250992
16,62,1.6e+08,160000062,FALSE,FALSE,FALSE,1,"intercept",-1,-1.18248626457274,0.00973557426268899,0.9,-1.3391088915065,-1.01370900164311
16,62,1.6e+08,160000062,FALSE,FALSE,FALSE,1,"X1_groups",1,1.10100407156658,0.00478692384403821,0.9,0.991124656941856,1.22169187744302
16,62,1.6e+08,160000062,FALSE,FALSE,FALSE,1,"X2_dist",1,1.21865812447569,0.00863337596496804,0.9,1.07509178220772,1.38298745514393
16,62,1.6e+08,160000062,FALSE,FALSE,FALSE,1,"X3_norm",1,1.12545711909932,0.00525514592434396,0.9,1.01409008731839,1.24782554077671
16,62,1.6e+08,160000062,FALSE,FALSE,FALSE,1,"X4_row",1,1.1754310296021,0.00669373182752778,0.9,1.03791652652268,1.31060641752261
16,62,1.6e+08,160000062,FALSE,FALSE,FALSE,2,"intercept",-1,-1.25185428365051,0.0103063811290183,0.9,-1.42350314693114,-1.09974257829144
16,62,1.6e+08,160000062,FALSE,FALSE,FALSE,2,"X1_groups",1,1.15731526438904,0.00647817131873581,0.9,1.0229968205171,1.28111448455595
16,62,1.6e+08,160000062,FALSE,FALSE,FALSE,2,"X2_dist",1,1.28850880188612,0.00974120531710121,0.9,1.13841141296211,1.46860109747409
16,62,1.6e+08,160000062,FALSE,FALSE,FALSE,2,"X3_norm",1,1.18776231560309,0.00687834887766403,0.9,1.06028337882092,1.33127713098645
16,62,1.6e+08,160000062,FALSE,FALSE,FALSE,2,"X4_row",1,1.24086963215497,0.00829140759171477,0.9,1.09152788141073,1.3840579098943
16,62,1.6e+08,160000062,FALSE,TRUE,FALSE,1,"intercept",-1,-0.779252673437304,0.00629903095745862,0.9,-0.906940144196176,-0.650554080355955
16,62,1.6e+08,160000062,FALSE,TRUE,FALSE,1,"X1_groups",1,0.760367752686101,0.0026404961435451,0.9,0.675647544457647,0.846554644931543
16,62,1.6e+08,160000062,FALSE,TRUE,FALSE,1,"X2_dist",1,0.764980466674865,0.00506336843737935,0.9,0.65043699650336,0.892676116548329
16,62,1.6e+08,160000062,FALSE,TRUE,FALSE,1,"X3_norm",1,0.760823678118871,0.00265926260213979,0.9,0.679250129061664,0.848457073034711
16,62,1.6e+08,160000062,FALSE,TRUE,FALSE,1,"X4_row",1,0.808029499985119,0.00330607937879077,0.9,0.710406930960963,0.896214460907808
16,62,1.6e+08,160000062,FALSE,TRUE,FALSE,2,"intercept",-1,-0.929444570178991,0.00977384764676158,0.9,-1.09402954228596,-0.772211413690975
16,62,1.6e+08,160000062,FALSE,TRUE,FALSE,2,"X1_groups",1,0.887351480696438,0.00425470151759758,0.9,0.783341825761004,0.992065367507527
16,62,1.6e+08,160000062,FALSE,TRUE,FALSE,2,"X2_dist",1,0.927153315316302,0.00825959084024007,0.9,0.782503667820581,1.07693457976434
16,62,1.6e+08,160000062,FALSE,TRUE,FALSE,2,"X3_norm",1,0.885213027417591,0.00391295849020341,0.9,0.783539449729601,0.986710057557506
16,62,1.6e+08,160000062,FALSE,TRUE,FALSE,2,"X4_row",1,0.968116059579823,0.00501420520918111,0.9,0.858563695171545,1.08280817183737
16,63,1.6e+08,160000063,FALSE,FALSE,FALSE,0,"intercept",-1,-0.93807780384237,0.00675481089405629,0.9,-1.07228981398764,-0.806360237980734
16,63,1.6e+08,160000063,FALSE,FALSE,FALSE,0,"X1_groups",1,0.957518478735827,0.00284125297354661,0.9,0.870296565971363,1.04438602478728
16,63,1.6e+08,160000063,FALSE,FALSE,FALSE,0,"X2_dist",1,0.892060808777244,0.00540527631303143,0.9,0.775239821159051,1.01316768668522
16,63,1.6e+08,160000063,FALSE,FALSE,FALSE,0,"X3_norm",1,1.07750925239718,0.00358259442173936,0.9,0.976409216565405,1.17315320409142
16,63,1.6e+08,160000063,FALSE,FALSE,FALSE,0,"X4_row",1,1.08143798905351,0.00443643518157344,0.9,0.97056970866249,1.18268646030951
16,63,1.6e+08,160000063,FALSE,TRUE,FALSE,0,"intercept",-1,-0.654694098628943,0.00439227425838655,0.9,-0.763983949936716,-0.544772660789742
16,63,1.6e+08,160000063,FALSE,TRUE,FALSE,0,"X1_groups",1,0.573782993951629,0.00137710603098463,0.9,0.512097938366503,0.635346758459646
16,63,1.6e+08,160000063,FALSE,TRUE,FALSE,0,"X2_dist",1,0.594667441618551,0.00331585684163199,0.9,0.500503638431534,0.686048869983392
16,63,1.6e+08,160000063,FALSE,TRUE,FALSE,0,"X3_norm",1,0.632446481407978,0.00168823006745776,0.9,0.559377352257996,0.698563057695655
16,63,1.6e+08,160000063,FALSE,TRUE,FALSE,0,"X4_row",1,0.665565017139307,0.00245940619254433,0.9,0.581549453978936,0.745763328965782
16,63,1.6e+08,160000063,FALSE,FALSE,FALSE,1,"intercept",-1,-0.97313200354432,0.00735175533872089,0.9,-1.11283175191976,-0.841015143163681
16,63,1.6e+08,160000063,FALSE,FALSE,FALSE,1,"X1_groups",1,0.99908846954685,0.0033896185327888,0.9,0.911916919038647,1.09309337971253
16,63,1.6e+08,160000063,FALSE,FALSE,FALSE,1,"X2_dist",1,0.919447254669278,0.00576814446111122,0.9,0.800113470382331,1.04881957916341
16,63,1.6e+08,160000063,FALSE,FALSE,FALSE,1,"X3_norm",1,1.11695465047058,0.00422962357378988,0.9,1.01911801716654,1.2249495864003
16,63,1.6e+08,160000063,FALSE,FALSE,FALSE,1,"X4_row",1,1.12864020104895,0.00526081553451307,0.9,1.01242124293657,1.25092177982106
16,63,1.6e+08,160000063,FALSE,FALSE,FALSE,2,"intercept",-1,-1.01035107553109,0.00736417760022033,0.9,-1.16078527941131,-0.876111308809277
16,63,1.6e+08,160000063,FALSE,FALSE,FALSE,2,"X1_groups",1,1.03713271425037,0.00455103599204114,0.9,0.922463337731231,1.14653379725612
16,63,1.6e+08,160000063,FALSE,FALSE,FALSE,2,"X2_dist",1,0.953949180490322,0.0062260973287336,0.9,0.821968322626235,1.08743268559155
16,63,1.6e+08,160000063,FALSE,FALSE,FALSE,2,"X3_norm",1,1.14890156294068,0.00445508588119533,0.9,1.03911401761723,1.25444936310813
16,63,1.6e+08,160000063,FALSE,FALSE,FALSE,2,"X4_row",1,1.16994382415353,0.00564066200492745,0.9,1.05266870806091,1.30711749890558
16,63,1.6e+08,160000063,FALSE,TRUE,FALSE,1,"intercept",-1,-0.801030462150846,0.00603670196137248,0.9,-0.929627018987236,-0.679468771865943
16,63,1.6e+08,160000063,FALSE,TRUE,FALSE,1,"X1_groups",1,0.734287151131926,0.00246936446662527,0.9,0.650837517087874,0.806403949569491
16,63,1.6e+08,160000063,FALSE,TRUE,FALSE,1,"X2_dist",1,0.729977233310573,0.00471176251774816,0.9,0.627854115007902,0.843104753872602
16,63,1.6e+08,160000063,FALSE,TRUE,FALSE,1,"X3_norm",1,0.785794227556748,0.00276253226748844,0.9,0.692039044649913,0.866554990563879
16,63,1.6e+08,160000063,FALSE,TRUE,FALSE,1,"X4_row",1,0.873120905234517,0.00397581695367576,0.9,0.767932275975871,0.972936741091959
16,63,1.6e+08,160000063,FALSE,TRUE,FALSE,2,"intercept",-1,-0.97871766994817,0.00945814074337546,0.9,-1.13413136561179,-0.819656126038543
16,63,1.6e+08,160000063,FALSE,TRUE,FALSE,2,"X1_groups",1,0.89544811650592,0.0046869882592004,0.9,0.785406195974984,1.01007091320638
16,63,1.6e+08,160000063,FALSE,TRUE,FALSE,2,"X2_dist",1,0.892931072872467,0.0073942605136984,0.9,0.752679337645765,1.02999564199775
16,63,1.6e+08,160000063,FALSE,TRUE,FALSE,2,"X3_norm",1,0.963311504555496,0.00502272801495265,0.9,0.847507033459397,1.08328107182355
16,63,1.6e+08,160000063,FALSE,TRUE,FALSE,2,"X4_row",1,1.0741540096769,0.00585923935919139,0.9,0.958044528472927,1.20998257909163
16,64,1.6e+08,160000064,FALSE,FALSE,FALSE,0,"intercept",-1,-0.982799408342237,0.00655961110867211,0.9,-1.11846602441324,-0.852459041849862
16,64,1.6e+08,160000064,FALSE,FALSE,FALSE,0,"X1_groups",1,0.947906148373871,0.00286127783319407,0.9,0.860996315829549,1.03618069636847
16,64,1.6e+08,160000064,FALSE,FALSE,FALSE,0,"X2_dist",1,0.970299666841839,0.00513559228997164,0.9,0.858808100405704,1.09161789318675
16,64,1.6e+08,160000064,FALSE,FALSE,FALSE,0,"X3_norm",1,0.967772886623043,0.0032050867374234,0.9,0.879526931972274,1.0583008087894
16,64,1.6e+08,160000064,FALSE,FALSE,FALSE,0,"X4_row",1,0.874794779249425,0.00378496031506208,0.9,0.76579349245695,0.970326013585483
16,64,1.6e+08,160000064,FALSE,TRUE,FALSE,0,"intercept",-1,-0.675624993950485,0.00444083565633615,0.9,-0.786062695844017,-0.567583567768059
16,64,1.6e+08,160000064,FALSE,TRUE,FALSE,0,"X1_groups",1,0.569345785933659,0.00158871228701871,0.9,0.507035237774686,0.636900239594885
16,64,1.6e+08,160000064,FALSE,TRUE,FALSE,0,"X2_dist",1,0.667301767690308,0.00347696339255619,0.9,0.570224542671594,0.76612479193535
16,64,1.6e+08,160000064,FALSE,TRUE,FALSE,0,"X3_norm",1,0.613080305990555,0.00152513704416071,0.9,0.548760531663811,0.678914362994452
16,64,1.6e+08,160000064,FALSE,TRUE,FALSE,0,"X4_row",1,0.568927150815998,0.00214304152222319,0.9,0.491568359914156,0.645029280111518
16,64,1.6e+08,160000064,FALSE,FALSE,FALSE,1,"intercept",-1,-1.03086108041069,0.00702774377228402,0.9,-1.16482573744895,-0.89693963420962
16,64,1.6e+08,160000064,FALSE,FALSE,FALSE,1,"X1_groups",1,0.999357766586445,0.00313515100723458,0.9,0.912818073015199,1.09731283923629
16,64,1.6e+08,160000064,FALSE,FALSE,FALSE,1,"X2_dist",1,1.01143487126444,0.00606549356981551,0.9,0.882650311166827,1.13154628569167
16,64,1.6e+08,160000064,FALSE,FALSE,FALSE,1,"X3_norm",1,1.00941921987513,0.00379281923744345,0.9,0.912885596277941,1.10842668285632
16,64,1.6e+08,160000064,FALSE,FALSE,FALSE,1,"X4_row",1,0.923045553591573,0.00413567410948238,0.9,0.811099992223881,1.0357560996209
16,64,1.6e+08,160000064,FALSE,FALSE,FALSE,2,"intercept",-1,-1.07809500917974,0.0080259508442248,0.9,-1.22611608323938,-0.93611862545063
16,64,1.6e+08,160000064,FALSE,FALSE,FALSE,2,"X1_groups",1,1.03936503059922,0.0045408157715038,0.9,0.925973779998019,1.14799426792203
16,64,1.6e+08,160000064,FALSE,FALSE,FALSE,2,"X2_dist",1,1.05366791900514,0.00693380118025524,0.9,0.931853461500072,1.19653422801426
16,64,1.6e+08,160000064,FALSE,FALSE,FALSE,2,"X3_norm",1,1.04715494947728,0.00403141481440736,0.9,0.940473912764478,1.14782252796287
16,64,1.6e+08,160000064,FALSE,FALSE,FALSE,2,"X4_row",1,0.959966836816529,0.00461848052292756,0.9,0.8593844387302,1.0909929643289
16,64,1.6e+08,160000064,FALSE,TRUE,FALSE,1,"intercept",-1,-0.856722705778213,0.00571083012460009,0.9,-0.985845355902051,-0.738438148668006
16,64,1.6e+08,160000064,FALSE,TRUE,FALSE,1,"X1_groups",1,0.739249116870952,0.00227730275048495,0.9,0.656459347619428,0.813520796145035
16,64,1.6e+08,160000064,FALSE,TRUE,FALSE,1,"X2_dist",1,0.82611902294033,0.0046447786914437,0.9,0.710252996303139,0.936030648795181
16,64,1.6e+08,160000064,FALSE,TRUE,FALSE,1,"X3_norm",1,0.771862464428725,0.00232796492201636,0.9,0.694831106544192,0.852045002887479
16,64,1.6e+08,160000064,FALSE,TRUE,FALSE,1,"X4_row",1,0.713935223846427,0.00323625105659418,0.9,0.620176975629145,0.804471386396189
16,64,1.6e+08,160000064,FALSE,TRUE,FALSE,2,"intercept",-1,-1.03846249258284,0.00931478581354865,0.9,-1.200675130227,-0.881563833653289
16,64,1.6e+08,160000064,FALSE,TRUE,FALSE,2,"X1_groups",1,0.915324928843777,0.00408248112146212,0.9,0.807195611744171,1.02129587213553
16,64,1.6e+08,160000064,FALSE,TRUE,FALSE,2,"X2_dist",1,1.01044433873915,0.00777920967678762,0.9,0.870942498213164,1.15437796952319
16,64,1.6e+08,160000064,FALSE,TRUE,FALSE,2,"X3_norm",1,0.9640233706399,0.00364125635611473,0.9,0.871039453605172,1.05882845141644
16,64,1.6e+08,160000064,FALSE,TRUE,FALSE,2,"X4_row",1,0.897545526701062,0.00438237440754811,0.9,0.790933119948405,1.00878267362421
16,65,1.6e+08,160000065,FALSE,FALSE,FALSE,0,"intercept",-1,-0.896799150653185,0.00678345261341356,0.9,-1.04327400439026,-0.771305404339521
16,65,1.6e+08,160000065,FALSE,FALSE,FALSE,0,"X1_groups",1,0.911313622149621,0.00266364422770577,0.9,0.828471333050851,1.00133550451388
16,65,1.6e+08,160000065,FALSE,FALSE,FALSE,0,"X2_dist",1,0.84362361071777,0.00515685806170296,0.9,0.728918112728256,0.958393829807448
16,65,1.6e+08,160000065,FALSE,FALSE,FALSE,0,"X3_norm",1,0.965298373653377,0.00302567005546951,0.9,0.87390222205168,1.05819951141733
16,65,1.6e+08,160000065,FALSE,FALSE,FALSE,0,"X4_row",1,0.935229530541657,0.00366225226324001,0.9,0.833494918857251,1.02627435413473
16,65,1.6e+08,160000065,FALSE,TRUE,FALSE,0,"intercept",-1,-0.665433264941142,0.00443160431944748,0.9,-0.772691231453592,-0.556710053578814
16,65,1.6e+08,160000065,FALSE,TRUE,FALSE,0,"X1_groups",1,0.583990239150175,0.00139726301994884,0.9,0.527709358098685,0.648903510107006
16,65,1.6e+08,160000065,FALSE,TRUE,FALSE,0,"X2_dist",1,0.617962494115176,0.00325488392175759,0.9,0.528432815965705,0.714067879658076
16,65,1.6e+08,160000065,FALSE,TRUE,FALSE,0,"X3_norm",1,0.652922139109012,0.00167697696740416,0.9,0.581979772945148,0.717511085048703
16,65,1.6e+08,160000065,FALSE,TRUE,FALSE,0,"X4_row",1,0.606633495553786,0.00237685115965869,0.9,0.525460393374342,0.681748096781014
16,65,1.6e+08,160000065,FALSE,FALSE,FALSE,1,"intercept",-1,-0.919523667692174,0.00721532876517388,0.9,-1.06493294908309,-0.780165292588324
16,65,1.6e+08,160000065,FALSE,FALSE,FALSE,1,"X1_groups",1,0.944204828351528,0.00310064628416515,0.9,0.85364516510299,1.03176316785568
16,65,1.6e+08,160000065,FALSE,FALSE,FALSE,1,"X2_dist",1,0.859596136925588,0.00568702192703858,0.9,0.730631330473964,0.997958931767342
16,65,1.6e+08,160000065,FALSE,FALSE,FALSE,1,"X3_norm",1,0.990680396358496,0.00338443733334244,0.9,0.892804913958474,1.08472359760319
16,65,1.6e+08,160000065,FALSE,FALSE,FALSE,1,"X4_row",1,0.965960488280742,0.00385175097543464,0.9,0.866374642450053,1.05929699512133
16,65,1.6e+08,160000065,FALSE,FALSE,FALSE,2,"intercept",-1,-0.951808047648133,0.007309393709943,0.9,-1.09720803329109,-0.823504869163426
16,65,1.6e+08,160000065,FALSE,FALSE,FALSE,2,"X1_groups",1,0.964603763226724,0.00362344031688014,0.9,0.864515227977762,1.07334860763856
16,65,1.6e+08,160000065,FALSE,FALSE,FALSE,2,"X2_dist",1,0.8904906472916,0.00590742007489327,0.9,0.768215518547138,1.02118487559557
16,65,1.6e+08,160000065,FALSE,FALSE,FALSE,2,"X3_norm",1,1.0154802629563,0.00419654926857344,0.9,0.912353267084258,1.11827505421806
16,65,1.6e+08,160000065,FALSE,FALSE,FALSE,2,"X4_row",1,0.996165047619497,0.005002834955402,0.9,0.895065031794715,1.12593711454078
16,65,1.6e+08,160000065,FALSE,TRUE,FALSE,1,"intercept",-1,-0.789970338687551,0.00569128542925969,0.9,-0.912048040287835,-0.670745538847759
16,65,1.6e+08,160000065,FALSE,TRUE,FALSE,1,"X1_groups",1,0.728391443082159,0.00232228084752632,0.9,0.647721465810165,0.80799708007613
16,65,1.6e+08,160000065,FALSE,TRUE,FALSE,1,"X2_dist",1,0.736086993049087,0.00443446207817427,0.9,0.638890407952164,0.848520233847715
16,65,1.6e+08,160000065,FALSE,TRUE,FALSE,1,"X3_norm",1,0.818409335049972,0.00277632450442299,0.9,0.734103287136752,0.90308005277039
16,65,1.6e+08,160000065,FALSE,TRUE,FALSE,1,"X4_row",1,0.750450375637207,0.00312127466602456,0.9,0.653705126405596,0.841925884737317
16,65,1.6e+08,160000065,FALSE,TRUE,FALSE,2,"intercept",-1,-0.972635798937609,0.00948491175696303,0.9,-1.14512983029708,-0.816890193183437
16,65,1.6e+08,160000065,FALSE,TRUE,FALSE,2,"X1_groups",1,0.921064186246748,0.00428824903008885,0.9,0.803847432304802,1.02313170736662
16,65,1.6e+08,160000065,FALSE,TRUE,FALSE,2,"X2_dist",1,0.917958776773626,0.00793674354250569,0.9,0.774653363853816,1.06245253217781
16,65,1.6e+08,160000065,FALSE,TRUE,FALSE,2,"X3_norm",1,1.0093005379866,0.00461834386412142,0.9,0.899347004227657,1.1238229255008
16,65,1.6e+08,160000065,FALSE,TRUE,FALSE,2,"X4_row",1,0.913054642588684,0.00444599295979729,0.9,0.809424407052622,1.02682217355929
16,66,1.6e+08,160000066,FALSE,FALSE,FALSE,0,"intercept",-1,-1.01057076390293,0.00712193173857902,0.9,-1.13873622320448,-0.869322466579221
16,66,1.6e+08,160000066,FALSE,FALSE,FALSE,0,"X1_groups",1,0.960563317922039,0.00268979896019984,0.9,0.878221283394337,1.05055792422717
16,66,1.6e+08,160000066,FALSE,FALSE,FALSE,0,"X2_dist",1,0.983398662001026,0.00529398680999006,0.9,0.858947954173891,1.09477062266708
16,66,1.6e+08,160000066,FALSE,FALSE,FALSE,0,"X3_norm",1,0.954795480576543,0.00303313503315028,0.9,0.869117998792853,1.04915737239448
16,66,1.6e+08,160000066,FALSE,FALSE,FALSE,0,"X4_row",1,0.895023553987725,0.00353515492776637,0.9,0.794042757560576,0.989068658877349
16,66,1.6e+08,160000066,FALSE,TRUE,FALSE,0,"intercept",-1,-0.634479981719145,0.00424207806618989,0.9,-0.738909971734281,-0.532965724338577
16,66,1.6e+08,160000066,FALSE,TRUE,FALSE,0,"X1_groups",1,0.563591816467665,0.00128152222136976,0.9,0.506994285068623,0.62556456911732
16,66,1.6e+08,160000066,FALSE,TRUE,FALSE,0,"X2_dist",1,0.599540808996475,0.00313795484103516,0.9,0.508797655888712,0.689474172149706
16,66,1.6e+08,160000066,FALSE,TRUE,FALSE,0,"X3_norm",1,0.599703209484075,0.00148664508622925,0.9,0.53603609948792,0.663703485474685
16,66,1.6e+08,160000066,FALSE,TRUE,FALSE,0,"X4_row",1,0.523871558075143,0.00235128199131352,0.9,0.446046925351816,0.602929142381545
16,66,1.6e+08,160000066,FALSE,FALSE,FALSE,1,"intercept",-1,-1.05140697580668,0.00728600017018223,0.9,-1.18437059752345,-0.916175041112323
16,66,1.6e+08,160000066,FALSE,FALSE,FALSE,1,"X1_groups",1,1.01170936535984,0.00351211343551525,0.9,0.921093861313197,1.11619689308879
16,66,1.6e+08,160000066,FALSE,FALSE,FALSE,1,"X2_dist",1,1.015947527855,0.00580442106060175,0.9,0.896812649105263,1.14190649920773
16,66,1.6e+08,160000066,FALSE,FALSE,FALSE,1,"X3_norm",1,0.998451873115316,0.00367434642709577,0.9,0.902414350059124,1.09795233631673
16,66,1.6e+08,160000066,FALSE,FALSE,FALSE,1,"X4_row",1,0.934934407488355,0.00427284122204815,0.9,0.827346300758426,1.04123037826572
16,66,1.6e+08,160000066,FALSE,FALSE,FALSE,2,"intercept",-1,-1.09275962153287,0.00819840474320672,0.9,-1.25471241670617,-0.948296402764715
16,66,1.6e+08,160000066,FALSE,FALSE,FALSE,2,"X1_groups",1,1.04858311838565,0.0038612356941118,0.9,0.953553307451158,1.15082453613454
16,66,1.6e+08,160000066,FALSE,FALSE,FALSE,2,"X2_dist",1,1.0547962013508,0.00653585096171546,0.9,0.917259721914801,1.18813996091095
16,66,1.6e+08,160000066,FALSE,FALSE,FALSE,2,"X3_norm",1,1.03307303340929,0.00359015305770362,0.9,0.932932065625193,1.13127290343063
16,66,1.6e+08,160000066,FALSE,FALSE,FALSE,2,"X4_row",1,0.964069253205593,0.00452037930774903,0.9,0.852139368801375,1.0714972467396
16,66,1.6e+08,160000066,FALSE,TRUE,FALSE,1,"intercept",-1,-0.789418452629084,0.00559529330174604,0.9,-0.905732851577797,-0.675241349142222
16,66,1.6e+08,160000066,FALSE,TRUE,FALSE,1,"X1_groups",1,0.740125841080416,0.00211024544749909,0.9,0.6713113383839,0.817906542716274
16,66,1.6e+08,160000066,FALSE,TRUE,FALSE,1,"X2_dist",1,0.74750379373781,0.00459287864560176,0.9,0.632330683430077,0.858950572346708
16,66,1.6e+08,160000066,FALSE,TRUE,FALSE,1,"X3_norm",1,0.75391233862578,0.00251578893674569,0.9,0.67560605567784,0.843341703906601
16,66,1.6e+08,160000066,FALSE,TRUE,FALSE,1,"X4_row",1,0.672262391444929,0.00287158730018319,0.9,0.583935328398673,0.759766035687151
16,66,1.6e+08,160000066,FALSE,TRUE,FALSE,2,"intercept",-1,-0.926791080635088,0.00849060869237578,0.9,-1.09551330181481,-0.77973876915955
16,66,1.6e+08,160000066,FALSE,TRUE,FALSE,2,"X1_groups",1,0.880150638277458,0.00354550008228025,0.9,0.777406132348283,0.981587653897723
16,66,1.6e+08,160000066,FALSE,TRUE,FALSE,2,"X2_dist",1,0.887870111103556,0.00642551877547994,0.9,0.771425132062306,1.02738548365933
16,66,1.6e+08,160000066,FALSE,TRUE,FALSE,2,"X3_norm",1,0.916747147229417,0.00385280236814749,0.9,0.813929821791541,1.01970260737114
16,66,1.6e+08,160000066,FALSE,TRUE,FALSE,2,"X4_row",1,0.815589176760582,0.00400321100283538,0.9,0.713480621540682,0.925461092100398
16,67,1.6e+08,160000067,FALSE,FALSE,FALSE,0,"intercept",-1,-0.955093513851548,0.00686034911496057,0.9,-1.08529063450928,-0.819794312835734
16,67,1.6e+08,160000067,FALSE,FALSE,FALSE,0,"X1_groups",1,0.973364029353913,0.00276189118340287,0.9,0.890149808041879,1.05778785505953
16,67,1.6e+08,160000067,FALSE,FALSE,FALSE,0,"X2_dist",1,0.97739354946494,0.00524748913142931,0.9,0.852117741425825,1.09593607558671
16,67,1.6e+08,160000067,FALSE,FALSE,FALSE,0,"X3_norm",1,0.954311579156224,0.00306482936804055,0.9,0.867609059262756,1.05344980383985
16,67,1.6e+08,160000067,FALSE,FALSE,FALSE,0,"X4_row",1,1.07552089985007,0.00451431318540774,0.9,0.962520063318354,1.18645371839845
16,67,1.6e+08,160000067,FALSE,TRUE,FALSE,0,"intercept",-1,-0.666249520832568,0.00470412654766501,0.9,-0.779887701565613,-0.552824138869064
16,67,1.6e+08,160000067,FALSE,TRUE,FALSE,0,"X1_groups",1,0.581577401716843,0.00154364294020445,0.9,0.520293277970037,0.648895954502441
16,67,1.6e+08,160000067,FALSE,TRUE,FALSE,0,"X2_dist",1,0.645313283503273,0.00351681819709796,0.9,0.549105747447393,0.740711711643239
16,67,1.6e+08,160000067,FALSE,TRUE,FALSE,0,"X3_norm",1,0.580813162855972,0.00175187186677263,0.9,0.513350906290341,0.65179124214607
16,67,1.6e+08,160000067,FALSE,TRUE,FALSE,0,"X4_row",1,0.59659825318763,0.00223387572873371,0.9,0.518758534373847,0.674042730285226
16,67,1.6e+08,160000067,FALSE,FALSE,FALSE,1,"intercept",-1,-1.01259406612462,0.0078060794041827,0.9,-1.15810137064146,-0.873838856378569
16,67,1.6e+08,160000067,FALSE,FALSE,FALSE,1,"X1_groups",1,1.02733972163892,0.00350971774344303,0.9,0.934771352395134,1.11907467079756
16,67,1.6e+08,160000067,FALSE,FALSE,FALSE,1,"X2_dist",1,1.02894350047205,0.00669507535946887,0.9,0.900273076602942,1.17241676171074
16,67,1.6e+08,160000067,FALSE,FALSE,FALSE,1,"X3_norm",1,1.00045770288706,0.0037427195530449,0.9,0.904122803178416,1.09980368109733
16,67,1.6e+08,160000067,FALSE,FALSE,FALSE,1,"X4_row",1,1.1289205411593,0.00511347545642709,0.9,1.01949237501521,1.25177934724692
16,67,1.6e+08,160000067,FALSE,FALSE,FALSE,2,"intercept",-1,-1.05362728380394,0.00919866573288998,0.9,-1.21135197054353,-0.905616943198346
16,67,1.6e+08,160000067,FALSE,FALSE,FALSE,2,"X1_groups",1,1.05748889190096,0.00437268151115674,0.9,0.956168835218732,1.16754767482837
16,67,1.6e+08,160000067,FALSE,FALSE,FALSE,2,"X2_dist",1,1.06707761902605,0.00740837257886716,0.9,0.920806979838676,1.2086248825802
16,67,1.6e+08,160000067,FALSE,FALSE,FALSE,2,"X3_norm",1,1.02887595970314,0.00448953275122183,0.9,0.924113044250487,1.14600471289656
16,67,1.6e+08,160000067,FALSE,FALSE,FALSE,2,"X4_row",1,1.16132898759743,0.00559498489853324,0.9,1.04384242579366,1.28053644848546
16,67,1.6e+08,160000067,FALSE,TRUE,FALSE,1,"intercept",-1,-0.807633385615319,0.00558360737764958,0.9,-0.931101738666751,-0.687457924303184
16,67,1.6e+08,160000067,FALSE,TRUE,FALSE,1,"X1_groups",1,0.756674034438932,0.00228841808555237,0.9,0.681235954717399,0.829522049607631
16,67,1.6e+08,160000067,FALSE,TRUE,FALSE,1,"X2_dist",1,0.777584028318047,0.00453549704674768,0.9,0.677231603273399,0.886734782184228
16,67,1.6e+08,160000067,FALSE,TRUE,FALSE,1,"X3_norm",1,0.704544864540318,0.00238887612605932,0.9,0.625403735443719,0.788695930774563
16,67,1.6e+08,160000067,FALSE,TRUE,FALSE,1,"X4_row",1,0.747263739369937,0.00306284390365436,0.9,0.66136898503332,0.83910059215482
16,67,1.6e+08,160000067,FALSE,TRUE,FALSE,2,"intercept",-1,-1.04678556566407,0.0105107603541905,0.9,-1.22009077057444,-0.877860262044353
16,67,1.6e+08,160000067,FALSE,TRUE,FALSE,2,"X1_groups",1,0.980391403631727,0.00507660378953922,0.9,0.87156756892707,1.09362020790355
16,67,1.6e+08,160000067,FALSE,TRUE,FALSE,2,"X2_dist",1,1.01901874005856,0.00878821717193954,0.9,0.866101269268658,1.18360260387171
16,67,1.6e+08,160000067,FALSE,TRUE,FALSE,2,"X3_norm",1,0.902681022009338,0.00404883598085819,0.9,0.800072948749227,1.00637255314688
16,67,1.6e+08,160000067,FALSE,TRUE,FALSE,2,"X4_row",1,0.987206215073931,0.00571031456315929,0.9,0.861625600965795,1.11324488299297
16,68,1.6e+08,160000068,FALSE,FALSE,FALSE,0,"intercept",-1,-0.996880028810272,0.00760755749443232,0.9,-1.14507178549201,-0.861567499212124
16,68,1.6e+08,160000068,FALSE,FALSE,FALSE,0,"X1_groups",1,1.06000980135834,0.00337920211655165,0.9,0.960458201088248,1.15984773154212
16,68,1.6e+08,160000068,FALSE,FALSE,FALSE,0,"X2_dist",1,1.00710915984999,0.00580277410757622,0.9,0.885619905174674,1.12480179627497
16,68,1.6e+08,160000068,FALSE,FALSE,FALSE,0,"X3_norm",1,1.08567697836959,0.00389759976830149,0.9,0.985257604890816,1.18506637228709
16,68,1.6e+08,160000068,FALSE,FALSE,FALSE,0,"X4_row",1,1.06803439374302,0.00489457264975775,0.9,0.953954857432403,1.18281719574786
16,68,1.6e+08,160000068,FALSE,TRUE,FALSE,0,"intercept",-1,-0.612325577449834,0.00450437648212656,0.9,-0.724707308773232,-0.509681819417398
16,68,1.6e+08,160000068,FALSE,TRUE,FALSE,0,"X1_groups",1,0.574120791328696,0.00131516766168502,0.9,0.518237312932236,0.633220871571169
16,68,1.6e+08,160000068,FALSE,TRUE,FALSE,0,"X2_dist",1,0.582497184687355,0.00342531089599394,0.9,0.494640580958413,0.689344313904118
16,68,1.6e+08,160000068,FALSE,TRUE,FALSE,0,"X3_norm",1,0.668308401998184,0.00190317161348854,0.9,0.601770801103981,0.745750325193244
16,68,1.6e+08,160000068,FALSE,TRUE,FALSE,0,"X4_row",1,0.626643693234856,0.00220421048157929,0.9,0.542610467512864,0.703244696406839
16,68,1.6e+08,160000068,FALSE,FALSE,FALSE,1,"intercept",-1,-1.07085991781537,0.0080762631897613,0.9,-1.22369580551614,-0.922649887793063
16,68,1.6e+08,160000068,FALSE,FALSE,FALSE,1,"X1_groups",1,1.14439811625266,0.00499973864647344,0.9,1.02330688096514,1.26224174613828
16,68,1.6e+08,160000068,FALSE,FALSE,FALSE,1,"X2_dist",1,1.07301828245472,0.00635411403351559,0.9,0.940457656725394,1.20969678728122
16,68,1.6e+08,160000068,FALSE,FALSE,FALSE,1,"X3_norm",1,1.14846178102589,0.00450057092929293,0.9,1.03447485496251,1.25249552167477
16,68,1.6e+08,160000068,FALSE,FALSE,FALSE,1,"X4_row",1,1.1403184872731,0.00597408275341183,0.9,1.02387154907963,1.26789994270218
16,68,1.6e+08,160000068,FALSE,FALSE,FALSE,2,"intercept",-1,-1.11322775001909,0.00894101194660029,0.9,-1.25923080201832,-0.963481036926013
16,68,1.6e+08,160000068,FALSE,FALSE,FALSE,2,"X1_groups",1,1.18166921169448,0.0053577930733462,0.9,1.06738575680789,1.30425228749303
16,68,1.6e+08,160000068,FALSE,FALSE,FALSE,2,"X2_dist",1,1.11291314412767,0.00835431198336429,0.9,0.969205677359532,1.26850207613198
16,68,1.6e+08,160000068,FALSE,FALSE,FALSE,2,"X3_norm",1,1.18372039220846,0.00531099591679006,0.9,1.06021024993356,1.29898781022995
16,68,1.6e+08,160000068,FALSE,FALSE,FALSE,2,"X4_row",1,1.17933326257047,0.00678433793438392,0.9,1.04874522249415,1.31476459930069
16,68,1.6e+08,160000068,FALSE,TRUE,FALSE,1,"intercept",-1,-0.745764741046831,0.00607305499284191,0.9,-0.87611256298479,-0.623920100595465
16,68,1.6e+08,160000068,FALSE,TRUE,FALSE,1,"X1_groups",1,0.713406249965351,0.00216167747915571,0.9,0.645182839902723,0.792957811013801
16,68,1.6e+08,160000068,FALSE,TRUE,FALSE,1,"X2_dist",1,0.697358732904051,0.00486390787036384,0.9,0.590375437489867,0.808809789223812
16,68,1.6e+08,160000068,FALSE,TRUE,FALSE,1,"X3_norm",1,0.806865224315754,0.00248103774565306,0.9,0.728551836201796,0.892536669004353
16,68,1.6e+08,160000068,FALSE,TRUE,FALSE,1,"X4_row",1,0.752762187623325,0.00326493460083814,0.9,0.662011180522302,0.845919514051178
16,68,1.6e+08,160000068,FALSE,TRUE,FALSE,2,"intercept",-1,-0.979685973915861,0.00991952995374168,0.9,-1.16184805232267,-0.831012104027021
16,68,1.6e+08,160000068,FALSE,TRUE,FALSE,2,"X1_groups",1,0.899529209713442,0.00479303035966324,0.9,0.782133373736566,1.02766980044834
16,68,1.6e+08,160000068,FALSE,TRUE,FALSE,2,"X2_dist",1,0.913120246459614,0.00784760461416542,0.9,0.775337016787356,1.07582115288898
16,68,1.6e+08,160000068,FALSE,TRUE,FALSE,2,"X3_norm",1,1.03394030594964,0.00485399716164724,0.9,0.915822203552717,1.14881977090191
16,68,1.6e+08,160000068,FALSE,TRUE,FALSE,2,"X4_row",1,0.984762714237765,0.00508217593883682,0.9,0.874806612883929,1.1051754850044
16,69,1.6e+08,160000069,FALSE,FALSE,FALSE,0,"intercept",-1,-0.923030432579939,0.00679509680983532,0.9,-1.06306832102161,-0.798226933518233
16,69,1.6e+08,160000069,FALSE,FALSE,FALSE,0,"X1_groups",1,0.888216582847087,0.0028227811651681,0.9,0.799898234005468,0.967058849504251
16,69,1.6e+08,160000069,FALSE,FALSE,FALSE,0,"X2_dist",1,0.976608131544602,0.00541553479810469,0.9,0.860894655712604,1.09030700202559
16,69,1.6e+08,160000069,FALSE,FALSE,FALSE,0,"X3_norm",1,0.943419182446228,0.00324740303659209,0.9,0.855035826546009,1.03943254799008
16,69,1.6e+08,160000069,FALSE,FALSE,FALSE,0,"X4_row",1,0.997991457471951,0.0041346390600517,0.9,0.889439269653615,1.10072332820735
16,69,1.6e+08,160000069,FALSE,TRUE,FALSE,0,"intercept",-1,-0.639302079372098,0.00471855726084043,0.9,-0.762563941378275,-0.533324388346227
16,69,1.6e+08,160000069,FALSE,TRUE,FALSE,0,"X1_groups",1,0.592410671929791,0.00142987010401827,0.9,0.531497362018233,0.653558739526407
16,69,1.6e+08,160000069,FALSE,TRUE,FALSE,0,"X2_dist",1,0.599455618186831,0.00342589710142568,0.9,0.505522625139546,0.704397188760037
16,69,1.6e+08,160000069,FALSE,TRUE,FALSE,0,"X3_norm",1,0.595466012206976,0.00153090598084331,0.9,0.529787919159977,0.660290515580154
16,69,1.6e+08,160000069,FALSE,TRUE,FALSE,0,"X4_row",1,0.556174500565842,0.00214105860258071,0.9,0.472709867640847,0.627635545514559
16,69,1.6e+08,160000069,FALSE,FALSE,FALSE,1,"intercept",-1,-0.957799718087112,0.00663282640974462,0.9,-1.08647684154277,-0.815353717487887
16,69,1.6e+08,160000069,FALSE,FALSE,FALSE,1,"X1_groups",1,0.922185888265685,0.0026635999924277,0.9,0.838674986571958,1.00736475172483
16,69,1.6e+08,160000069,FALSE,FALSE,FALSE,1,"X2_dist",1,1.00675506022627,0.0057875084445878,0.9,0.890997870015238,1.13776467175691
16,69,1.6e+08,160000069,FALSE,FALSE,FALSE,1,"X3_norm",1,0.970957263686191,0.0032463415488483,0.9,0.88214869326409,1.06051844216082
16,69,1.6e+08,160000069,FALSE,FALSE,FALSE,1,"X4_row",1,1.03152981965191,0.00455528032419036,0.9,0.917037302981143,1.14537219610272
16,69,1.6e+08,160000069,FALSE,FALSE,FALSE,2,"intercept",-1,-0.99675638369403,0.00820995624201169,0.9,-1.15837269484465,-0.853740338794648
16,69,1.6e+08,160000069,FALSE,FALSE,FALSE,2,"X1_groups",1,0.94979920536362,0.00330780361929102,0.9,0.852884349911042,1.04934709840528
16,69,1.6e+08,160000069,FALSE,FALSE,FALSE,2,"X2_dist",1,1.04465035178117,0.00708808917168953,0.9,0.911608351732627,1.18651371490969
16,69,1.6e+08,160000069,FALSE,FALSE,FALSE,2,"X3_norm",1,1.00052739422737,0.00426321813233984,0.9,0.893130747888504,1.09962758464756
16,69,1.6e+08,160000069,FALSE,FALSE,FALSE,2,"X4_row",1,1.06527549018064,0.00530983163820533,0.9,0.954296473236784,1.19071124146605
16,69,1.6e+08,160000069,FALSE,TRUE,FALSE,1,"intercept",-1,-0.824206756684953,0.0057167912294898,0.9,-0.948727445834386,-0.703812210446558
16,69,1.6e+08,160000069,FALSE,TRUE,FALSE,1,"X1_groups",1,0.766675619851044,0.00231463447408131,0.9,0.689951021021826,0.841234966027858
16,69,1.6e+08,160000069,FALSE,TRUE,FALSE,1,"X2_dist",1,0.776765818232348,0.00462495477857775,0.9,0.662447054479231,0.892925847956643
16,69,1.6e+08,160000069,FALSE,TRUE,FALSE,1,"X3_norm",1,0.760710796199411,0.0027390202395546,0.9,0.673050505520835,0.847981818613941
16,69,1.6e+08,160000069,FALSE,TRUE,FALSE,1,"X4_row",1,0.727647991920189,0.00303148911942057,0.9,0.638485084929467,0.817124897365423
16,69,1.6e+08,160000069,FALSE,TRUE,FALSE,2,"intercept",-1,-1.05745659110939,0.00900712688537541,0.9,-1.22255394849574,-0.910756560260859
16,69,1.6e+08,160000069,FALSE,TRUE,FALSE,2,"X1_groups",1,0.949473263300352,0.00427216284343424,0.9,0.852725243141244,1.05661168092803
16,69,1.6e+08,160000069,FALSE,TRUE,FALSE,2,"X2_dist",1,1.00885495125312,0.00743475118374313,0.9,0.867509572644897,1.15391302539632
16,69,1.6e+08,160000069,FALSE,TRUE,FALSE,2,"X3_norm",1,0.966458972859924,0.00453506822926599,0.9,0.847310441611144,1.07363807622068
16,69,1.6e+08,160000069,FALSE,TRUE,FALSE,2,"X4_row",1,0.934268747296867,0.00552028982230174,0.9,0.820884128321436,1.06217860374085
16,70,1.6e+08,160000070,FALSE,FALSE,FALSE,0,"intercept",-1,-0.972504937552267,0.00718067974345896,0.9,-1.11545687862967,-0.838170443576996
16,70,1.6e+08,160000070,FALSE,FALSE,FALSE,0,"X1_groups",1,0.992877250273928,0.00268563350110257,0.9,0.90956738043717,1.07492882464182
16,70,1.6e+08,160000070,FALSE,FALSE,FALSE,0,"X2_dist",1,0.964561638238894,0.00539229575618504,0.9,0.849123161516782,1.0808475900494
16,70,1.6e+08,160000070,FALSE,FALSE,FALSE,0,"X3_norm",1,0.932048580177594,0.0029491171012097,0.9,0.84464449789026,1.01529709514766
16,70,1.6e+08,160000070,FALSE,FALSE,FALSE,0,"X4_row",1,0.998244545663936,0.00402299978632847,0.9,0.896371967525007,1.09548588825704
16,70,1.6e+08,160000070,FALSE,TRUE,FALSE,0,"intercept",-1,-0.671487071926602,0.00459990849188022,0.9,-0.794508020886148,-0.567467116028165
16,70,1.6e+08,160000070,FALSE,TRUE,FALSE,0,"X1_groups",1,0.572881644876931,0.00144171419178548,0.9,0.512758732649234,0.637373645746037
16,70,1.6e+08,160000070,FALSE,TRUE,FALSE,0,"X2_dist",1,0.624224916358124,0.00323254576151951,0.9,0.53232767266865,0.711153365690838
16,70,1.6e+08,160000070,FALSE,TRUE,FALSE,0,"X3_norm",1,0.56421146900122,0.00163714685454452,0.9,0.503045760793724,0.62861772398914
16,70,1.6e+08,160000070,FALSE,TRUE,FALSE,0,"X4_row",1,0.609676423243343,0.00232230984362636,0.9,0.524379333538304,0.687128273758758
16,70,1.6e+08,160000070,FALSE,FALSE,FALSE,1,"intercept",-1,-1.01914554084294,0.00701568050192064,0.9,-1.15786687243931,-0.890175011978341
16,70,1.6e+08,160000070,FALSE,FALSE,FALSE,1,"X1_groups",1,1.02654039205239,0.00312333523538412,0.9,0.939968370206132,1.11570705878412
16,70,1.6e+08,160000070,FALSE,FALSE,FALSE,1,"X2_dist",1,1.00889896419357,0.00563226809830235,0.9,0.89599723407231,1.13583821678399
16,70,1.6e+08,160000070,FALSE,FALSE,FALSE,1,"X3_norm",1,0.964399592304483,0.00348266165545162,0.9,0.870175208301993,1.05824220048342
16,70,1.6e+08,160000070,FALSE,FALSE,FALSE,1,"X4_row",1,1.03696705486339,0.00414163701492714,0.9,0.925496318710192,1.13841577526534
16,70,1.6e+08,160000070,FALSE,FALSE,FALSE,2,"intercept",-1,-1.04950018954798,0.00798976490422017,0.9,-1.20066280471815,-0.908042183769593
16,70,1.6e+08,160000070,FALSE,FALSE,FALSE,2,"X1_groups",1,1.05309134375789,0.00381274936446616,0.9,0.955365709813588,1.15112618386271
16,70,1.6e+08,160000070,FALSE,FALSE,FALSE,2,"X2_dist",1,1.03715660825434,0.00707605230439793,0.9,0.909179852180524,1.18372184240156
16,70,1.6e+08,160000070,FALSE,FALSE,FALSE,2,"X3_norm",1,0.991516425161388,0.00375650985195331,0.9,0.895354254057976,1.0886145112167
16,70,1.6e+08,160000070,FALSE,FALSE,FALSE,2,"X4_row",1,1.06387156874746,0.00478554412322104,0.9,0.96475367404084,1.17851146441604
16,70,1.6e+08,160000070,FALSE,TRUE,FALSE,1,"intercept",-1,-0.8266504013325,0.00583716457592729,0.9,-0.952403038276573,-0.699856536751118
16,70,1.6e+08,160000070,FALSE,TRUE,FALSE,1,"X1_groups",1,0.729228622068025,0.00235878324527947,0.9,0.650405016952104,0.805202515482784
16,70,1.6e+08,160000070,FALSE,TRUE,FALSE,1,"X2_dist",1,0.762160196571858,0.00441688810320038,0.9,0.659008705477707,0.868915470328749
16,70,1.6e+08,160000070,FALSE,TRUE,FALSE,1,"X3_norm",1,0.709544456090397,0.00225539203628353,0.9,0.634028900222367,0.792264985542559
16,70,1.6e+08,160000070,FALSE,TRUE,FALSE,1,"X4_row",1,0.779748290541331,0.00348885004003502,0.9,0.679261354095281,0.87312981754146
16,70,1.6e+08,160000070,FALSE,TRUE,FALSE,2,"intercept",-1,-0.943300152736245,0.00911034196816119,0.9,-1.09121379544068,-0.783562108373666
16,70,1.6e+08,160000070,FALSE,TRUE,FALSE,2,"X1_groups",1,0.830995217453685,0.00381260072265531,0.9,0.733910498159536,0.933568751646305
16,70,1.6e+08,160000070,FALSE,TRUE,FALSE,2,"X2_dist",1,0.875820249142664,0.00719314853805879,0.9,0.738526552787935,1.00562220577617
16,70,1.6e+08,160000070,FALSE,TRUE,FALSE,2,"X3_norm",1,0.848402516198209,0.00383800211095825,0.9,0.750660642407791,0.947177370737972
16,70,1.6e+08,160000070,FALSE,TRUE,FALSE,2,"X4_row",1,0.91379564204826,0.0048227979336707,0.9,0.800584195003206,1.02901881805623
16,71,1.6e+08,160000071,FALSE,FALSE,FALSE,0,"intercept",-1,-1.05840332761746,0.00750929030046438,0.9,-1.19005828634316,-0.920981151742103
16,71,1.6e+08,160000071,FALSE,FALSE,FALSE,0,"X1_groups",1,1.03250616403981,0.00334369541504236,0.9,0.937748965017057,1.12451696359254
16,71,1.6e+08,160000071,FALSE,FALSE,FALSE,0,"X2_dist",1,1.09409198233627,0.00614894975077792,0.9,0.973161040619013,1.22052747105316
16,71,1.6e+08,160000071,FALSE,FALSE,FALSE,0,"X3_norm",1,1.01058416298586,0.00342911918677071,0.9,0.911696226852508,1.10016939231504
16,71,1.6e+08,160000071,FALSE,FALSE,FALSE,0,"X4_row",1,1.07092722919081,0.00476689005078348,0.9,0.955567009706036,1.17840912689825
16,71,1.6e+08,160000071,FALSE,TRUE,FALSE,0,"intercept",-1,-0.652936449079854,0.00450991423394604,0.9,-0.764832314029816,-0.547280122491629
16,71,1.6e+08,160000071,FALSE,TRUE,FALSE,0,"X1_groups",1,0.615480511730316,0.00142824656210391,0.9,0.552538519839188,0.677110602931585
16,71,1.6e+08,160000071,FALSE,TRUE,FALSE,0,"X2_dist",1,0.612971232774504,0.0034729835351805,0.9,0.515166137752155,0.704632816396224
16,71,1.6e+08,160000071,FALSE,TRUE,FALSE,0,"X3_norm",1,0.576696782775832,0.00168496303840363,0.9,0.509352018302347,0.648119669149902
16,71,1.6e+08,160000071,FALSE,TRUE,FALSE,0,"X4_row",1,0.558373606688767,0.00240915767950526,0.9,0.477126732635008,0.633478219725189
16,71,1.6e+08,160000071,FALSE,FALSE,FALSE,1,"intercept",-1,-1.09715392820836,0.00833464089709766,0.9,-1.24233571274695,-0.952151332541467
16,71,1.6e+08,160000071,FALSE,FALSE,FALSE,1,"X1_groups",1,1.08989987488485,0.0038784625163611,0.9,0.991803853089119,1.19558836040875
16,71,1.6e+08,160000071,FALSE,FALSE,FALSE,1,"X2_dist",1,1.13755609591162,0.00658554275597816,0.9,1.01408996840611,1.28403292838556
16,71,1.6e+08,160000071,FALSE,FALSE,FALSE,1,"X3_norm",1,1.05745600895779,0.00452144930558618,0.9,0.955891444406517,1.16940239126982
16,71,1.6e+08,160000071,FALSE,FALSE,FALSE,1,"X4_row",1,1.13401688266839,0.00592407028086888,0.9,1.00887086359009,1.25261803557237
16,71,1.6e+08,160000071,FALSE,FALSE,FALSE,2,"intercept",-1,-1.14481270040651,0.00927153535646867,0.9,-1.30383342101517,-0.99812756407318
16,71,1.6e+08,160000071,FALSE,FALSE,FALSE,2,"X1_groups",1,1.12922265691334,0.00486589984874441,0.9,1.01695903650906,1.2551354834284
16,71,1.6e+08,160000071,FALSE,FALSE,FALSE,2,"X2_dist",1,1.18500012020863,0.00847644578004028,0.9,1.03934503908948,1.341458052077
16,71,1.6e+08,160000071,FALSE,FALSE,FALSE,2,"X3_norm",1,1.1010657764462,0.00505956264886682,0.9,0.985833786473382,1.21984662729362
16,71,1.6e+08,160000071,FALSE,FALSE,FALSE,2,"X4_row",1,1.17687048476262,0.0069156435558075,0.9,1.04564893326877,1.314998231865
16,71,1.6e+08,160000071,FALSE,TRUE,FALSE,1,"intercept",-1,-0.804880335335435,0.00607734968347681,0.9,-0.940271150095202,-0.682466546729025
16,71,1.6e+08,160000071,FALSE,TRUE,FALSE,1,"X1_groups",1,0.784179047266001,0.00222184972867368,0.9,0.703009977337114,0.85847967254962
16,71,1.6e+08,160000071,FALSE,TRUE,FALSE,1,"X2_dist",1,0.777331482671474,0.00511246559525756,0.9,0.667727857846507,0.896048327058586
16,71,1.6e+08,160000071,FALSE,TRUE,FALSE,1,"X3_norm",1,0.728303744669241,0.0024189873865578,0.9,0.646679305827292,0.805202901444774
16,71,1.6e+08,160000071,FALSE,TRUE,FALSE,1,"X4_row",1,0.732629138159056,0.00309198375559411,0.9,0.637385363445056,0.820874440889032
16,71,1.6e+08,160000071,FALSE,TRUE,FALSE,2,"intercept",-1,-0.968801433582117,0.00899582683596289,0.9,-1.12477144711488,-0.811878264968085
16,71,1.6e+08,160000071,FALSE,TRUE,FALSE,2,"X1_groups",1,0.942092178258224,0.00403034905851499,0.9,0.839238987396556,1.05001764296868
16,71,1.6e+08,160000071,FALSE,TRUE,FALSE,2,"X2_dist",1,0.923330845235286,0.00746832536287314,0.9,0.794613775072334,1.07066053271284
16,71,1.6e+08,160000071,FALSE,TRUE,FALSE,2,"X3_norm",1,0.876285058061306,0.00381111891603259,0.9,0.779224247937007,0.976602259658028
16,71,1.6e+08,160000071,FALSE,TRUE,FALSE,2,"X4_row",1,0.879341747145569,0.00494805674560571,0.9,0.775685804750095,1.00670786644248
16,72,1.6e+08,160000072,FALSE,FALSE,FALSE,0,"intercept",-1,-1.01345877550536,0.00717484546969331,0.9,-1.14876841597399,-0.888008612725149
16,72,1.6e+08,160000072,FALSE,FALSE,FALSE,0,"X1_groups",1,1.00190638175254,0.00294664611140232,0.9,0.9212348599627,1.09528649452035
16,72,1.6e+08,160000072,FALSE,FALSE,FALSE,0,"X2_dist",1,1.01689055468715,0.00566039034863157,0.9,0.888984111742132,1.14283852071605
16,72,1.6e+08,160000072,FALSE,FALSE,FALSE,0,"X3_norm",1,0.995141623728594,0.00353752280495565,0.9,0.899185865219159,1.09421896277532
16,72,1.6e+08,160000072,FALSE,FALSE,FALSE,0,"X4_row",1,1.02151134114916,0.00422212391167573,0.9,0.90767592017328,1.12553660688784
16,72,1.6e+08,160000072,FALSE,TRUE,FALSE,0,"intercept",-1,-0.661194892332879,0.00456656445345118,0.9,-0.773983687489473,-0.557182408371374
16,72,1.6e+08,160000072,FALSE,TRUE,FALSE,0,"X1_groups",1,0.620583707342185,0.00158025135790203,0.9,0.558163558937313,0.685947244465082
16,72,1.6e+08,160000072,FALSE,TRUE,FALSE,0,"X2_dist",1,0.649928865240604,0.00349791672003381,0.9,0.55613438222404,0.751324382890026
16,72,1.6e+08,160000072,FALSE,TRUE,FALSE,0,"X3_norm",1,0.591415926765307,0.00168752329408203,0.9,0.523820746537506,0.659718396238921
16,72,1.6e+08,160000072,FALSE,TRUE,FALSE,0,"X4_row",1,0.60914870026994,0.00235056653051165,0.9,0.525560524344606,0.687790420364949
16,72,1.6e+08,160000072,FALSE,FALSE,FALSE,1,"intercept",-1,-1.04918407860955,0.00730915493440872,0.9,-1.18869115699775,-0.914330045519097
16,72,1.6e+08,160000072,FALSE,FALSE,FALSE,1,"X1_groups",1,1.04817020580597,0.00353449033033554,0.9,0.951832142231742,1.1448898563786
16,72,1.6e+08,160000072,FALSE,FALSE,FALSE,1,"X2_dist",1,1.04669999446762,0.00602440666970289,0.9,0.922392478720517,1.17829773347742
16,72,1.6e+08,160000072,FALSE,FALSE,FALSE,1,"X3_norm",1,1.03231887930798,0.00421701084476757,0.9,0.927617102132628,1.14058255797978
16,72,1.6e+08,160000072,FALSE,FALSE,FALSE,1,"X4_row",1,1.06445449454607,0.00466117300949388,0.9,0.957116507342115,1.17220998231216
16,72,1.6e+08,160000072,FALSE,FALSE,FALSE,2,"intercept",-1,-1.08726712916365,0.00908511289777338,0.9,-1.24724460131371,-0.935896038508915
16,72,1.6e+08,160000072,FALSE,FALSE,FALSE,2,"X1_groups",1,1.07787165350415,0.00443755583079877,0.9,0.97401550418317,1.18690675355724
16,72,1.6e+08,160000072,FALSE,FALSE,FALSE,2,"X2_dist",1,1.08190060560552,0.00747808387682221,0.9,0.938872919147356,1.22058882836711
16,72,1.6e+08,160000072,FALSE,FALSE,FALSE,2,"X3_norm",1,1.05977938718802,0.00422271498135314,0.9,0.960668398938033,1.1781325548092
16,72,1.6e+08,160000072,FALSE,FALSE,FALSE,2,"X4_row",1,1.09574356041535,0.00502375125246853,0.9,0.977997388199785,1.20518279869465
16,72,1.6e+08,160000072,FALSE,TRUE,FALSE,1,"intercept",-1,-0.817909672556673,0.00654720847081575,0.9,-0.945588739458161,-0.68571006636005
16,72,1.6e+08,160000072,FALSE,TRUE,FALSE,1,"X1_groups",1,0.812456436730276,0.00245372214356135,0.9,0.736992488111907,0.887669359437308
16,72,1.6e+08,160000072,FALSE,TRUE,FALSE,1,"X2_dist",1,0.795714293312222,0.00520772666832621,0.9,0.676318669542981,0.914629085873372
16,72,1.6e+08,160000072,FALSE,TRUE,FALSE,1,"X3_norm",1,0.742648061643791,0.00263037661676757,0.9,0.656081038254327,0.830868062203509
16,72,1.6e+08,160000072,FALSE,TRUE,FALSE,1,"X4_row",1,0.780579078688304,0.00339629976506108,0.9,0.685975133813516,0.875026335451308
16,72,1.6e+08,160000072,FALSE,TRUE,FALSE,2,"intercept",-1,-1.02913146421635,0.0105456492246115,0.9,-1.19852584504308,-0.865358039966873
16,72,1.6e+08,160000072,FALSE,TRUE,FALSE,2,"X1_groups",1,1.04741815343234,0.00525643864360243,0.9,0.936683127524464,1.1610970680054
16,72,1.6e+08,160000072,FALSE,TRUE,FALSE,2,"X2_dist",1,1.00970294978951,0.00839055607048146,0.9,0.863328631077301,1.16722173860545
16,72,1.6e+08,160000072,FALSE,TRUE,FALSE,2,"X3_norm",1,0.962564825262086,0.0046038556753151,0.9,0.860046428586551,1.07560267933607
16,72,1.6e+08,160000072,FALSE,TRUE,FALSE,2,"X4_row",1,1.03178148301478,0.00623098012007205,0.9,0.904034661437658,1.17110392161881
16,73,1.6e+08,160000073,FALSE,FALSE,FALSE,0,"intercept",-1,-0.980405347789482,0.00691064642471934,0.9,-1.12422450572772,-0.84655259420947
16,73,1.6e+08,160000073,FALSE,FALSE,FALSE,0,"X1_groups",1,0.957421939231666,0.00300916718073562,0.9,0.865434704835521,1.04531886667223
16,73,1.6e+08,160000073,FALSE,FALSE,FALSE,0,"X2_dist",1,0.987483960634696,0.00547922687268639,0.9,0.86578657981211,1.11814556088782
16,73,1.6e+08,160000073,FALSE,FALSE,FALSE,0,"X3_norm",1,1.03437589988507,0.00340372699870253,0.9,0.947732234980374,1.13410898457715
16,73,1.6e+08,160000073,FALSE,FALSE,FALSE,0,"X4_row",1,1.04760009363868,0.00454382536443445,0.9,0.942174098595319,1.15850680490574
16,73,1.6e+08,160000073,FALSE,TRUE,FALSE,0,"intercept",-1,-0.651009647139514,0.00449759024006342,0.9,-0.770789226527824,-0.54276051155989
16,73,1.6e+08,160000073,FALSE,TRUE,FALSE,0,"X1_groups",1,0.543021204125435,0.00140305208609727,0.9,0.47952711846061,0.604728983701716
16,73,1.6e+08,160000073,FALSE,TRUE,FALSE,0,"X2_dist",1,0.552641203561086,0.003235178060225,0.9,0.465865880359477,0.645276497691992
16,73,1.6e+08,160000073,FALSE,TRUE,FALSE,0,"X3_norm",1,0.608472645073931,0.00171591141840422,0.9,0.53771668639379,0.676528789842743
16,73,1.6e+08,160000073,FALSE,TRUE,FALSE,0,"X4_row",1,0.581294238556622,0.00218654861436695,0.9,0.500921824432894,0.652526545587218
16,73,1.6e+08,160000073,FALSE,FALSE,FALSE,1,"intercept",-1,-1.02024767318701,0.00739545408728487,0.9,-1.15711026117283,-0.877168279429595
16,73,1.6e+08,160000073,FALSE,FALSE,FALSE,1,"X1_groups",1,0.993643200361398,0.00331213496620512,0.9,0.897041667261986,1.08508844374531
16,73,1.6e+08,160000073,FALSE,FALSE,FALSE,1,"X2_dist",1,1.02037107983983,0.00587276618846158,0.9,0.89364238833682,1.155280030399
16,73,1.6e+08,160000073,FALSE,FALSE,FALSE,1,"X3_norm",1,1.06628182269988,0.00370909630052814,0.9,0.968857826713918,1.16081925755297
16,73,1.6e+08,160000073,FALSE,FALSE,FALSE,1,"X4_row",1,1.08217446367268,0.00469565201482702,0.9,0.966961862005697,1.19141105130686
16,73,1.6e+08,160000073,FALSE,FALSE,FALSE,2,"intercept",-1,-1.05261207653185,0.00802432344725808,0.9,-1.19575883419548,-0.898308287474973
16,73,1.6e+08,160000073,FALSE,FALSE,FALSE,2,"X1_groups",1,1.02171255313013,0.00412125622396207,0.9,0.915569107511038,1.12415567956723
16,73,1.6e+08,160000073,FALSE,FALSE,FALSE,2,"X2_dist",1,1.05073320780372,0.00716675419553586,0.9,0.910546558313278,1.18256578081828
16,73,1.6e+08,160000073,FALSE,FALSE,FALSE,2,"X3_norm",1,1.09539195164034,0.00410425353999463,0.9,0.991371231764343,1.19979980574013
16,73,1.6e+08,160000073,FALSE,FALSE,FALSE,2,"X4_row",1,1.11688560170197,0.00525824316328883,0.9,1.00486974702381,1.24211733365667
16,73,1.6e+08,160000073,FALSE,TRUE,FALSE,1,"intercept",-1,-0.798182302540965,0.00589719887142896,0.9,-0.919775969262057,-0.669546119029179
16,73,1.6e+08,160000073,FALSE,TRUE,FALSE,1,"X1_groups",1,0.698752771705085,0.00203028745350948,0.9,0.624915278969889,0.768143105691479
16,73,1.6e+08,160000073,FALSE,TRUE,FALSE,1,"X2_dist",1,0.681001722365538,0.00422544329369388,0.9,0.5804336131081,0.78444548335259
16,73,1.6e+08,160000073,FALSE,TRUE,FALSE,1,"X3_norm",1,0.750288100016571,0.00248076088932914,0.9,0.671316240654502,0.836715016699486
16,73,1.6e+08,160000073,FALSE,TRUE,FALSE,1,"X4_row",1,0.75190963963527,0.00331136354136263,0.9,0.652864227579308,0.841956624336899
16,73,1.6e+08,160000073,FALSE,TRUE,FALSE,2,"intercept",-1,-0.997226111554123,0.00918796690114768,0.9,-1.17189643732153,-0.841411429626365
16,73,1.6e+08,160000073,FALSE,TRUE,FALSE,2,"X1_groups",1,0.860196058861686,0.00425661749639887,0.9,0.764614228983058,0.970007228338979
16,73,1.6e+08,160000073,FALSE,TRUE,FALSE,2,"X2_dist",1,0.876125148915086,0.0070163600603554,0.9,0.733648743827649,1.02119944714887
16,73,1.6e+08,160000073,FALSE,TRUE,FALSE,2,"X3_norm",1,0.942751528051368,0.0038205790326091,0.9,0.835973871220663,1.04183906805636
16,73,1.6e+08,160000073,FALSE,TRUE,FALSE,2,"X4_row",1,0.975973812781015,0.00611140855568912,0.9,0.851220972669045,1.11144473036173
16,74,1.6e+08,160000074,FALSE,FALSE,FALSE,0,"intercept",-1,-0.989716930106816,0.00778203232123027,0.9,-1.14281616288956,-0.856444503775337
16,74,1.6e+08,160000074,FALSE,FALSE,FALSE,0,"X1_groups",1,1.11287480535469,0.00352796065870339,0.9,1.014925382135,1.21910079616365
16,74,1.6e+08,160000074,FALSE,FALSE,FALSE,0,"X2_dist",1,1.0436051086549,0.00621859766625715,0.9,0.92410602634073,1.16463532249569
16,74,1.6e+08,160000074,FALSE,FALSE,FALSE,0,"X3_norm",1,1.04647682034335,0.00352624654057199,0.9,0.955446373127158,1.14816310666071
16,74,1.6e+08,160000074,FALSE,FALSE,FALSE,0,"X4_row",1,1.02916659721801,0.00481158520482425,0.9,0.924964692153067,1.15880992120822
16,74,1.6e+08,160000074,FALSE,TRUE,FALSE,0,"intercept",-1,-0.607551986521362,0.0043775158182053,0.9,-0.713320186890943,-0.494706174710452
16,74,1.6e+08,160000074,FALSE,TRUE,FALSE,0,"X1_groups",1,0.580081101238584,0.00143618803853802,0.9,0.518526952432308,0.639657967166116
16,74,1.6e+08,160000074,FALSE,TRUE,FALSE,0,"X2_dist",1,0.647961956151332,0.00356804036929536,0.9,0.546558877564547,0.744471113287176
16,74,1.6e+08,160000074,FALSE,TRUE,FALSE,0,"X3_norm",1,0.619558327383601,0.00160635489710801,0.9,0.555856282930849,0.685291393641348
16,74,1.6e+08,160000074,FALSE,TRUE,FALSE,0,"X4_row",1,0.599059238149561,0.00231971565761922,0.9,0.514549591787627,0.681745512723603
16,74,1.6e+08,160000074,FALSE,FALSE,FALSE,1,"intercept",-1,-1.05872143569824,0.00883901382746302,0.9,-1.23074415057444,-0.919668637689352
16,74,1.6e+08,160000074,FALSE,FALSE,FALSE,1,"X1_groups",1,1.18033202204258,0.00447867078836515,0.9,1.08215810675751,1.30022925257566
16,74,1.6e+08,160000074,FALSE,FALSE,FALSE,1,"X2_dist",1,1.10506491560311,0.00762640227962191,0.9,0.974777618802452,1.2601641695061
16,74,1.6e+08,160000074,FALSE,FALSE,FALSE,1,"X3_norm",1,1.0996047800739,0.00494925423727229,0.9,0.993944611737313,1.21171815879536
16,74,1.6e+08,160000074,FALSE,FALSE,FALSE,1,"X4_row",1,1.08400260656699,0.00564129764278437,0.9,0.968019647175531,1.2143969161898
16,74,1.6e+08,160000074,FALSE,FALSE,FALSE,2,"intercept",-1,-1.11141735559034,0.0102825739077559,0.9,-1.28146622728595,-0.954202012538291
16,74,1.6e+08,160000074,FALSE,FALSE,FALSE,2,"X1_groups",1,1.22273299092046,0.00571828977384748,0.9,1.10191624677923,1.35837125752288
16,74,1.6e+08,160000074,FALSE,FALSE,FALSE,2,"X2_dist",1,1.15322721440357,0.00903991910378513,0.9,0.992156807759487,1.29822009933338
16,74,1.6e+08,160000074,FALSE,FALSE,FALSE,2,"X3_norm",1,1.13943918205474,0.00606001767204358,0.9,1.01935441582985,1.26578916806414
16,74,1.6e+08,160000074,FALSE,FALSE,FALSE,2,"X4_row",1,1.12548182374984,0.00631834701907265,0.9,1.00790288898971,1.2685814552388
16,74,1.6e+08,160000074,FALSE,TRUE,FALSE,1,"intercept",-1,-0.702304029222586,0.00498773988920887,0.9,-0.818993262571494,-0.587238059045013
16,74,1.6e+08,160000074,FALSE,TRUE,FALSE,1,"X1_groups",1,0.69007003721539,0.00205920549454516,0.9,0.620111514351931,0.762040407852456
16,74,1.6e+08,160000074,FALSE,TRUE,FALSE,1,"X2_dist",1,0.741256106674329,0.00416948374030423,0.9,0.640954009880249,0.847927325845905
16,74,1.6e+08,160000074,FALSE,TRUE,FALSE,1,"X3_norm",1,0.72175270650989,0.00223761398308634,0.9,0.646371230090705,0.801052848198128
16,74,1.6e+08,160000074,FALSE,TRUE,FALSE,1,"X4_row",1,0.691926631561201,0.00289438085144208,0.9,0.597901192353454,0.773362623936155
16,74,1.6e+08,160000074,FALSE,TRUE,FALSE,2,"intercept",-1,-0.8592168447682,0.00850967237570556,0.9,-1.00966900860377,-0.713592241584681
16,74,1.6e+08,160000074,FALSE,TRUE,FALSE,2,"X1_groups",1,0.879772215880372,0.00385184489291945,0.9,0.779771413814062,0.979970850317711
16,74,1.6e+08,160000074,FALSE,TRUE,FALSE,2,"X2_dist",1,0.935212541423011,0.00682409687220537,0.9,0.810895767110456,1.07039082542347
16,74,1.6e+08,160000074,FALSE,TRUE,FALSE,2,"X3_norm",1,0.909171235082689,0.00348097088892496,0.9,0.809385437919086,1.0090951014738
16,74,1.6e+08,160000074,FALSE,TRUE,FALSE,2,"X4_row",1,0.90515426509505,0.00430878604537233,0.9,0.800712995916441,1.01091165119108
16,75,1.6e+08,160000075,FALSE,FALSE,FALSE,0,"intercept",-1,-0.962884385223692,0.00784892356020724,0.9,-1.10351756634453,-0.818859868408807
16,75,1.6e+08,160000075,FALSE,FALSE,FALSE,0,"X1_groups",1,1.02641757961206,0.00320023727410148,0.9,0.932766568644851,1.12138014248561
16,75,1.6e+08,160000075,FALSE,FALSE,FALSE,0,"X2_dist",1,1.09155068558181,0.0066944250975128,0.9,0.960521742666046,1.23698527391674
16,75,1.6e+08,160000075,FALSE,FALSE,FALSE,0,"X3_norm",1,1.04908565660641,0.00358923682102099,0.9,0.951582959048656,1.14608589673162
16,75,1.6e+08,160000075,FALSE,FALSE,FALSE,0,"X4_row",1,1.05263873711364,0.0044748734129961,0.9,0.948413021734784,1.15782931700803
16,75,1.6e+08,160000075,FALSE,TRUE,FALSE,0,"intercept",-1,-0.660236403852407,0.00439913433292641,0.9,-0.763217323205056,-0.557149798089534
16,75,1.6e+08,160000075,FALSE,TRUE,FALSE,0,"X1_groups",1,0.615407519828833,0.00156116834691423,0.9,0.551054060158114,0.678921421267457
16,75,1.6e+08,160000075,FALSE,TRUE,FALSE,0,"X2_dist",1,0.646930752174983,0.00341532324265205,0.9,0.554034250144847,0.740925719990663
16,75,1.6e+08,160000075,FALSE,TRUE,FALSE,0,"X3_norm",1,0.649515657019542,0.00177575334605417,0.9,0.583419740023054,0.717288770084575
16,75,1.6e+08,160000075,FALSE,TRUE,FALSE,0,"X4_row",1,0.582595121627245,0.00226201948257158,0.9,0.49950222010981,0.657579140970492
16,75,1.6e+08,160000075,FALSE,FALSE,FALSE,1,"intercept",-1,-0.98734760399868,0.00754129609078583,0.9,-1.13251407815547,-0.857686379709724
16,75,1.6e+08,160000075,FALSE,FALSE,FALSE,1,"X1_groups",1,1.05877244936563,0.00331974548111758,0.9,0.968518333163631,1.15477330569674
16,75,1.6e+08,160000075,FALSE,FALSE,FALSE,1,"X2_dist",1,1.11539776596679,0.00638283005559075,0.9,0.99309220310048,1.25515790845332
16,75,1.6e+08,160000075,FALSE,FALSE,FALSE,1,"X3_norm",1,1.07601762840688,0.00353546817934822,0.9,0.981796903200365,1.1670549745292
16,75,1.6e+08,160000075,FALSE,FALSE,FALSE,1,"X4_row",1,1.0899609785385,0.00447292382440214,0.9,0.968624820935972,1.19860571776747
16,75,1.6e+08,160000075,FALSE,FALSE,FALSE,2,"intercept",-1,-1.02744079470267,0.00856012422562447,0.9,-1.17886825877412,-0.883389696181561
16,75,1.6e+08,160000075,FALSE,FALSE,FALSE,2,"X1_groups",1,1.09397138739182,0.00436725811423678,0.9,0.985267631920792,1.20645486753502
16,75,1.6e+08,160000075,FALSE,FALSE,FALSE,2,"X2_dist",1,1.15620488761048,0.00789354516102834,0.9,1.01989824755297,1.31396482127489
16,75,1.6e+08,160000075,FALSE,FALSE,FALSE,2,"X3_norm",1,1.11260212586884,0.00441525841966307,0.9,0.998247854952712,1.21676337699314
16,75,1.6e+08,160000075,FALSE,FALSE,FALSE,2,"X4_row",1,1.12670706211663,0.00596198304955368,0.9,1.00987526327067,1.26851101737779
16,75,1.6e+08,160000075,FALSE,TRUE,FALSE,1,"intercept",-1,-0.867180381094051,0.00612617112753977,0.9,-0.995432209536817,-0.740528136287007
16,75,1.6e+08,160000075,FALSE,TRUE,FALSE,1,"X1_groups",1,0.827061199731632,0.0023407002659246,0.9,0.749886226443796,0.90057811550626
16,75,1.6e+08,160000075,FALSE,TRUE,FALSE,1,"X2_dist",1,0.854156836964897,0.00490460280235858,0.9,0.739083297602501,0.971772506227189
16,75,1.6e+08,160000075,FALSE,TRUE,FALSE,1,"X3_norm",1,0.860698449693236,0.0028959475855469,0.9,0.773584130449756,0.952806338626645
16,75,1.6e+08,160000075,FALSE,TRUE,FALSE,1,"X4_row",1,0.78113379562901,0.00350173002777541,0.9,0.682900055787965,0.87289147101982
16,75,1.6e+08,160000075,FALSE,TRUE,FALSE,2,"intercept",-1,-1.09373046492602,0.0112351353017903,0.9,-1.26888481539313,-0.927886755276415
16,75,1.6e+08,160000075,FALSE,TRUE,FALSE,2,"X1_groups",1,1.06090853307242,0.00569129451530816,0.9,0.947729799136762,1.17737835965028
16,75,1.6e+08,160000075,FALSE,TRUE,FALSE,2,"X2_dist",1,1.08792446516068,0.00961611411075018,0.9,0.941423621233638,1.25570433622892
16,75,1.6e+08,160000075,FALSE,TRUE,FALSE,2,"X3_norm",1,1.11105183991323,0.00638240847573274,0.9,0.985426801394081,1.24913766890552
16,75,1.6e+08,160000075,FALSE,TRUE,FALSE,2,"X4_row",1,1.0295603978385,0.0065357525937315,0.9,0.90656849515076,1.15483864307159
16,76,1.6e+08,160000076,FALSE,FALSE,FALSE,0,"intercept",-1,-1.13901601405161,0.00802901130675668,0.9,-1.28944953740784,-0.996962157775806
16,76,1.6e+08,160000076,FALSE,FALSE,FALSE,0,"X1_groups",1,1.03636105827821,0.00338123309953911,0.9,0.948079551187057,1.14225484354014
16,76,1.6e+08,160000076,FALSE,FALSE,FALSE,0,"X2_dist",1,1.11572672603883,0.00645667905243743,0.9,0.983861038583388,1.23525277523642
16,76,1.6e+08,160000076,FALSE,FALSE,FALSE,0,"X3_norm",1,1.09291887844674,0.00361085884181384,0.9,0.996176955063921,1.1921532424619
16,76,1.6e+08,160000076,FALSE,FALSE,FALSE,0,"X4_row",1,1.0640554845554,0.00452728113385417,0.9,0.953708374805953,1.17994807483214
16,76,1.6e+08,160000076,FALSE,TRUE,FALSE,0,"intercept",-1,-0.712477485852802,0.00468995271535115,0.9,-0.830194702136365,-0.609940099859303
16,76,1.6e+08,160000076,FALSE,TRUE,FALSE,0,"X1_groups",1,0.668460940809206,0.00162094069954814,0.9,0.603178749502957,0.73198657451369
16,76,1.6e+08,160000076,FALSE,TRUE,FALSE,0,"X2_dist",1,0.655077595258398,0.00327275587007837,0.9,0.563860999794778,0.754254467772906
16,76,1.6e+08,160000076,FALSE,TRUE,FALSE,0,"X3_norm",1,0.587935899640926,0.00170803536401137,0.9,0.519341856224453,0.658018775448409
16,76,1.6e+08,160000076,FALSE,TRUE,FALSE,0,"X4_row",1,0.556976087941702,0.00219880473034467,0.9,0.474345603345577,0.630095120613661
16,76,1.6e+08,160000076,FALSE,FALSE,FALSE,1,"intercept",-1,-1.18844908070905,0.00898404665923824,0.9,-1.34026474829569,-1.03299643785786
16,76,1.6e+08,160000076,FALSE,FALSE,FALSE,1,"X1_groups",1,1.07534967317433,0.00425047839924671,0.9,0.970561515155561,1.19185099172301
16,76,1.6e+08,160000076,FALSE,FALSE,FALSE,1,"X2_dist",1,1.15603854797311,0.00743334360020332,0.9,1.02122719049044,1.29616372347929
16,76,1.6e+08,160000076,FALSE,FALSE,FALSE,1,"X3_norm",1,1.14001220263421,0.00544600588384633,0.9,1.01807982434918,1.26825021991334
16,76,1.6e+08,160000076,FALSE,FALSE,FALSE,1,"X4_row",1,1.1102793227924,0.00575599430931109,0.9,0.982540532055539,1.23156423758382
16,76,1.6e+08,160000076,FALSE,FALSE,FALSE,2,"intercept",-1,-1.23673314806521,0.0102661538824944,0.9,-1.42145273700698,-1.07633657551731
16,76,1.6e+08,160000076,FALSE,FALSE,FALSE,2,"X1_groups",1,1.10787802061371,0.00466457282742282,0.9,0.994447375200398,1.224453431128
16,76,1.6e+08,160000076,FALSE,FALSE,FALSE,2,"X2_dist",1,1.19699232539047,0.00815461122705419,0.9,1.05354767431636,1.35104677470377
16,76,1.6e+08,160000076,FALSE,FALSE,FALSE,2,"X3_norm",1,1.17977353380142,0.00524588537470824,0.9,1.06593473879905,1.30092231685294
16,76,1.6e+08,160000076,FALSE,FALSE,FALSE,2,"X4_row",1,1.14873090851058,0.00576157265574049,0.9,1.02965550903002,1.26748983887581
16,76,1.6e+08,160000076,FALSE,TRUE,FALSE,1,"intercept",-1,-0.86461348531254,0.00556600611214542,0.9,-0.98140204597469,-0.745814992381895
16,76,1.6e+08,160000076,FALSE,TRUE,FALSE,1,"X1_groups",1,0.834729219271179,0.0020595718314027,0.9,0.759184249705515,0.907623678124858
16,76,1.6e+08,160000076,FALSE,TRUE,FALSE,1,"X2_dist",1,0.797559784739126,0.00439913123683904,0.9,0.688099118781448,0.907359272034945
16,76,1.6e+08,160000076,FALSE,TRUE,FALSE,1,"X3_norm",1,0.736151379822788,0.00250233783454419,0.9,0.655059205373974,0.817897334615443
16,76,1.6e+08,160000076,FALSE,TRUE,FALSE,1,"X4_row",1,0.706833419072686,0.00345808449381435,0.9,0.616561417448828,0.794519636288007
16,76,1.6e+08,160000076,FALSE,TRUE,FALSE,2,"intercept",-1,-1.05861999561519,0.00953127548981172,0.9,-1.22215937936367,-0.90461980211736
16,76,1.6e+08,160000076,FALSE,TRUE,FALSE,2,"X1_groups",1,1.03844720965448,0.00496344370429953,0.9,0.930452619885324,1.15525805031553
16,76,1.6e+08,160000076,FALSE,TRUE,FALSE,2,"X2_dist",1,0.977129535845144,0.00788349811058267,0.9,0.834998202074386,1.12882585746322
16,76,1.6e+08,160000076,FALSE,TRUE,FALSE,2,"X3_norm",1,0.910141867772852,0.00415814900191431,0.9,0.810039456549075,1.02195083925797
16,76,1.6e+08,160000076,FALSE,TRUE,FALSE,2,"X4_row",1,0.862225429010489,0.00502670755765416,0.9,0.756488530189203,0.983071406388222
16,77,1.6e+08,160000077,FALSE,FALSE,FALSE,0,"intercept",-1,-0.889746036451396,0.00666700287234913,0.9,-1.02627737545131,-0.761345091903714
16,77,1.6e+08,160000077,FALSE,FALSE,FALSE,0,"X1_groups",1,0.928177615306046,0.00253499374195952,0.9,0.852450346544287,1.02117738878943
16,77,1.6e+08,160000077,FALSE,FALSE,FALSE,0,"X2_dist",1,0.916649402798776,0.0050456594673733,0.9,0.802829213775993,1.03821538951024
16,77,1.6e+08,160000077,FALSE,FALSE,FALSE,0,"X3_norm",1,0.929340678051343,0.00279709407642252,0.9,0.845853130054902,1.01565427613677
16,77,1.6e+08,160000077,FALSE,FALSE,FALSE,0,"X4_row",1,1.04392877497627,0.00401098388781567,0.9,0.943107371307871,1.14899632301558
16,77,1.6e+08,160000077,FALSE,TRUE,FALSE,0,"intercept",-1,-0.585665757571069,0.00430255253137082,0.9,-0.690812905991811,-0.488474476902119
16,77,1.6e+08,160000077,FALSE,TRUE,FALSE,0,"X1_groups",1,0.531287463167386,0.00134154130517802,0.9,0.471450019467238,0.593271534381216
16,77,1.6e+08,160000077,FALSE,TRUE,FALSE,0,"X2_dist",1,0.588195251068553,0.0032287023149439,0.9,0.493299561009004,0.68401861841255
16,77,1.6e+08,160000077,FALSE,TRUE,FALSE,0,"X3_norm",1,0.512428198456563,0.00149463270642877,0.9,0.450926150597161,0.574065179727084
16,77,1.6e+08,160000077,FALSE,TRUE,FALSE,0,"X4_row",1,0.603677518540611,0.00220314355765993,0.9,0.524461405050003,0.677805477297932
16,77,1.6e+08,160000077,FALSE,FALSE,FALSE,1,"intercept",-1,-0.928206822214646,0.006270614307648,0.9,-1.0601166812453,-0.796113250562095
16,77,1.6e+08,160000077,FALSE,FALSE,FALSE,1,"X1_groups",1,0.967125461212619,0.0030068740557644,0.9,0.878752374504615,1.05215307721091
16,77,1.6e+08,160000077,FALSE,FALSE,FALSE,1,"X2_dist",1,0.952780863265938,0.00525374543751087,0.9,0.831983564307334,1.07605804312074
16,77,1.6e+08,160000077,FALSE,FALSE,FALSE,1,"X3_norm",1,0.965758126677882,0.00362758794211002,0.9,0.865393062529668,1.06664676613292
16,77,1.6e+08,160000077,FALSE,FALSE,FALSE,1,"X4_row",1,1.08949015895735,0.00468352477574457,0.9,0.980847623401538,1.19776028747658
16,77,1.6e+08,160000077,FALSE,FALSE,FALSE,2,"intercept",-1,-0.962580369331303,0.00779720448405245,0.9,-1.11798471348852,-0.822195597200852
16,77,1.6e+08,160000077,FALSE,FALSE,FALSE,2,"X1_groups",1,0.994682055183333,0.0038918057440334,0.9,0.902563190818762,1.10252537794115
16,77,1.6e+08,160000077,FALSE,FALSE,FALSE,2,"X2_dist",1,0.983682953900193,0.00646447434330652,0.9,0.849713538184953,1.12805025479415
16,77,1.6e+08,160000077,FALSE,FALSE,FALSE,2,"X3_norm",1,0.993489321646952,0.00359717365690792,0.9,0.890350048312939,1.08383213970648
16,77,1.6e+08,160000077,FALSE,FALSE,FALSE,2,"X4_row",1,1.11509786753206,0.00461503684094643,0.9,1.00469198406324,1.23088858689202
16,77,1.6e+08,160000077,FALSE,TRUE,FALSE,1,"intercept",-1,-0.741510600467958,0.00589221309451662,0.9,-0.865273399770286,-0.614394875453019
16,77,1.6e+08,160000077,FALSE,TRUE,FALSE,1,"X1_groups",1,0.713506022538585,0.00233022369526823,0.9,0.6368776940662,0.791806727005024
16,77,1.6e+08,160000077,FALSE,TRUE,FALSE,1,"X2_dist",1,0.760850680837246,0.00467200622937441,0.9,0.660036223239609,0.876084685632869
16,77,1.6e+08,160000077,FALSE,TRUE,FALSE,1,"X3_norm",1,0.665869911926537,0.00242040095468715,0.9,0.592591948765572,0.749849038976965
16,77,1.6e+08,160000077,FALSE,TRUE,FALSE,1,"X4_row",1,0.786659412775583,0.00334519172689627,0.9,0.690812688105721,0.878429516675504
16,77,1.6e+08,160000077,FALSE,TRUE,FALSE,2,"intercept",-1,-0.918621377592682,0.00917324910349559,0.9,-1.0815774186297,-0.757933025535286
16,77,1.6e+08,160000077,FALSE,TRUE,FALSE,2,"X1_groups",1,0.882914041021687,0.00383725594023282,0.9,0.778937897620908,0.989963235214738
16,77,1.6e+08,160000077,FALSE,TRUE,FALSE,2,"X2_dist",1,0.936167582422324,0.00753158285874053,0.9,0.795514023651388,1.07150777508007
16,77,1.6e+08,160000077,FALSE,TRUE,FALSE,2,"X3_norm",1,0.814695216460188,0.00328123677687025,0.9,0.72357468909118,0.907912180664037
16,77,1.6e+08,160000077,FALSE,TRUE,FALSE,2,"X4_row",1,0.963408622001364,0.00466665405455965,0.9,0.857758109964989,1.07807295893769
16,78,1.6e+08,160000078,FALSE,FALSE,FALSE,0,"intercept",-1,-0.963998027868812,0.00721031956183212,0.9,-1.10182805647936,-0.830167351806933
16,78,1.6e+08,160000078,FALSE,FALSE,FALSE,0,"X1_groups",1,1.04775104833066,0.00319352590595974,0.9,0.953170305431819,1.13951809681428
16,78,1.6e+08,160000078,FALSE,FALSE,FALSE,0,"X2_dist",1,1.05803643805317,0.0058227922350141,0.9,0.930917460045344,1.17985630429738
16,78,1.6e+08,160000078,FALSE,FALSE,FALSE,0,"X3_norm",1,1.04783240340918,0.00361509576451696,0.9,0.953951171519312,1.14507275167286
16,78,1.6e+08,160000078,FALSE,FALSE,FALSE,0,"X4_row",1,1.02939920585426,0.00485819728353417,0.9,0.91911735624145,1.1385487112233
16,78,1.6e+08,160000078,FALSE,TRUE,FALSE,0,"intercept",-1,-0.679331717043053,0.00444427224831648,0.9,-0.793279120901624,-0.566252422719754
16,78,1.6e+08,160000078,FALSE,TRUE,FALSE,0,"X1_groups",1,0.576358108274358,0.00139845782711677,0.9,0.515915611304238,0.635923163299764
16,78,1.6e+08,160000078,FALSE,TRUE,FALSE,0,"X2_dist",1,0.692119712286147,0.00336425339927456,0.9,0.604167967589262,0.784550323314244
16,78,1.6e+08,160000078,FALSE,TRUE,FALSE,0,"X3_norm",1,0.622142933336419,0.00157394439156299,0.9,0.553923199542885,0.688250117821039
16,78,1.6e+08,160000078,FALSE,TRUE,FALSE,0,"X4_row",1,0.588192650227501,0.00231456508737825,0.9,0.50992882792185,0.670717436244746
16,78,1.6e+08,160000078,FALSE,FALSE,FALSE,1,"intercept",-1,-0.993370362685938,0.00833469405607706,0.9,-1.15036593684368,-0.847737773652145
16,78,1.6e+08,160000078,FALSE,FALSE,FALSE,1,"X1_groups",1,1.08352998181973,0.00388485610163079,0.9,0.979784493667044,1.19018715434267
16,78,1.6e+08,160000078,FALSE,FALSE,FALSE,1,"X2_dist",1,1.08309300928601,0.00731368004958945,0.9,0.959270507057803,1.23790495722042
16,78,1.6e+08,160000078,FALSE,FALSE,FALSE,1,"X3_norm",1,1.07568925824411,0.00442305145999581,0.9,0.973310475192397,1.18949489667854
16,78,1.6e+08,160000078,FALSE,FALSE,FALSE,1,"X4_row",1,1.06104119792088,0.00489541975261736,0.9,0.948596930890412,1.1840827158705
16,78,1.6e+08,160000078,FALSE,FALSE,FALSE,2,"intercept",-1,-1.03444700947267,0.00883898397815346,0.9,-1.19801895333483,-0.881928224835108
16,78,1.6e+08,160000078,FALSE,FALSE,FALSE,2,"X1_groups",1,1.11776161073907,0.00410892374399465,0.9,1.0163593634843,1.23086631938078
16,78,1.6e+08,160000078,FALSE,FALSE,FALSE,2,"X2_dist",1,1.12331159522872,0.00760016888159213,0.9,0.985277106807042,1.27803554154849
16,78,1.6e+08,160000078,FALSE,FALSE,FALSE,2,"X3_norm",1,1.10661147681365,0.00487567019430507,0.9,0.997328525679112,1.21952350870995
16,78,1.6e+08,160000078,FALSE,FALSE,FALSE,2,"X4_row",1,1.09356703841122,0.00587600367505767,0.9,0.9766443711457,1.22404283297642
16,78,1.6e+08,160000078,FALSE,TRUE,FALSE,1,"intercept",-1,-0.875305409844115,0.00579239420163898,0.9,-0.999464406306491,-0.748089770559351
16,78,1.6e+08,160000078,FALSE,TRUE,FALSE,1,"X1_groups",1,0.771829827235975,0.00247067822670024,0.9,0.688682999883459,0.851552018475079
16,78,1.6e+08,160000078,FALSE,TRUE,FALSE,1,"X2_dist",1,0.889083599184662,0.00468015174167543,0.9,0.775690434537945,0.997757744239333
16,78,1.6e+08,160000078,FALSE,TRUE,FALSE,1,"X3_norm",1,0.818583220292228,0.00275547752832617,0.9,0.730997232699653,0.911394709874133
16,78,1.6e+08,160000078,FALSE,TRUE,FALSE,1,"X4_row",1,0.767528466453937,0.00345252489704309,0.9,0.663835554430075,0.852808627103056
16,78,1.6e+08,160000078,FALSE,TRUE,FALSE,2,"intercept",-1,-1.11793368121995,0.0112456299150128,0.9,-1.28285656210833,-0.941572219430487
16,78,1.6e+08,160000078,FALSE,TRUE,FALSE,2,"X1_groups",1,1.00444009832725,0.00506869821754774,0.9,0.890331236022702,1.12169648986265
16,78,1.6e+08,160000078,FALSE,TRUE,FALSE,2,"X2_dist",1,1.19680312427012,0.0102109786588034,0.9,1.02927422616652,1.36650111880141
16,78,1.6e+08,160000078,FALSE,TRUE,FALSE,2,"X3_norm",1,1.07206747884213,0.00502400611823788,0.9,0.953493680034598,1.18137646853446
16,78,1.6e+08,160000078,FALSE,TRUE,FALSE,2,"X4_row",1,1.04015868341397,0.00679679213294295,0.9,0.914897592181056,1.18369423011838
16,79,1.6e+08,160000079,FALSE,FALSE,FALSE,0,"intercept",-1,-1.03183151458432,0.00719572562378236,0.9,-1.17161342573872,-0.899053650668803
16,79,1.6e+08,160000079,FALSE,FALSE,FALSE,0,"X1_groups",1,0.996746957901451,0.00279825988552157,0.9,0.9135776929491,1.08854363985874
16,79,1.6e+08,160000079,FALSE,FALSE,FALSE,0,"X2_dist",1,1.03656904169112,0.00577205758083586,0.9,0.917983561873934,1.16383165576756
16,79,1.6e+08,160000079,FALSE,FALSE,FALSE,0,"X3_norm",1,1.06849748459478,0.00330135288460927,0.9,0.976025100778741,1.16186780804728
16,79,1.6e+08,160000079,FALSE,FALSE,FALSE,0,"X4_row",1,1.02742709063829,0.00406962700154443,0.9,0.918982588815238,1.1225823709614
16,79,1.6e+08,160000079,FALSE,TRUE,FALSE,0,"intercept",-1,-0.655766890855793,0.00441196515627179,0.9,-0.768513529049898,-0.551320762723006
16,79,1.6e+08,160000079,FALSE,TRUE,FALSE,0,"X1_groups",1,0.616085781573677,0.00141169662724764,0.9,0.556976665152997,0.679613757001094
16,79,1.6e+08,160000079,FALSE,TRUE,FALSE,0,"X2_dist",1,0.596816387210336,0.00322398387297801,0.9,0.503748250795413,0.692022055690197
16,79,1.6e+08,160000079,FALSE,TRUE,FALSE,0,"X3_norm",1,0.592868834453883,0.0015947505399405,0.9,0.529291188092756,0.660500781844308
16,79,1.6e+08,160000079,FALSE,TRUE,FALSE,0,"X4_row",1,0.573168076588922,0.0024550016814829,0.9,0.486820606770986,0.653321638616334
16,79,1.6e+08,160000079,FALSE,FALSE,FALSE,1,"intercept",-1,-1.08624258944373,0.00854391088711467,0.9,-1.23021254301884,-0.936499381579851
16,79,1.6e+08,160000079,FALSE,FALSE,FALSE,1,"X1_groups",1,1.04524482506251,0.00340251633659113,0.9,0.952389753281593,1.14018904223571
16,79,1.6e+08,160000079,FALSE,FALSE,FALSE,1,"X2_dist",1,1.08246584918754,0.00686351548682473,0.9,0.95046944147995,1.22215575365359
16,79,1.6e+08,160000079,FALSE,FALSE,FALSE,1,"X3_norm",1,1.11317450568211,0.00485580554933565,0.9,1.00488955362555,1.24017710559538
16,79,1.6e+08,160000079,FALSE,FALSE,FALSE,1,"X4_row",1,1.07717932087294,0.00543161078940367,0.9,0.955841310059755,1.20449493037717
16,79,1.6e+08,160000079,FALSE,FALSE,FALSE,2,"intercept",-1,-1.13628701674485,0.00860409326582203,0.9,-1.2958776808882,-0.988042102875034
16,79,1.6e+08,160000079,FALSE,FALSE,FALSE,2,"X1_groups",1,1.08661745296178,0.00493617706868824,0.9,0.975120825396293,1.19827126728169
16,79,1.6e+08,160000079,FALSE,FALSE,FALSE,2,"X2_dist",1,1.12995823395816,0.00726281150735155,0.9,0.988424479625482,1.27860413715546
16,79,1.6e+08,160000079,FALSE,FALSE,FALSE,2,"X3_norm",1,1.15819937352343,0.00522233632170526,0.9,1.0397943942852,1.2697079500297
16,79,1.6e+08,160000079,FALSE,FALSE,FALSE,2,"X4_row",1,1.12919399119685,0.00661855381851492,0.9,1.00265200502626,1.27242846599205
16,79,1.6e+08,160000079,FALSE,TRUE,FALSE,1,"intercept",-1,-0.77700440973403,0.005526814390019,0.9,-0.900093352367,-0.650752380996723
16,79,1.6e+08,160000079,FALSE,TRUE,FALSE,1,"X1_groups",1,0.76088158746727,0.00226170359243078,0.9,0.681127833317191,0.838017995029131
16,79,1.6e+08,160000079,FALSE,TRUE,FALSE,1,"X2_dist",1,0.718827499057348,0.00435415047315998,0.9,0.613213448845116,0.831828149197512
16,79,1.6e+08,160000079,FALSE,TRUE,FALSE,1,"X3_norm",1,0.72798939011195,0.00226429243583064,0.9,0.650689964738781,0.808828164372473
16,79,1.6e+08,160000079,FALSE,TRUE,FALSE,1,"X4_row",1,0.71867375778681,0.00308369197707042,0.9,0.625995310517442,0.804272284162166
16,79,1.6e+08,160000079,FALSE,TRUE,FALSE,2,"intercept",-1,-1.01666184519358,0.00928569694596558,0.9,-1.18133969927239,-0.878742740543547
16,79,1.6e+08,160000079,FALSE,TRUE,FALSE,2,"X1_groups",1,1.01175295604933,0.00504079292407865,0.9,0.898252556910265,1.1341382490155
16,79,1.6e+08,160000079,FALSE,TRUE,FALSE,2,"X2_dist",1,0.930893319415981,0.00789712103424104,0.9,0.79576551642701,1.07609752631126
16,79,1.6e+08,160000079,FALSE,TRUE,FALSE,2,"X3_norm",1,0.946832508009236,0.00479508735051079,0.9,0.840143789797244,1.05277357467655
16,79,1.6e+08,160000079,FALSE,TRUE,FALSE,2,"X4_row",1,0.929621515593887,0.00562211466749377,0.9,0.806580274962356,1.06148741385011
16,80,1.6e+08,160000080,FALSE,FALSE,FALSE,0,"intercept",-1,-0.968580596887965,0.00741354925795465,0.9,-1.11331288048488,-0.829833758776671
16,80,1.6e+08,160000080,FALSE,FALSE,FALSE,0,"X1_groups",1,0.993437239886866,0.00306466215621669,0.9,0.906229123856565,1.0822833126499
16,80,1.6e+08,160000080,FALSE,FALSE,FALSE,0,"X2_dist",1,1.0169638926845,0.00572667178681391,0.9,0.892832300493913,1.14373727259917
16,80,1.6e+08,160000080,FALSE,FALSE,FALSE,0,"X3_norm",1,1.04657529976398,0.00296346453167462,0.9,0.958750811373952,1.13743749892878
16,80,1.6e+08,160000080,FALSE,FALSE,FALSE,0,"X4_row",1,1.01317564360678,0.00433198115724784,0.9,0.912325459635068,1.12546706166881
16,80,1.6e+08,160000080,FALSE,TRUE,FALSE,0,"intercept",-1,-0.630198218898029,0.00456644635427812,0.9,-0.740639895028084,-0.529769928950054
16,80,1.6e+08,160000080,FALSE,TRUE,FALSE,0,"X1_groups",1,0.606991763833188,0.00145027878869997,0.9,0.548131044070855,0.668849575730856
16,80,1.6e+08,160000080,FALSE,TRUE,FALSE,0,"X2_dist",1,0.638618611711937,0.00362443900579725,0.9,0.540728617901301,0.743067445730507
16,80,1.6e+08,160000080,FALSE,TRUE,FALSE,0,"X3_norm",1,0.621755812854467,0.0018395975858312,0.9,0.552137819768635,0.698313448227185
16,80,1.6e+08,160000080,FALSE,TRUE,FALSE,0,"X4_row",1,0.656223771915306,0.00238990623261032,0.9,0.573824360881421,0.735987556282694
16,80,1.6e+08,160000080,FALSE,FALSE,FALSE,1,"intercept",-1,-1.01152671477759,0.00769483549335308,0.9,-1.15427481340867,-0.878351780312785
16,80,1.6e+08,160000080,FALSE,FALSE,FALSE,1,"X1_groups",1,1.03779470989699,0.00323111005228718,0.9,0.950771174190605,1.1391104146602
16,80,1.6e+08,160000080,FALSE,FALSE,FALSE,1,"X2_dist",1,1.0561268545329,0.0065229350808118,0.9,0.928959954185556,1.18746561319025
16,80,1.6e+08,160000080,FALSE,FALSE,FALSE,1,"X3_norm",1,1.09048059970248,0.00418907405483405,0.9,0.994308994449295,1.20085787398011
16,80,1.6e+08,160000080,FALSE,FALSE,FALSE,1,"X4_row",1,1.05704875870226,0.00486417828612275,0.9,0.942321814949213,1.17397433698279
16,80,1.6e+08,160000080,FALSE,FALSE,FALSE,2,"intercept",-1,-1.05637133062672,0.00898846378800595,0.9,-1.21366148549495,-0.909045810314627
16,80,1.6e+08,160000080,FALSE,FALSE,FALSE,2,"X1_groups",1,1.07226264085198,0.00385017289084955,0.9,0.972310020920922,1.17211918302834
16,80,1.6e+08,160000080,FALSE,FALSE,FALSE,2,"X2_dist",1,1.09740427102594,0.00738408086633342,0.9,0.957165971407849,1.23927866223325
16,80,1.6e+08,160000080,FALSE,FALSE,FALSE,2,"X3_norm",1,1.13057473907126,0.00449097465515814,0.9,1.025867956485,1.23833892129459
16,80,1.6e+08,160000080,FALSE,FALSE,FALSE,2,"X4_row",1,1.09217746110051,0.00492138042150143,0.9,0.984580472824587,1.20523016811379
16,80,1.6e+08,160000080,FALSE,TRUE,FALSE,1,"intercept",-1,-0.800501092889331,0.00551885465646366,0.9,-0.924343782881596,-0.680929003680863
16,80,1.6e+08,160000080,FALSE,TRUE,FALSE,1,"X1_groups",1,0.790369328759374,0.00228955139854281,0.9,0.716806513732217,0.865079316466611
16,80,1.6e+08,160000080,FALSE,TRUE,FALSE,1,"X2_dist",1,0.815908448348647,0.00479435678381776,0.9,0.715049928250832,0.935745035058497
16,80,1.6e+08,160000080,FALSE,TRUE,FALSE,1,"X3_norm",1,0.783767510930491,0.00281530188335044,0.9,0.698699690752351,0.877072247094429
16,80,1.6e+08,160000080,FALSE,TRUE,FALSE,1,"X4_row",1,0.832757770497545,0.00341717866084335,0.9,0.730572423569512,0.932886938911504
16,80,1.6e+08,160000080,FALSE,TRUE,FALSE,2,"intercept",-1,-0.964425957754239,0.0106514603264387,0.9,-1.12172503453596,-0.796778130817014
16,80,1.6e+08,160000080,FALSE,TRUE,FALSE,2,"X1_groups",1,0.955457190853794,0.00461797958415391,0.9,0.846253597253503,1.07155390926706
16,80,1.6e+08,160000080,FALSE,TRUE,FALSE,2,"X2_dist",1,1.01704873930464,0.00864417088185282,0.9,0.865746433901923,1.17537093255904
16,80,1.6e+08,160000080,FALSE,TRUE,FALSE,2,"X3_norm",1,0.942757028027049,0.00425234720615417,0.9,0.834910821934897,1.04507177330502
16,80,1.6e+08,160000080,FALSE,TRUE,FALSE,2,"X4_row",1,1.03923791645271,0.00571991609175447,0.9,0.921136006594033,1.16744649730792
16,81,1.6e+08,160000081,FALSE,FALSE,FALSE,0,"intercept",-1,-0.96309982224388,0.00672641760875889,0.9,-1.10255918412493,-0.838695593464731
16,81,1.6e+08,160000081,FALSE,FALSE,FALSE,0,"X1_groups",1,0.972642376596009,0.00281894685924223,0.9,0.885572140570864,1.06151935238304
16,81,1.6e+08,160000081,FALSE,FALSE,FALSE,0,"X2_dist",1,0.957732187823789,0.00506822069376338,0.9,0.848479039906872,1.08135148311366
16,81,1.6e+08,160000081,FALSE,FALSE,FALSE,0,"X3_norm",1,0.907877684009315,0.0028444222247509,0.9,0.826431789057426,0.993022663068069
16,81,1.6e+08,160000081,FALSE,FALSE,FALSE,0,"X4_row",1,0.961100003827544,0.00460063781321892,0.9,0.850900925749871,1.07079509023484
16,81,1.6e+08,160000081,FALSE,TRUE,FALSE,0,"intercept",-1,-0.587361009538736,0.00423694707417889,0.9,-0.700193939564722,-0.482105136579619
16,81,1.6e+08,160000081,FALSE,TRUE,FALSE,0,"X1_groups",1,0.558796482352496,0.00143837631474701,0.9,0.50204123359172,0.621020367878738
16,81,1.6e+08,160000081,FALSE,TRUE,FALSE,0,"X2_dist",1,0.58071506405499,0.00319456943774234,0.9,0.488137389731286,0.673216395903595
16,81,1.6e+08,160000081,FALSE,TRUE,FALSE,0,"X3_norm",1,0.553589982653179,0.00146785936193827,0.9,0.493588587118031,0.620000966041035
16,81,1.6e+08,160000081,FALSE,TRUE,FALSE,0,"X4_row",1,0.585441472631266,0.00231388391349359,0.9,0.500389599042752,0.660435121203945
16,81,1.6e+08,160000081,FALSE,FALSE,FALSE,1,"intercept",-1,-0.992441384223591,0.00716857455380238,0.9,-1.13529248421619,-0.8626839109032
16,81,1.6e+08,160000081,FALSE,FALSE,FALSE,1,"X1_groups",1,1.00568281100175,0.00318761502351109,0.9,0.911523481243409,1.09791557778647
16,81,1.6e+08,160000081,FALSE,FALSE,FALSE,1,"X2_dist",1,0.981435727500913,0.00581224671603786,0.9,0.863751632717055,1.10716371691831
16,81,1.6e+08,160000081,FALSE,FALSE,FALSE,1,"X3_norm",1,0.929966807778055,0.00320619870154514,0.9,0.842120038636912,1.02497284657622
16,81,1.6e+08,160000081,FALSE,FALSE,FALSE,1,"X4_row",1,0.985461205648336,0.00391580664565702,0.9,0.878373450707037,1.091949081356
16,81,1.6e+08,160000081,FALSE,FALSE,FALSE,2,"intercept",-1,-1.02613967992249,0.00802335505975046,0.9,-1.17985315156042,-0.887915763489237
16,81,1.6e+08,160000081,FALSE,FALSE,FALSE,2,"X1_groups",1,1.03398970791635,0.00356697917264314,0.9,0.941842017617027,1.13239120381704
16,81,1.6e+08,160000081,FALSE,FALSE,FALSE,2,"X2_dist",1,1.01274186345142,0.00674109837039228,0.9,0.886744416399549,1.14679639924793
16,81,1.6e+08,160000081,FALSE,FALSE,FALSE,2,"X3_norm",1,0.957872820226753,0.00385728985257912,0.9,0.855850094603751,1.05830566025038
16,81,1.6e+08,160000081,FALSE,FALSE,FALSE,2,"X4_row",1,1.01468672161371,0.00435018211288236,0.9,0.909429668485688,1.12627595065108
16,81,1.6e+08,160000081,FALSE,TRUE,FALSE,1,"intercept",-1,-0.708117835226544,0.00544118890943815,0.9,-0.824826525366165,-0.582552519307358
16,81,1.6e+08,160000081,FALSE,TRUE,FALSE,1,"X1_groups",1,0.699819290299396,0.0021607840726968,0.9,0.620412941991217,0.768631987015311
16,81,1.6e+08,160000081,FALSE,TRUE,FALSE,1,"X2_dist",1,0.733590791429632,0.00438574768813427,0.9,0.624129708164983,0.842722202851935
16,81,1.6e+08,160000081,FALSE,TRUE,FALSE,1,"X3_norm",1,0.720423244820825,0.0024696800708169,0.9,0.641506702222541,0.806158700272593
16,81,1.6e+08,160000081,FALSE,TRUE,FALSE,1,"X4_row",1,0.766315915469176,0.00326090802430738,0.9,0.674018455727222,0.8604973390259
16,81,1.6e+08,160000081,FALSE,TRUE,FALSE,2,"intercept",-1,-0.859197722264091,0.00953256105284774,0.9,-1.01985546018676,-0.708706493502882
16,81,1.6e+08,160000081,FALSE,TRUE,FALSE,2,"X1_groups",1,0.856091746811955,0.0042613851647537,0.9,0.747187648631527,0.963112998336004
16,81,1.6e+08,160000081,FALSE,TRUE,FALSE,2,"X2_dist",1,0.903313270534603,0.00739645136187252,0.9,0.761076135745968,1.04220680803959
16,81,1.6e+08,160000081,FALSE,TRUE,FALSE,2,"X3_norm",1,0.900028886377409,0.00393300647314061,0.9,0.801093163976119,1.00105452554751
16,81,1.6e+08,160000081,FALSE,TRUE,FALSE,2,"X4_row",1,0.930753742867516,0.00484599808511082,0.9,0.821955370048204,1.05601556698384
16,82,1.6e+08,160000082,FALSE,FALSE,FALSE,0,"intercept",-1,-0.925999340136308,0.00673422057433638,0.9,-1.05969589020747,-0.785667077752931
16,82,1.6e+08,160000082,FALSE,FALSE,FALSE,0,"X1_groups",1,0.934079510204953,0.00269660274343611,0.9,0.847680779322163,1.01874076866547
16,82,1.6e+08,160000082,FALSE,FALSE,FALSE,0,"X2_dist",1,1.01693679450552,0.00505489294291561,0.9,0.895551312576489,1.12941628910473
16,82,1.6e+08,160000082,FALSE,FALSE,FALSE,0,"X3_norm",1,1.0095073077052,0.00312760606242704,0.9,0.919072409444854,1.10401287031706
16,82,1.6e+08,160000082,FALSE,FALSE,FALSE,0,"X4_row",1,0.995415789963186,0.00395057199860393,0.9,0.895516931659154,1.09857669215328
16,82,1.6e+08,160000082,FALSE,TRUE,FALSE,0,"intercept",-1,-0.572573759883452,0.00456825872626862,0.9,-0.687631603788869,-0.468372947472957
16,82,1.6e+08,160000082,FALSE,TRUE,FALSE,0,"X1_groups",1,0.607122924354059,0.00152879048263996,0.9,0.54527204811875,0.67550129727383
16,82,1.6e+08,160000082,FALSE,TRUE,FALSE,0,"X2_dist",1,0.594555355762584,0.00340093909450218,0.9,0.501722328808223,0.690880130936928
16,82,1.6e+08,160000082,FALSE,TRUE,FALSE,0,"X3_norm",1,0.612864834010082,0.00164040672037485,0.9,0.546590423496425,0.683583557531065
16,82,1.6e+08,160000082,FALSE,TRUE,FALSE,0,"X4_row",1,0.594147038475733,0.00242805445451493,0.9,0.50927232254026,0.675874769623298
16,82,1.6e+08,160000082,FALSE,FALSE,FALSE,1,"intercept",-1,-0.959415953943557,0.00700104129564234,0.9,-1.09204578898017,-0.827108548761541
16,82,1.6e+08,160000082,FALSE,FALSE,FALSE,1,"X1_groups",1,0.96895029918661,0.00320199530229219,0.9,0.875345335826099,1.06065405128922
16,82,1.6e+08,160000082,FALSE,FALSE,FALSE,1,"X2_dist",1,1.04807650399952,0.00572130782016685,0.9,0.933819756705201,1.18314311189416
16,82,1.6e+08,160000082,FALSE,FALSE,FALSE,1,"X3_norm",1,1.03843099837679,0.00348032954632962,0.9,0.944223768696438,1.13464317057981
16,82,1.6e+08,160000082,FALSE,FALSE,FALSE,1,"X4_row",1,1.02681363388951,0.00426077271985865,0.9,0.920976901748727,1.13473452052838
16,82,1.6e+08,160000082,FALSE,FALSE,FALSE,2,"intercept",-1,-0.990554421599919,0.00829031451185775,0.9,-1.14516019202216,-0.843173445431373
16,82,1.6e+08,160000082,FALSE,FALSE,FALSE,2,"X1_groups",1,0.996890348670702,0.0039855585165356,0.9,0.897451491416388,1.10440246433351
16,82,1.6e+08,160000082,FALSE,FALSE,FALSE,2,"X2_dist",1,1.08114505022829,0.00739946352674146,0.9,0.948905542130371,1.22586162083996
16,82,1.6e+08,160000082,FALSE,FALSE,FALSE,2,"X3_norm",1,1.06803532070476,0.00454902094825583,0.9,0.960137826084061,1.17915764697625
16,82,1.6e+08,160000082,FALSE,FALSE,FALSE,2,"X4_row",1,1.06122883771827,0.00512307107363275,0.9,0.944791887907228,1.18229999054573
16,82,1.6e+08,160000082,FALSE,TRUE,FALSE,1,"intercept",-1,-0.746590206395474,0.00584228588130749,0.9,-0.869536214439196,-0.621468203459986
16,82,1.6e+08,160000082,FALSE,TRUE,FALSE,1,"X1_groups",1,0.788451736858258,0.00244499719413986,0.9,0.708667639499422,0.869871268699099
16,82,1.6e+08,160000082,FALSE,TRUE,FALSE,1,"X2_dist",1,0.76341568507025,0.00476999005554636,0.9,0.65235565820254,0.880598475764989
16,82,1.6e+08,160000082,FALSE,TRUE,FALSE,1,"X3_norm",1,0.786767196022704,0.00288651854625059,0.9,0.698624274324281,0.877579788874975
16,82,1.6e+08,160000082,FALSE,TRUE,FALSE,1,"X4_row",1,0.787534283643012,0.00346740400885997,0.9,0.69099500762674,0.879739008191009
16,82,1.6e+08,160000082,FALSE,TRUE,FALSE,2,"intercept",-1,-0.941012388846901,0.0102625083782144,0.9,-1.10556889697443,-0.770310627064955
16,82,1.6e+08,160000082,FALSE,TRUE,FALSE,2,"X1_groups",1,0.980666350023507,0.00448267595200721,0.9,0.86427459251903,1.08681112422197
16,82,1.6e+08,160000082,FALSE,TRUE,FALSE,2,"X2_dist",1,1.00112998482733,0.00925277832923074,0.9,0.833062872161595,1.15906162034362
16,82,1.6e+08,160000082,FALSE,TRUE,FALSE,2,"X3_norm",1,0.987982783336611,0.00497812619468699,0.9,0.864803634304426,1.10176542718571
16,82,1.6e+08,160000082,FALSE,TRUE,FALSE,2,"X4_row",1,1.02328056810653,0.00598889275901353,0.9,0.906865732681293,1.15857153606629
16,83,1.6e+08,160000083,FALSE,FALSE,FALSE,0,"intercept",-1,-0.999924307575563,0.00670593817926832,0.9,-1.13433898938966,-0.867916598918225
16,83,1.6e+08,160000083,FALSE,FALSE,FALSE,0,"X1_groups",1,1.04322936641282,0.00312319412572639,0.9,0.951142523987012,1.13460347418401
16,83,1.6e+08,160000083,FALSE,FALSE,FALSE,0,"X2_dist",1,0.923420040499082,0.00527582801877632,0.9,0.796887453329698,1.04858762767809
16,83,1.6e+08,160000083,FALSE,FALSE,FALSE,0,"X3_norm",1,0.993713474123318,0.00296629259796822,0.9,0.912251643989082,1.09359305471975
16,83,1.6e+08,160000083,FALSE,FALSE,FALSE,0,"X4_row",1,0.935035058170254,0.00447938258976742,0.9,0.827989818457166,1.03647450748404
16,83,1.6e+08,160000083,FALSE,TRUE,FALSE,0,"intercept",-1,-0.688641468159003,0.00465382397847597,0.9,-0.800723133099368,-0.573351367133639
16,83,1.6e+08,160000083,FALSE,TRUE,FALSE,0,"X1_groups",1,0.57481086042294,0.00154155563233741,0.9,0.510831561543607,0.631116667046852
16,83,1.6e+08,160000083,FALSE,TRUE,FALSE,0,"X2_dist",1,0.586575806878276,0.00338025830505407,0.9,0.48557109336232,0.679831674228102
16,83,1.6e+08,160000083,FALSE,TRUE,FALSE,0,"X3_norm",1,0.616374336796592,0.00164467266617935,0.9,0.548964560005268,0.686925207962224
16,83,1.6e+08,160000083,FALSE,TRUE,FALSE,0,"X4_row",1,0.568291662994431,0.00224353549922038,0.9,0.489294686855408,0.649482616580378
16,83,1.6e+08,160000083,FALSE,FALSE,FALSE,1,"intercept",-1,-1.04085736914218,0.00751310165824191,0.9,-1.17849903632572,-0.903485549774333
16,83,1.6e+08,160000083,FALSE,FALSE,FALSE,1,"X1_groups",1,1.08508814836117,0.00361391233845098,0.9,0.992418866862763,1.18369450177761
16,83,1.6e+08,160000083,FALSE,FALSE,FALSE,1,"X2_dist",1,0.955668606223725,0.00596929924532074,0.9,0.840041727368015,1.09121014744542
16,83,1.6e+08,160000083,FALSE,FALSE,FALSE,1,"X3_norm",1,1.02607203109385,0.00374320361983105,0.9,0.921446771238316,1.12512938982873
16,83,1.6e+08,160000083,FALSE,FALSE,FALSE,1,"X4_row",1,0.96696946925954,0.00387796908260855,0.9,0.868938136000002,1.06935931205908
16,83,1.6e+08,160000083,FALSE,FALSE,FALSE,2,"intercept",-1,-1.08032951039465,0.00898545741433694,0.9,-1.23809176430689,-0.932299277091266
16,83,1.6e+08,160000083,FALSE,FALSE,FALSE,2,"X1_groups",1,1.1203484114753,0.00431108110844004,0.9,1.01102312358264,1.22565719226433
16,83,1.6e+08,160000083,FALSE,FALSE,FALSE,2,"X2_dist",1,0.991819201070605,0.00714815762353441,0.9,0.867618663488012,1.13806864643912
16,83,1.6e+08,160000083,FALSE,FALSE,FALSE,2,"X3_norm",1,1.05886236946043,0.0044189731927249,0.9,0.954342203905026,1.16808452261923
16,83,1.6e+08,160000083,FALSE,FALSE,FALSE,2,"X4_row",1,1.00327195975957,0.00529366376766138,0.9,0.895859460498679,1.12142674724185
16,83,1.6e+08,160000083,FALSE,TRUE,FALSE,1,"intercept",-1,-0.846566781054815,0.00593772651406822,0.9,-0.95637424878669,-0.713262425541062
16,83,1.6e+08,160000083,FALSE,TRUE,FALSE,1,"X1_groups",1,0.739380824794391,0.00230196789975697,0.9,0.662203705641309,0.815568411052619
16,83,1.6e+08,160000083,FALSE,TRUE,FALSE,1,"X2_dist",1,0.723455695150137,0.00430878167333965,0.9,0.618396217081216,0.82558598950265
16,83,1.6e+08,160000083,FALSE,TRUE,FALSE,1,"X3_norm",1,0.779587999474751,0.00252328584920631,0.9,0.698739159255222,0.859580986683126
16,83,1.6e+08,160000083,FALSE,TRUE,FALSE,1,"X4_row",1,0.755111412534447,0.00358786556753553,0.9,0.648319425163869,0.849798121838226
16,83,1.6e+08,160000083,FALSE,TRUE,FALSE,2,"intercept",-1,-1.01302589556505,0.00938046564464756,0.9,-1.18100207914827,-0.872455549812512
16,83,1.6e+08,160000083,FALSE,TRUE,FALSE,2,"X1_groups",1,0.88029096964081,0.00392187650317076,0.9,0.77676321881967,0.977901009150269
16,83,1.6e+08,160000083,FALSE,TRUE,FALSE,2,"X2_dist",1,0.875992269000786,0.00693470323581045,0.9,0.74696150527331,1.0247515644359
16,83,1.6e+08,160000083,FALSE,TRUE,FALSE,2,"X3_norm",1,0.960081884965278,0.00447126429532459,0.9,0.854670829415199,1.06903406187122
16,83,1.6e+08,160000083,FALSE,TRUE,FALSE,2,"X4_row",1,0.89424999182635,0.00486721499398107,0.9,0.788226608420996,1.01381860356187
16,84,1.6e+08,160000084,FALSE,FALSE,FALSE,0,"intercept",-1,-1.04229006387149,0.0076879442746294,0.9,-1.19764253481225,-0.901575387104516
16,84,1.6e+08,160000084,FALSE,FALSE,FALSE,0,"X1_groups",1,0.990279098696837,0.0027459934720006,0.9,0.908152500849655,1.07899424853569
16,84,1.6e+08,160000084,FALSE,FALSE,FALSE,0,"X2_dist",1,0.971050701956412,0.0058824915400042,0.9,0.833278401950466,1.09958571915124
16,84,1.6e+08,160000084,FALSE,FALSE,FALSE,0,"X3_norm",1,0.911398361742767,0.00307051430335916,0.9,0.823430638808914,0.999653472630943
16,84,1.6e+08,160000084,FALSE,FALSE,FALSE,0,"X4_row",1,0.927694553233499,0.00412608987651082,0.9,0.830599520856487,1.03508480393121
16,84,1.6e+08,160000084,FALSE,TRUE,FALSE,0,"intercept",-1,-0.592426562018691,0.00442748440097457,0.9,-0.712136317705045,-0.494991164955765
16,84,1.6e+08,160000084,FALSE,TRUE,FALSE,0,"X1_groups",1,0.602126849399738,0.00155376457170116,0.9,0.538493562023819,0.665977888251648
16,84,1.6e+08,160000084,FALSE,TRUE,FALSE,0,"X2_dist",1,0.575761764692301,0.00335436385783467,0.9,0.487491856455379,0.67422699435691
16,84,1.6e+08,160000084,FALSE,TRUE,FALSE,0,"X3_norm",1,0.56573003625132,0.00145676064277949,0.9,0.502522938670105,0.627411345699539
16,84,1.6e+08,160000084,FALSE,TRUE,FALSE,0,"X4_row",1,0.541075301185784,0.00222562248601396,0.9,0.464190373548021,0.614712101108108
16,84,1.6e+08,160000084,FALSE,FALSE,FALSE,1,"intercept",-1,-1.09877229508291,0.00812251688121549,0.9,-1.24964891207116,-0.954404860321509
16,84,1.6e+08,160000084,FALSE,FALSE,FALSE,1,"X1_groups",1,1.04348119661195,0.00362086565101903,0.9,0.944876445026947,1.13612363503992
16,84,1.6e+08,160000084,FALSE,FALSE,FALSE,1,"X2_dist",1,1.0193494348399,0.00649117682708495,0.9,0.90243207521136,1.15668316331723
16,84,1.6e+08,160000084,FALSE,FALSE,FALSE,1,"X3_norm",1,0.957923683316427,0.00403124481225766,0.9,0.852853169030056,1.06332942692507
16,84,1.6e+08,160000084,FALSE,FALSE,FALSE,1,"X4_row",1,0.974068762097095,0.0043123606100233,0.9,0.867018490093971,1.08191118096425
16,84,1.6e+08,160000084,FALSE,FALSE,FALSE,2,"intercept",-1,-1.14326590238505,0.00862226970968086,0.9,-1.29570673145982,-0.995541043198695
16,84,1.6e+08,160000084,FALSE,FALSE,FALSE,2,"X1_groups",1,1.07648570133197,0.00393599138555742,0.9,0.976840380291686,1.17760817145049
16,84,1.6e+08,160000084,FALSE,FALSE,FALSE,2,"X2_dist",1,1.05985932749883,0.00704723824015152,0.9,0.918183695971842,1.19896709114096
16,84,1.6e+08,160000084,FALSE,FALSE,FALSE,2,"X3_norm",1,0.990293063486984,0.00401074693086338,0.9,0.891209358097562,1.09585090723876
16,84,1.6e+08,160000084,FALSE,FALSE,FALSE,2,"X4_row",1,1.00934477193106,0.00469157551411014,0.9,0.900462929779967,1.12016614291588
16,84,1.6e+08,160000084,FALSE,TRUE,FALSE,1,"intercept",-1,-0.738015148946277,0.00555619343195001,0.9,-0.852573792337834,-0.616619671564656
16,84,1.6e+08,160000084,FALSE,TRUE,FALSE,1,"X1_groups",1,0.753280143754574,0.00238614110074131,0.9,0.674246725527093,0.830559757167498
16,84,1.6e+08,160000084,FALSE,TRUE,FALSE,1,"X2_dist",1,0.74305342534827,0.00467809922814746,0.9,0.635146382745976,0.856500380626866
16,84,1.6e+08,160000084,FALSE,TRUE,FALSE,1,"X3_norm",1,0.729327876742523,0.00247979655375146,0.9,0.651322774619737,0.819199992190876
16,84,1.6e+08,160000084,FALSE,TRUE,FALSE,1,"X4_row",1,0.737400283487978,0.00342237364934016,0.9,0.638246152490429,0.83255921644348
16,84,1.6e+08,160000084,FALSE,TRUE,FALSE,2,"intercept",-1,-0.981184802027918,0.0108914667939184,0.9,-1.15856902755982,-0.820254097740149
16,84,1.6e+08,160000084,FALSE,TRUE,FALSE,2,"X1_groups",1,1.06878318309986,0.00578056380809067,0.9,0.946652717821657,1.20025492521913
16,84,1.6e+08,160000084,FALSE,TRUE,FALSE,2,"X2_dist",1,0.999901687635752,0.00943151775856228,0.9,0.848568688962568,1.16746520110627
16,84,1.6e+08,160000084,FALSE,TRUE,FALSE,2,"X3_norm",1,0.982154456607232,0.00504022635519636,0.9,0.863265045261312,1.10031577776933
16,84,1.6e+08,160000084,FALSE,TRUE,FALSE,2,"X4_row",1,1.02280238395948,0.00752567766831831,0.9,0.883254426148016,1.17342693533896
16,85,1.6e+08,160000085,FALSE,FALSE,FALSE,0,"intercept",-1,-1.06819906657688,0.00710527244870946,0.9,-1.21632442736021,-0.935193167862025
16,85,1.6e+08,160000085,FALSE,FALSE,FALSE,0,"X1_groups",1,1.05339229225842,0.00291424308488273,0.9,0.968091320832316,1.14380886631548
16,85,1.6e+08,160000085,FALSE,FALSE,FALSE,0,"X2_dist",1,0.958251960393321,0.00515846254435771,0.9,0.842606736852423,1.08523993582429
16,85,1.6e+08,160000085,FALSE,FALSE,FALSE,0,"X3_norm",1,0.94790737752874,0.00329654114970808,0.9,0.855996524084525,1.04111767526525
16,85,1.6e+08,160000085,FALSE,FALSE,FALSE,0,"X4_row",1,0.968623492080764,0.00412067109442752,0.9,0.864570834345404,1.06960605169574
16,85,1.6e+08,160000085,FALSE,TRUE,FALSE,0,"intercept",-1,-0.681804052053653,0.00427626227995847,0.9,-0.795770185309119,-0.580038142238167
16,85,1.6e+08,160000085,FALSE,TRUE,FALSE,0,"X1_groups",1,0.618125537908277,0.00157736335465792,0.9,0.556116417153412,0.682137780747593
16,85,1.6e+08,160000085,FALSE,TRUE,FALSE,0,"X2_dist",1,0.628363125248819,0.00319421499237131,0.9,0.531854770301997,0.722239672269712
16,85,1.6e+08,160000085,FALSE,TRUE,FALSE,0,"X3_norm",1,0.599943439256687,0.00169296012307014,0.9,0.534939517588255,0.669182058988743
16,85,1.6e+08,160000085,FALSE,TRUE,FALSE,0,"X4_row",1,0.585117069988476,0.00229976083799636,0.9,0.505355327833986,0.663097993342801
16,85,1.6e+08,160000085,FALSE,FALSE,FALSE,1,"intercept",-1,-1.14155623054284,0.00862873564393619,0.9,-1.29272892912133,-0.987788552381248
16,85,1.6e+08,160000085,FALSE,FALSE,FALSE,1,"X1_groups",1,1.1221060588526,0.00451148950743836,0.9,1.0164364163789,1.24153989770352
16,85,1.6e+08,160000085,FALSE,FALSE,FALSE,1,"X2_dist",1,1.02087789348998,0.00686239513825002,0.9,0.891787261971464,1.16030914903802
16,85,1.6e+08,160000085,FALSE,FALSE,FALSE,1,"X3_norm",1,1.00953589779379,0.00386781214351999,0.9,0.914431417821559,1.11843184467584
16,85,1.6e+08,160000085,FALSE,FALSE,FALSE,1,"X4_row",1,1.02951371911744,0.00522715847494285,0.9,0.910753863156525,1.1441299816058
16,85,1.6e+08,160000085,FALSE,FALSE,FALSE,2,"intercept",-1,-1.19239037960815,0.00939969288264883,0.9,-1.34641009717106,-1.03127850500824
16,85,1.6e+08,160000085,FALSE,FALSE,FALSE,2,"X1_groups",1,1.16003795825722,0.0053568183623171,0.9,1.04356127607051,1.2838122473686
16,85,1.6e+08,160000085,FALSE,FALSE,FALSE,2,"X2_dist",1,1.06330305848459,0.0077065038750752,0.9,0.920468671676875,1.21031361061168
16,85,1.6e+08,160000085,FALSE,FALSE,FALSE,2,"X3_norm",1,1.04954630637254,0.00481618996545023,0.9,0.936221244687804,1.15973152350076
16,85,1.6e+08,160000085,FALSE,FALSE,FALSE,2,"X4_row",1,1.06578762218958,0.00531407765423542,0.9,0.944156125824893,1.18856259025075
16,85,1.6e+08,160000085,FALSE,TRUE,FALSE,1,"intercept",-1,-0.823163854632459,0.00589370471050275,0.9,-0.945168507171515,-0.695060696523708
16,85,1.6e+08,160000085,FALSE,TRUE,FALSE,1,"X1_groups",1,0.788118134397249,0.00246934690647355,0.9,0.704100040640189,0.866149302855882
16,85,1.6e+08,160000085,FALSE,TRUE,FALSE,1,"X2_dist",1,0.761521250858588,0.00473006483447594,0.9,0.657748405082931,0.879839956173295
16,85,1.6e+08,160000085,FALSE,TRUE,FALSE,1,"X3_norm",1,0.753120124324282,0.002345040710912,0.9,0.678239615514745,0.833474723189149
16,85,1.6e+08,160000085,FALSE,TRUE,FALSE,1,"X4_row",1,0.746707107571695,0.00335259471059916,0.9,0.649779175142098,0.838725552037534
16,85,1.6e+08,160000085,FALSE,TRUE,FALSE,2,"intercept",-1,-0.991368719861632,0.00935216389226382,0.9,-1.15602856895936,-0.840265783023125
16,85,1.6e+08,160000085,FALSE,TRUE,FALSE,2,"X1_groups",1,0.968850764559589,0.00475007385001957,0.9,0.856935809228651,1.08907718743973
16,85,1.6e+08,160000085,FALSE,TRUE,FALSE,2,"X2_dist",1,0.93793838811298,0.00778601442595785,0.9,0.797400160507674,1.07978829726471
16,85,1.6e+08,160000085,FALSE,TRUE,FALSE,2,"X3_norm",1,0.922980645681189,0.00445902140266125,0.9,0.819138036235529,1.04305535129418
16,85,1.6e+08,160000085,FALSE,TRUE,FALSE,2,"X4_row",1,0.914986339222058,0.00523748634361294,0.9,0.803003117653114,1.03115366929943
16,86,1.6e+08,160000086,FALSE,FALSE,FALSE,0,"intercept",-1,-0.975196443593673,0.00707012174855272,0.9,-1.11272851030588,-0.838054224038401
16,86,1.6e+08,160000086,FALSE,FALSE,FALSE,0,"X1_groups",1,0.967865762132089,0.00277556552411989,0.9,0.883189996920744,1.05440130514514
16,86,1.6e+08,160000086,FALSE,FALSE,FALSE,0,"X2_dist",1,0.965622271100058,0.00563595598050564,0.9,0.838148550764011,1.08233878275256
16,86,1.6e+08,160000086,FALSE,FALSE,FALSE,0,"X3_norm",1,0.933788296409024,0.00326570585076809,0.9,0.846050266132171,1.02489723964822
16,86,1.6e+08,160000086,FALSE,FALSE,FALSE,0,"X4_row",1,0.961041403451027,0.00368180665710036,0.9,0.861767236700283,1.05864034209447
16,86,1.6e+08,160000086,FALSE,TRUE,FALSE,0,"intercept",-1,-0.569969651561254,0.00465600170291663,0.9,-0.682040739637196,-0.453089281777187
16,86,1.6e+08,160000086,FALSE,TRUE,FALSE,0,"X1_groups",1,0.573364714502883,0.00151202928543615,0.9,0.509880250015968,0.633464658895613
16,86,1.6e+08,160000086,FALSE,TRUE,FALSE,0,"X2_dist",1,0.597845898059378,0.00376379131747658,0.9,0.492387267361807,0.699798694211391
16,86,1.6e+08,160000086,FALSE,TRUE,FALSE,0,"X3_norm",1,0.600329696347777,0.00156374988646792,0.9,0.533634126311395,0.662585424306794
16,86,1.6e+08,160000086,FALSE,TRUE,FALSE,0,"X4_row",1,0.604343926828257,0.00198667854979788,0.9,0.527535799399516,0.682134143141257
16,86,1.6e+08,160000086,FALSE,FALSE,FALSE,1,"intercept",-1,-1.02233590629446,0.00733661158687085,0.9,-1.15885228655842,-0.887524166231389
16,86,1.6e+08,160000086,FALSE,FALSE,FALSE,1,"X1_groups",1,1.00996319509367,0.0032480074781574,0.9,0.919759763184678,1.10289395921182
16,86,1.6e+08,160000086,FALSE,FALSE,FALSE,1,"X2_dist",1,1.00474716072372,0.00567237857405472,0.9,0.88873810086994,1.13139181623163
16,86,1.6e+08,160000086,FALSE,FALSE,FALSE,1,"X3_norm",1,0.975486529855214,0.00318934247019566,0.9,0.887884140415212,1.07328224563262
16,86,1.6e+08,160000086,FALSE,FALSE,FALSE,1,"X4_row",1,0.999604911349209,0.00422318049430596,0.9,0.889550606464801,1.11302587490692
16,86,1.6e+08,160000086,FALSE,FALSE,FALSE,2,"intercept",-1,-1.06402487323399,0.00725964173726275,0.9,-1.21084418943452,-0.925907948926992
16,86,1.6e+08,160000086,FALSE,FALSE,FALSE,2,"X1_groups",1,1.04271977088418,0.00376250072836098,0.9,0.94583421521169,1.13846593824312
16,86,1.6e+08,160000086,FALSE,FALSE,FALSE,2,"X2_dist",1,1.04406090222371,0.00650312162672144,0.9,0.924150007738147,1.19447792393321
16,86,1.6e+08,160000086,FALSE,FALSE,FALSE,2,"X3_norm",1,1.00795321502474,0.00371218029988584,0.9,0.90604382776935,1.10567696475867
16,86,1.6e+08,160000086,FALSE,FALSE,FALSE,2,"X4_row",1,1.03490612648319,0.00460873336017679,0.9,0.92366589237943,1.14754825336432
16,86,1.6e+08,160000086,FALSE,TRUE,FALSE,1,"intercept",-1,-0.692335366623315,0.00539428644583197,0.9,-0.809703589537028,-0.565354206124559
16,86,1.6e+08,160000086,FALSE,TRUE,FALSE,1,"X1_groups",1,0.719707994040951,0.00234206488063546,0.9,0.642742041423438,0.799208616744708
16,86,1.6e+08,160000086,FALSE,TRUE,FALSE,1,"X2_dist",1,0.723606927364423,0.00426283425603681,0.9,0.611742904249877,0.83219186343214
16,86,1.6e+08,160000086,FALSE,TRUE,FALSE,1,"X3_norm",1,0.755839068323439,0.00224026662820561,0.9,0.676583812170786,0.834978167174505
16,86,1.6e+08,160000086,FALSE,TRUE,FALSE,1,"X4_row",1,0.779603225891938,0.00335108174638744,0.9,0.682085405264103,0.873354637695811
16,86,1.6e+08,160000086,FALSE,TRUE,FALSE,2,"intercept",-1,-0.810748686890246,0.00849409034818296,0.9,-0.959744003467869,-0.665621517299719
16,86,1.6e+08,160000086,FALSE,TRUE,FALSE,2,"X1_groups",1,0.84948418576147,0.00383425897249256,0.9,0.756420894091924,0.952787955095065
16,86,1.6e+08,160000086,FALSE,TRUE,FALSE,2,"X2_dist",1,0.844414900333878,0.00744759173040316,0.9,0.699980945029957,0.998077816741279
16,86,1.6e+08,160000086,FALSE,TRUE,FALSE,2,"X3_norm",1,0.866265793144252,0.00375028283757248,0.9,0.768981470742465,0.97130815413196
16,86,1.6e+08,160000086,FALSE,TRUE,FALSE,2,"X4_row",1,0.919511007285311,0.00449758078704255,0.9,0.813839007939303,1.03036582612428
16,87,1.6e+08,160000087,FALSE,FALSE,FALSE,0,"intercept",-1,-1.02512550428939,0.00730632064184519,0.9,-1.16811555093532,-0.892798946841062
16,87,1.6e+08,160000087,FALSE,FALSE,FALSE,0,"X1_groups",1,0.961309961150246,0.00280824111970997,0.9,0.873728846578768,1.04689304315779
16,87,1.6e+08,160000087,FALSE,FALSE,FALSE,0,"X2_dist",1,0.982581371334076,0.00577304255251142,0.9,0.860287760998361,1.11119998550811
16,87,1.6e+08,160000087,FALSE,FALSE,FALSE,0,"X3_norm",1,0.963836186035791,0.00315921731700929,0.9,0.876969454379792,1.05923990782854
16,87,1.6e+08,160000087,FALSE,FALSE,FALSE,0,"X4_row",1,0.915120042457485,0.00379137736177046,0.9,0.807101339213932,1.00996523169849
16,87,1.6e+08,160000087,FALSE,TRUE,FALSE,0,"intercept",-1,-0.741218660799438,0.00464814134466716,0.9,-0.862378348888532,-0.626119181549614
16,87,1.6e+08,160000087,FALSE,TRUE,FALSE,0,"X1_groups",1,0.681991237739987,0.00156044144224908,0.9,0.614513327428378,0.749900795647235
16,87,1.6e+08,160000087,FALSE,TRUE,FALSE,0,"X2_dist",1,0.693033916541411,0.00347594350714337,0.9,0.596602678773708,0.78714589947605
16,87,1.6e+08,160000087,FALSE,TRUE,FALSE,0,"X3_norm",1,0.662085166662333,0.00195959643841264,0.9,0.591574597787807,0.7364241066691
16,87,1.6e+08,160000087,FALSE,TRUE,FALSE,0,"X4_row",1,0.634016961084303,0.00250113041647952,0.9,0.546921898729,0.713696821355907
16,87,1.6e+08,160000087,FALSE,FALSE,FALSE,1,"intercept",-1,-1.08069020960105,0.00753163527111324,0.9,-1.21575633607369,-0.942914058149505
16,87,1.6e+08,160000087,FALSE,FALSE,FALSE,1,"X1_groups",1,1.00642879520482,0.0033999279251599,0.9,0.914659873714196,1.10093998107548
16,87,1.6e+08,160000087,FALSE,FALSE,FALSE,1,"X2_dist",1,1.02844573496987,0.00577871640287979,0.9,0.911374159428051,1.15729246075441
16,87,1.6e+08,160000087,FALSE,FALSE,FALSE,1,"X3_norm",1,1.01207605460307,0.00379989527022061,0.9,0.920028566141337,1.11901402010344
16,87,1.6e+08,160000087,FALSE,FALSE,FALSE,1,"X4_row",1,0.959388844016093,0.00423444180487277,0.9,0.855782084355463,1.06922206135839
16,87,1.6e+08,160000087,FALSE,FALSE,FALSE,2,"intercept",-1,-1.13240275058559,0.00951172777162359,0.9,-1.30558345732143,-0.980824424245047
16,87,1.6e+08,160000087,FALSE,FALSE,FALSE,2,"X1_groups",1,1.03892256720267,0.00411412594139879,0.9,0.939936943723597,1.15194458066026
16,87,1.6e+08,160000087,FALSE,FALSE,FALSE,2,"X2_dist",1,1.0753307770986,0.00777623098713166,0.9,0.93109682027814,1.22699302269198
16,87,1.6e+08,160000087,FALSE,FALSE,FALSE,2,"X3_norm",1,1.05244530407407,0.0048137954101188,0.9,0.946019623946018,1.17437505286289
16,87,1.6e+08,160000087,FALSE,FALSE,FALSE,2,"X4_row",1,0.993385753458012,0.00467587970397386,0.9,0.882840941742864,1.11271781851371
16,87,1.6e+08,160000087,FALSE,TRUE,FALSE,1,"intercept",-1,-0.920515304080121,0.00757889304684822,0.9,-1.0542174211415,-0.770079719308828
16,87,1.6e+08,160000087,FALSE,TRUE,FALSE,1,"X1_groups",1,0.859776455967816,0.00249328631920085,0.9,0.775243054245213,0.938554544115709
16,87,1.6e+08,160000087,FALSE,TRUE,FALSE,1,"X2_dist",1,0.851083299084336,0.00610728534277183,0.9,0.729383945131544,0.981560190079803
16,87,1.6e+08,160000087,FALSE,TRUE,FALSE,1,"X3_norm",1,0.815355429990138,0.00286730627914388,0.9,0.723304692491598,0.898982059993063
16,87,1.6e+08,160000087,FALSE,TRUE,FALSE,1,"X4_row",1,0.829778742427826,0.00356542734655848,0.9,0.734826123736243,0.924460303300129
16,87,1.6e+08,160000087,FALSE,TRUE,FALSE,2,"intercept",-1,-1.08922708390922,0.0105219631271354,0.9,-1.2669065942577,-0.921787170959097
16,87,1.6e+08,160000087,FALSE,TRUE,FALSE,2,"X1_groups",1,1.06085952243135,0.00504074766766525,0.9,0.944195315332922,1.17402337167123
16,87,1.6e+08,160000087,FALSE,TRUE,FALSE,2,"X2_dist",1,1.02575709664387,0.00873774252561959,0.9,0.863566949889501,1.18759756662344
16,87,1.6e+08,160000087,FALSE,TRUE,FALSE,2,"X3_norm",1,0.983050987190682,0.0043153970703635,0.9,0.880575439653179,1.08475679003645
16,87,1.6e+08,160000087,FALSE,TRUE,FALSE,2,"X4_row",1,1.02352168034426,0.00575353858550048,0.9,0.902035597096981,1.15806265886503
16,88,1.6e+08,160000088,FALSE,FALSE,FALSE,0,"intercept",-1,-0.99008083280663,0.00760640426612255,0.9,-1.142120294449,-0.847590730416955
16,88,1.6e+08,160000088,FALSE,FALSE,FALSE,0,"X1_groups",1,1.01038628851128,0.00327132908384442,0.9,0.91723270690547,1.10426799564463
16,88,1.6e+08,160000088,FALSE,FALSE,FALSE,0,"X2_dist",1,1.07535631414918,0.00624104671658487,0.9,0.952024474115925,1.2032559884777
16,88,1.6e+08,160000088,FALSE,FALSE,FALSE,0,"X3_norm",1,0.959183945273674,0.00354059127279115,0.9,0.858262372836019,1.05821976623273
16,88,1.6e+08,160000088,FALSE,FALSE,FALSE,0,"X4_row",1,1.0677634467932,0.00453759762189084,0.9,0.960552173258269,1.18349707697332
16,88,1.6e+08,160000088,FALSE,TRUE,FALSE,0,"intercept",-1,-0.535863106703898,0.00431644124274895,0.9,-0.644127952840761,-0.430947994845804
16,88,1.6e+08,160000088,FALSE,TRUE,FALSE,0,"X1_groups",1,0.566618867483735,0.00128404085395807,0.9,0.51127831016888,0.624191875120453
16,88,1.6e+08,160000088,FALSE,TRUE,FALSE,0,"X2_dist",1,0.573453619911142,0.00319565376021231,0.9,0.479165101925737,0.668729850537744
16,88,1.6e+08,160000088,FALSE,TRUE,FALSE,0,"X3_norm",1,0.601999627888504,0.00171401130736825,0.9,0.5351272202852,0.673516375529467
16,88,1.6e+08,160000088,FALSE,TRUE,FALSE,0,"X4_row",1,0.594012943744395,0.00236888241717898,0.9,0.512876502663749,0.670662713548321
16,88,1.6e+08,160000088,FALSE,FALSE,FALSE,1,"intercept",-1,-1.02609929101622,0.00680278466647015,0.9,-1.16611095518062,-0.895852209904728
16,88,1.6e+08,160000088,FALSE,FALSE,FALSE,1,"X1_groups",1,1.04974709349486,0.00329823734840633,0.9,0.959199264934033,1.14232455108277
16,88,1.6e+08,160000088,FALSE,FALSE,FALSE,1,"X2_dist",1,1.10844352971172,0.00614438712274337,0.9,0.976139150275773,1.25105035584299
16,88,1.6e+08,160000088,FALSE,FALSE,FALSE,1,"X3_norm",1,0.995647444887506,0.00400932554720448,0.9,0.888760992593206,1.0963791962299
16,88,1.6e+08,160000088,FALSE,FALSE,FALSE,1,"X4_row",1,1.10817825092927,0.00465795756928848,0.9,0.993746129525968,1.21933869961348
16,88,1.6e+08,160000088,FALSE,FALSE,FALSE,2,"intercept",-1,-1.07169612415561,0.00826485969511512,0.9,-1.23392708702894,-0.928151080175878
16,88,1.6e+08,160000088,FALSE,FALSE,FALSE,2,"X1_groups",1,1.08614965152634,0.00407355114499714,0.9,0.983757655589328,1.19711651026296
16,88,1.6e+08,160000088,FALSE,FALSE,FALSE,2,"X2_dist",1,1.15560677111269,0.0075184816666107,0.9,1.02249146176864,1.30331791916263
16,88,1.6e+08,160000088,FALSE,FALSE,FALSE,2,"X3_norm",1,1.03221069420748,0.00433574899987361,0.9,0.922430340778711,1.14427254505151
16,88,1.6e+08,160000088,FALSE,FALSE,FALSE,2,"X4_row",1,1.1493804365996,0.00562925199620629,0.9,1.02065221675287,1.26614724694492
16,88,1.6e+08,160000088,FALSE,TRUE,FALSE,1,"intercept",-1,-0.636082240742684,0.00491229508151819,0.9,-0.75183812563039,-0.513612714911463
16,88,1.6e+08,160000088,FALSE,TRUE,FALSE,1,"X1_groups",1,0.690374638960738,0.00206502119573597,0.9,0.616173958608285,0.766831810372196
16,88,1.6e+08,160000088,FALSE,TRUE,FALSE,1,"X2_dist",1,0.673539914028366,0.00387733960584627,0.9,0.572007295484941,0.774880940432018
16,88,1.6e+08,160000088,FALSE,TRUE,FALSE,1,"X3_norm",1,0.725693855460691,0.00244143779960882,0.9,0.643454941319961,0.807792103871617
16,88,1.6e+08,160000088,FALSE,TRUE,FALSE,1,"X4_row",1,0.739583098271826,0.00314723028505209,0.9,0.64472904737701,0.82451175704815
16,88,1.6e+08,160000088,FALSE,TRUE,FALSE,2,"intercept",-1,-0.826058854681519,0.00839313053638062,0.9,-0.979107987311843,-0.686813856688834
16,88,1.6e+08,160000088,FALSE,TRUE,FALSE,2,"X1_groups",1,0.883920040581669,0.0044389173694611,0.9,0.774479902900895,0.992611078376035
16,88,1.6e+08,160000088,FALSE,TRUE,FALSE,2,"X2_dist",1,0.877770666095483,0.00705043755241867,0.9,0.747546087980382,1.01397758228918
16,88,1.6e+08,160000088,FALSE,TRUE,FALSE,2,"X3_norm",1,0.932161396748944,0.00418950082585268,0.9,0.817523167743572,1.04214231967835
16,88,1.6e+08,160000088,FALSE,TRUE,FALSE,2,"X4_row",1,0.946033796138711,0.00511827938760354,0.9,0.834405974108226,1.0693961298523
16,89,1.6e+08,160000089,FALSE,FALSE,FALSE,0,"intercept",-1,-0.958436139907674,0.00770225003155339,0.9,-1.09884479775302,-0.81989980784093
16,89,1.6e+08,160000089,FALSE,FALSE,FALSE,0,"X1_groups",1,1.04941988076011,0.0033170335017456,0.9,0.954484911331704,1.13919777283366
16,89,1.6e+08,160000089,FALSE,FALSE,FALSE,0,"X2_dist",1,1.03011400740377,0.00588300332374549,0.9,0.911889250325947,1.14781182466965
16,89,1.6e+08,160000089,FALSE,FALSE,FALSE,0,"X3_norm",1,1.0052226410285,0.00321374825064564,0.9,0.910155956421015,1.10046310738108
16,89,1.6e+08,160000089,FALSE,FALSE,FALSE,0,"X4_row",1,1.01008014284232,0.00428422112150898,0.9,0.894473134483018,1.11179521656489
16,89,1.6e+08,160000089,FALSE,TRUE,FALSE,0,"intercept",-1,-0.65634818475663,0.00459858290075455,0.9,-0.762754002713158,-0.550346345697867
16,89,1.6e+08,160000089,FALSE,TRUE,FALSE,0,"X1_groups",1,0.626015321730797,0.00172803604289294,0.9,0.560539102979879,0.689412701189889
16,89,1.6e+08,160000089,FALSE,TRUE,FALSE,0,"X2_dist",1,0.605476766742596,0.00328356656607245,0.9,0.515865555813755,0.701235634044849
16,89,1.6e+08,160000089,FALSE,TRUE,FALSE,0,"X3_norm",1,0.593285967629757,0.001726048846057,0.9,0.526520952303565,0.666186576846405
16,89,1.6e+08,160000089,FALSE,TRUE,FALSE,0,"X4_row",1,0.575707532685407,0.00243838211251231,0.9,0.492739836603355,0.655404588380615
16,89,1.6e+08,160000089,FALSE,FALSE,FALSE,1,"intercept",-1,-1.03186023990497,0.00717952836377643,0.9,-1.17127684226658,-0.903504697794841
16,89,1.6e+08,160000089,FALSE,FALSE,FALSE,1,"X1_groups",1,1.12181842063447,0.00393516002504195,0.9,1.02386015478322,1.22339643918339
16,89,1.6e+08,160000089,FALSE,FALSE,FALSE,1,"X2_dist",1,1.10717967338228,0.00684869645090447,0.9,0.973674502810257,1.24028861546292
16,89,1.6e+08,160000089,FALSE,FALSE,FALSE,1,"X3_norm",1,1.06282038632576,0.0043360326680906,0.9,0.94984901706875,1.16851326063534
16,89,1.6e+08,160000089,FALSE,FALSE,FALSE,1,"X4_row",1,1.07082583659826,0.00449619284525019,0.9,0.965001126910888,1.17731447304303
16,89,1.6e+08,160000089,FALSE,FALSE,FALSE,2,"intercept",-1,-1.08754828212522,0.00954620215419836,0.9,-1.25335509689675,-0.926743624943924
16,89,1.6e+08,160000089,FALSE,FALSE,FALSE,2,"X1_groups",1,1.16955497479114,0.00490433159787229,0.9,1.05886406155896,1.28500909157175
16,89,1.6e+08,160000089,FALSE,FALSE,FALSE,2,"X2_dist",1,1.16856159243626,0.00955978894373117,0.9,1.01121500368859,1.33332926375648
16,89,1.6e+08,160000089,FALSE,FALSE,FALSE,2,"X3_norm",1,1.10848999923387,0.00508810358106026,0.9,0.983529456998316,1.22338179725226
16,89,1.6e+08,160000089,FALSE,FALSE,FALSE,2,"X4_row",1,1.12117146730173,0.006543864760827,0.9,0.996685940033869,1.25656051673452
16,89,1.6e+08,160000089,FALSE,TRUE,FALSE,1,"intercept",-1,-0.817603846766039,0.00569798819253898,0.9,-0.946196590649212,-0.690863858877
16,89,1.6e+08,160000089,FALSE,TRUE,FALSE,1,"X1_groups",1,0.806768840641228,0.00277685895734226,0.9,0.72033004617636,0.892541716315885
16,89,1.6e+08,160000089,FALSE,TRUE,FALSE,1,"X2_dist",1,0.751843959459129,0.00418002232732842,0.9,0.655240114344989,0.864389760999638
16,89,1.6e+08,160000089,FALSE,TRUE,FALSE,1,"X3_norm",1,0.738264789744203,0.00224633504679611,0.9,0.665749384217104,0.821731866671303
16,89,1.6e+08,160000089,FALSE,TRUE,FALSE,1,"X4_row",1,0.767455767345867,0.00359548419322902,0.9,0.670338019282416,0.86802781897906
16,89,1.6e+08,160000089,FALSE,TRUE,FALSE,2,"intercept",-1,-1.07277248443072,0.0100937074874855,0.9,-1.23051772507699,-0.913101736619991
16,89,1.6e+08,160000089,FALSE,TRUE,FALSE,2,"X1_groups",1,1.05451645485012,0.0056645081906346,0.9,0.935859534263998,1.17960372307433
16,89,1.6e+08,160000089,FALSE,TRUE,FALSE,2,"X2_dist",1,0.990317595194628,0.00800156513750672,0.9,0.84445283386352,1.13932503942057
16,89,1.6e+08,160000089,FALSE,TRUE,FALSE,2,"X3_norm",1,0.984621992720823,0.00484404960712446,0.9,0.876057786309361,1.10507847666711
16,89,1.6e+08,160000089,FALSE,TRUE,FALSE,2,"X4_row",1,1.02345445122463,0.00632796075652329,0.9,0.895029434918406,1.16575574921456
16,90,1.6e+08,160000090,FALSE,FALSE,FALSE,0,"intercept",-1,-1.05223600623613,0.0070930844552626,0.9,-1.20387313279975,-0.921087006510747
16,90,1.6e+08,160000090,FALSE,FALSE,FALSE,0,"X1_groups",1,1.02588176733973,0.00311887855631289,0.9,0.935890874974537,1.11152610868786
16,90,1.6e+08,160000090,FALSE,FALSE,FALSE,0,"X2_dist",1,1.10600442694577,0.00581514481163232,0.9,0.985214882787565,1.23285428675975
16,90,1.6e+08,160000090,FALSE,FALSE,FALSE,0,"X3_norm",1,1.00662698186406,0.003417126004468,0.9,0.90663753457704,1.10226026902507
16,90,1.6e+08,160000090,FALSE,FALSE,FALSE,0,"X4_row",1,1.02252618613569,0.00452646983323373,0.9,0.900418730461445,1.13102604459349
16,90,1.6e+08,160000090,FALSE,TRUE,FALSE,0,"intercept",-1,-0.771818630574862,0.00453491710095832,0.9,-0.883234582156587,-0.664639991329583
16,90,1.6e+08,160000090,FALSE,TRUE,FALSE,0,"X1_groups",1,0.637534075258564,0.00165680981272628,0.9,0.573163123978904,0.70600896539461
16,90,1.6e+08,160000090,FALSE,TRUE,FALSE,0,"X2_dist",1,0.712705912346673,0.00326595314581279,0.9,0.616422254000713,0.80612222670432
16,90,1.6e+08,160000090,FALSE,TRUE,FALSE,0,"X3_norm",1,0.61330793923125,0.00173887540557716,0.9,0.546322676846921,0.681056831611569
16,90,1.6e+08,160000090,FALSE,TRUE,FALSE,0,"X4_row",1,0.602993885515613,0.00233249294359199,0.9,0.51877092545561,0.674216960781018
16,90,1.6e+08,160000090,FALSE,FALSE,FALSE,1,"intercept",-1,-1.09506621798757,0.00771954649022107,0.9,-1.23790428314023,-0.952119943241667
16,90,1.6e+08,160000090,FALSE,FALSE,FALSE,1,"X1_groups",1,1.06952283417195,0.00361493841899101,0.9,0.97077167827311,1.1675314765642
16,90,1.6e+08,160000090,FALSE,FALSE,FALSE,1,"X2_dist",1,1.14622785306916,0.00642354419660973,0.9,1.01629832103786,1.28527746360142
16,90,1.6e+08,160000090,FALSE,FALSE,FALSE,1,"X3_norm",1,1.04608106016106,0.00447521156166733,0.9,0.940368802468335,1.15557243887304
16,90,1.6e+08,160000090,FALSE,FALSE,FALSE,1,"X4_row",1,1.06491945809428,0.00478721207021035,0.9,0.94868596279524,1.17867508115042
16,90,1.6e+08,160000090,FALSE,FALSE,FALSE,2,"intercept",-1,-1.13505142348422,0.00885544068551879,0.9,-1.2988617049178,-0.985423796858176
16,90,1.6e+08,160000090,FALSE,FALSE,FALSE,2,"X1_groups",1,1.10235157481691,0.00486125162519042,0.9,0.994959890393399,1.22102635352299
16,90,1.6e+08,160000090,FALSE,FALSE,FALSE,2,"X2_dist",1,1.18745284194597,0.00791956485201516,0.9,1.04561244001707,1.34825922912156
16,90,1.6e+08,160000090,FALSE,FALSE,FALSE,2,"X3_norm",1,1.08168294999771,0.00562381725419768,0.9,0.967809660988713,1.21145369157323
16,90,1.6e+08,160000090,FALSE,FALSE,FALSE,2,"X4_row",1,1.10366408678404,0.00615542550708964,0.9,0.98588280205944,1.23527521483629
16,90,1.6e+08,160000090,FALSE,TRUE,FALSE,1,"intercept",-1,-1.01003172277046,0.00713112198118045,0.9,-1.14879033638884,-0.876765078888142
16,90,1.6e+08,160000090,FALSE,TRUE,FALSE,1,"X1_groups",1,0.843020178479436,0.00289548360354534,0.9,0.756441640398541,0.928555115714495
16,90,1.6e+08,160000090,FALSE,TRUE,FALSE,1,"X2_dist",1,0.935333203402159,0.0058752993584635,0.9,0.817866043542256,1.0604441584818
16,90,1.6e+08,160000090,FALSE,TRUE,FALSE,1,"X3_norm",1,0.786600951675362,0.00249626198787392,0.9,0.703250239481664,0.870343982507729
16,90,1.6e+08,160000090,FALSE,TRUE,FALSE,1,"X4_row",1,0.803888052380897,0.00380484140094573,0.9,0.70779018335266,0.902991963136896
16,90,1.6e+08,160000090,FALSE,TRUE,FALSE,2,"intercept",-1,-1.16403635493697,0.00984919410924604,0.9,-1.32453400676525,-1.01113348571191
16,90,1.6e+08,160000090,FALSE,TRUE,FALSE,2,"X1_groups",1,0.985942100776909,0.00460881239992617,0.9,0.880928975282123,1.10201019046028
16,90,1.6e+08,160000090,FALSE,TRUE,FALSE,2,"X2_dist",1,1.07758046996804,0.00890908785106217,0.9,0.929720020425472,1.23787004724661
16,90,1.6e+08,160000090,FALSE,TRUE,FALSE,2,"X3_norm",1,0.901536281179919,0.00412185557027229,0.9,0.795105492392758,1.00363580519922
16,90,1.6e+08,160000090,FALSE,TRUE,FALSE,2,"X4_row",1,0.921776843219791,0.00526679233012133,0.9,0.808430263230888,1.04581664966615
16,91,1.6e+08,160000091,FALSE,FALSE,FALSE,0,"intercept",-1,-0.956772389875997,0.00730933587322454,0.9,-1.10853770074162,-0.82373519432712
16,91,1.6e+08,160000091,FALSE,FALSE,FALSE,0,"X1_groups",1,0.929521022987879,0.00281383608696952,0.9,0.845240546058706,1.01741746134251
16,91,1.6e+08,160000091,FALSE,FALSE,FALSE,0,"X2_dist",1,0.962169909116234,0.00568183544265615,0.9,0.837887462465997,1.08251521926654
16,91,1.6e+08,160000091,FALSE,FALSE,FALSE,0,"X3_norm",1,1.06812439447351,0.00328335740811429,0.9,0.975817832858738,1.16002265296792
16,91,1.6e+08,160000091,FALSE,FALSE,FALSE,0,"X4_row",1,0.970691341355172,0.00417582111702373,0.9,0.869029288014932,1.07065380093707
16,91,1.6e+08,160000091,FALSE,TRUE,FALSE,0,"intercept",-1,-0.668051266677638,0.00485777853404617,0.9,-0.791411699986543,-0.558703567961303
16,91,1.6e+08,160000091,FALSE,TRUE,FALSE,0,"X1_groups",1,0.590936943827651,0.00151461866858532,0.9,0.526619141081847,0.655007231196526
16,91,1.6e+08,160000091,FALSE,TRUE,FALSE,0,"X2_dist",1,0.647870299146192,0.00363636365336312,0.9,0.552190243216583,0.753320339313461
16,91,1.6e+08,160000091,FALSE,TRUE,FALSE,0,"X3_norm",1,0.663181945614582,0.00161398109087001,0.9,0.596498587467473,0.735889744993106
16,91,1.6e+08,160000091,FALSE,TRUE,FALSE,0,"X4_row",1,0.541870940929078,0.00208180426345724,0.9,0.466909000930034,0.618495145876872
16,91,1.6e+08,160000091,FALSE,FALSE,FALSE,1,"intercept",-1,-0.985299528914461,0.00724232541187835,0.9,-1.1242505726372,-0.840720804802889
16,91,1.6e+08,160000091,FALSE,FALSE,FALSE,1,"X1_groups",1,0.964046171441125,0.00321566254673991,0.9,0.870602684462541,1.05598472550199
16,91,1.6e+08,160000091,FALSE,FALSE,FALSE,1,"X2_dist",1,0.98493658074347,0.00587290117648808,0.9,0.859608355683171,1.11410370160923
16,91,1.6e+08,160000091,FALSE,FALSE,FALSE,1,"X3_norm",1,1.09840390219084,0.00379848685327464,0.9,0.997859089346397,1.2056444641095
16,91,1.6e+08,160000091,FALSE,FALSE,FALSE,1,"X4_row",1,1.00234044071648,0.00404067289869101,0.9,0.899251844694078,1.10686271575598
16,91,1.6e+08,160000091,FALSE,FALSE,FALSE,2,"intercept",-1,-1.01749553724886,0.00736416400427319,0.9,-1.16042492932371,-0.883946613731495
16,91,1.6e+08,160000091,FALSE,FALSE,FALSE,2,"X1_groups",1,0.988947568939193,0.0037641579900167,0.9,0.887716028337945,1.08508067228941
16,91,1.6e+08,160000091,FALSE,FALSE,FALSE,2,"X2_dist",1,1.0149577836024,0.00625145499270999,0.9,0.898018201145201,1.1523997661359
16,91,1.6e+08,160000091,FALSE,FALSE,FALSE,2,"X3_norm",1,1.13510810770441,0.00429817639383568,0.9,1.02924923809856,1.23689968417611
16,91,1.6e+08,160000091,FALSE,FALSE,FALSE,2,"X4_row",1,1.03694737963389,0.00453504776389357,0.9,0.933845436841431,1.15069589518241
16,91,1.6e+08,160000091,FALSE,TRUE,FALSE,1,"intercept",-1,-0.800197978311577,0.00519756272048173,0.9,-0.917540519361847,-0.691553789969304
16,91,1.6e+08,160000091,FALSE,TRUE,FALSE,1,"X1_groups",1,0.725932273221367,0.00205387326747628,0.9,0.653813358514885,0.804103506762651
16,91,1.6e+08,160000091,FALSE,TRUE,FALSE,1,"X2_dist",1,0.776561188872696,0.00421585634795228,0.9,0.678569840637138,0.888738925939124
16,91,1.6e+08,160000091,FALSE,TRUE,FALSE,1,"X3_norm",1,0.803604771767076,0.00273885179150616,0.9,0.71475053343174,0.888720331313724
16,91,1.6e+08,160000091,FALSE,TRUE,FALSE,1,"X4_row",1,0.664828414901165,0.00283755599724981,0.9,0.578628866413779,0.75199982484543
16,91,1.6e+08,160000091,FALSE,TRUE,FALSE,2,"intercept",-1,-1.01385453804984,0.00994040277287352,0.9,-1.18733435585047,-0.851181273351775
16,91,1.6e+08,160000091,FALSE,TRUE,FALSE,2,"X1_groups",1,0.941766978137488,0.00424113827270273,0.9,0.838057419949379,1.04213363494998
16,91,1.6e+08,160000091,FALSE,TRUE,FALSE,2,"X2_dist",1,1.00788293115579,0.0086158483252392,0.9,0.857275090170385,1.16762220467812
16,91,1.6e+08,160000091,FALSE,TRUE,FALSE,2,"X3_norm",1,1.03807086071924,0.00477056683379239,0.9,0.925458516818903,1.15140585873456
16,91,1.6e+08,160000091,FALSE,TRUE,FALSE,2,"X4_row",1,0.873526321257871,0.00509448075828907,0.9,0.761077718801193,0.985972329596808
16,92,1.6e+08,160000092,FALSE,FALSE,FALSE,0,"intercept",-1,-0.958589190425615,0.00665336983299475,0.9,-1.10198862248508,-0.822984256694718
16,92,1.6e+08,160000092,FALSE,FALSE,FALSE,0,"X1_groups",1,1.05009546734074,0.00316168768926349,0.9,0.96166475806044,1.14742819860178
16,92,1.6e+08,160000092,FALSE,FALSE,FALSE,0,"X2_dist",1,0.930213156695947,0.00487237043908071,0.9,0.816233263505321,1.04960526565873
16,92,1.6e+08,160000092,FALSE,FALSE,FALSE,0,"X3_norm",1,0.957154998767547,0.003176620409676,0.9,0.865120891435529,1.05584381550812
16,92,1.6e+08,160000092,FALSE,FALSE,FALSE,0,"X4_row",1,0.963839675843707,0.00412930877460676,0.9,0.855633893967741,1.06785594268291
16,92,1.6e+08,160000092,FALSE,TRUE,FALSE,0,"intercept",-1,-0.687229580322178,0.00462933816771565,0.9,-0.797905288162339,-0.582158772744944
16,92,1.6e+08,160000092,FALSE,TRUE,FALSE,0,"X1_groups",1,0.624986814102153,0.00142854221446723,0.9,0.56357992525694,0.689172415094513
16,92,1.6e+08,160000092,FALSE,TRUE,FALSE,0,"X2_dist",1,0.622275497975884,0.00330906719218079,0.9,0.532437630375947,0.714042687261551
16,92,1.6e+08,160000092,FALSE,TRUE,FALSE,0,"X3_norm",1,0.606861990805798,0.0016210271356611,0.9,0.535609571062108,0.67322638225093
16,92,1.6e+08,160000092,FALSE,TRUE,FALSE,0,"X4_row",1,0.550077301125968,0.00196065083820436,0.9,0.474039898732034,0.622713816020476
16,92,1.6e+08,160000092,FALSE,FALSE,FALSE,1,"intercept",-1,-0.988922252526716,0.00727427418848059,0.9,-1.11951856799721,-0.846702969279809
16,92,1.6e+08,160000092,FALSE,FALSE,FALSE,1,"X1_groups",1,1.0855798200737,0.00350519167868957,0.9,0.991867832259963,1.18217347365362
16,92,1.6e+08,160000092,FALSE,FALSE,FALSE,1,"X2_dist",1,0.954307194724341,0.00578791206152668,0.9,0.830087737516818,1.08161405575075
16,92,1.6e+08,160000092,FALSE,FALSE,FALSE,1,"X3_norm",1,0.984182750074819,0.0035167690978293,0.9,0.884256228867691,1.07810277026773
16,92,1.6e+08,160000092,FALSE,FALSE,FALSE,1,"X4_row",1,0.993311709754089,0.00421515031524845,0.9,0.88713836729193,1.09620674639415
16,92,1.6e+08,160000092,FALSE,FALSE,FALSE,2,"intercept",-1,-1.02886783039736,0.00797819975369287,0.9,-1.17967991878287,-0.875493367509815
16,92,1.6e+08,160000092,FALSE,FALSE,FALSE,2,"X1_groups",1,1.12037623755419,0.00447917615780902,0.9,1.0035959937897,1.23659882867481
16,92,1.6e+08,160000092,FALSE,FALSE,FALSE,2,"X2_dist",1,0.991993265223621,0.00661948822226444,0.9,0.860289883723545,1.1301934349088
16,92,1.6e+08,160000092,FALSE,FALSE,FALSE,2,"X3_norm",1,1.01685044377961,0.00385066537247919,0.9,0.915186250655799,1.12031596199597
16,92,1.6e+08,160000092,FALSE,FALSE,FALSE,2,"X4_row",1,1.02924019475452,0.00445344036662479,0.9,0.926763169580935,1.1390392003067
16,92,1.6e+08,160000092,FALSE,TRUE,FALSE,1,"intercept",-1,-0.812995711432306,0.00533880168729981,0.9,-0.934187690851774,-0.69967570373019
16,92,1.6e+08,160000092,FALSE,TRUE,FALSE,1,"X1_groups",1,0.74386629315907,0.0021291593615373,0.9,0.6677181739337,0.821733410194464
16,92,1.6e+08,160000092,FALSE,TRUE,FALSE,1,"X2_dist",1,0.744460493984581,0.00438483531062884,0.9,0.639657325752836,0.862407236990282
16,92,1.6e+08,160000092,FALSE,TRUE,FALSE,1,"X3_norm",1,0.742116953178553,0.00237532672299996,0.9,0.662396202713168,0.823030037030648
16,92,1.6e+08,160000092,FALSE,TRUE,FALSE,1,"X4_row",1,0.681423771847086,0.00273201428574754,0.9,0.587125434205155,0.763165946005792
16,92,1.6e+08,160000092,FALSE,TRUE,FALSE,2,"intercept",-1,-1.11980000498956,0.0102759543606241,0.9,-1.28451880984019,-0.948826144388799
16,92,1.6e+08,160000092,FALSE,TRUE,FALSE,2,"X1_groups",1,0.992195253868867,0.00472163111298924,0.9,0.877597942603856,1.10086706486383
16,92,1.6e+08,160000092,FALSE,TRUE,FALSE,2,"X2_dist",1,1.00984577609916,0.00848041343016702,0.9,0.858353702885148,1.15432211112494
16,92,1.6e+08,160000092,FALSE,TRUE,FALSE,2,"X3_norm",1,0.984337819570734,0.00433759929033701,0.9,0.883265414668897,1.09609514875598
16,92,1.6e+08,160000092,FALSE,TRUE,FALSE,2,"X4_row",1,0.904915514091995,0.00502983373851964,0.9,0.790356518631286,1.02612935916399
16,93,1.6e+08,160000093,FALSE,FALSE,FALSE,0,"intercept",-1,-0.901172769448582,0.00657959505529244,0.9,-1.03953411419542,-0.770138324404951
16,93,1.6e+08,160000093,FALSE,FALSE,FALSE,0,"X1_groups",1,0.942687047420578,0.00281853128992067,0.9,0.861424888050704,1.02982176027807
16,93,1.6e+08,160000093,FALSE,FALSE,FALSE,0,"X2_dist",1,1.01879412423135,0.00557243182666875,0.9,0.893125498689118,1.13681446799415
16,93,1.6e+08,160000093,FALSE,FALSE,FALSE,0,"X3_norm",1,0.99660644583605,0.00340861022464591,0.9,0.902757917023619,1.08882591635183
16,93,1.6e+08,160000093,FALSE,FALSE,FALSE,0,"X4_row",1,1.07408042589382,0.00442691769439725,0.9,0.967067759004174,1.18103933630682
16,93,1.6e+08,160000093,FALSE,TRUE,FALSE,0,"intercept",-1,-0.614767301655391,0.00459452974557319,0.9,-0.723327358549477,-0.510289049619437
16,93,1.6e+08,160000093,FALSE,TRUE,FALSE,0,"X1_groups",1,0.55694032399613,0.00131736749579454,0.9,0.499739182748059,0.621333368911337
16,93,1.6e+08,160000093,FALSE,TRUE,FALSE,0,"X2_dist",1,0.596136261738351,0.00335637273386634,0.9,0.502405182179336,0.689443058469103
16,93,1.6e+08,160000093,FALSE,TRUE,FALSE,0,"X3_norm",1,0.557668334979235,0.00142263570170435,0.9,0.49851561383004,0.622367778014851
16,93,1.6e+08,160000093,FALSE,TRUE,FALSE,0,"X4_row",1,0.600954850036927,0.00220354503374694,0.9,0.522076146765279,0.67461731831325
16,93,1.6e+08,160000093,FALSE,FALSE,FALSE,1,"intercept",-1,-0.936613941229177,0.00670064330302679,0.9,-1.07619640975078,-0.805462618499427
16,93,1.6e+08,160000093,FALSE,FALSE,FALSE,1,"X1_groups",1,0.984288310322506,0.00315119409488119,0.9,0.896121629723904,1.07769316549394
16,93,1.6e+08,160000093,FALSE,FALSE,FALSE,1,"X2_dist",1,1.05540731897535,0.00576892225439644,0.9,0.937521746580341,1.1867349061886
16,93,1.6e+08,160000093,FALSE,FALSE,FALSE,1,"X3_norm",1,1.03707134213556,0.00433755287414697,0.9,0.932310744855344,1.14240846825188
16,93,1.6e+08,160000093,FALSE,FALSE,FALSE,1,"X4_row",1,1.12710215727375,0.00517488960297396,0.9,1.01252846631627,1.24410791740132
16,93,1.6e+08,160000093,FALSE,FALSE,FALSE,2,"intercept",-1,-0.979296172643291,0.00869606304125897,0.9,-1.13940820101136,-0.824676138232203
16,93,1.6e+08,160000093,FALSE,FALSE,FALSE,2,"X1_groups",1,1.01550995194304,0.00418149945518908,0.9,0.918727527274768,1.11638668536906
16,93,1.6e+08,160000093,FALSE,FALSE,FALSE,2,"X2_dist",1,1.0971522839298,0.00778785970557931,0.9,0.956403054464102,1.24456514249081
16,93,1.6e+08,160000093,FALSE,FALSE,FALSE,2,"X3_norm",1,1.06704483185812,0.00439747374688834,0.9,0.955667587291262,1.17540920979001
16,93,1.6e+08,160000093,FALSE,FALSE,FALSE,2,"X4_row",1,1.16488942740316,0.0053895528209963,0.9,1.06167962462887,1.29654379516089
16,93,1.6e+08,160000093,FALSE,TRUE,FALSE,1,"intercept",-1,-0.785343553214598,0.00584715815240558,0.9,-0.901690823071298,-0.664048754576796
16,93,1.6e+08,160000093,FALSE,TRUE,FALSE,1,"X1_groups",1,0.729751347765368,0.00235546436652647,0.9,0.652462603564996,0.807753139712681
16,93,1.6e+08,160000093,FALSE,TRUE,FALSE,1,"X2_dist",1,0.75660454847339,0.0049893476931236,0.9,0.640357358927562,0.871450266162252
16,93,1.6e+08,160000093,FALSE,TRUE,FALSE,1,"X3_norm",1,0.737480403922304,0.00244146615228214,0.9,0.658290629331713,0.823077826784323
16,93,1.6e+08,160000093,FALSE,TRUE,FALSE,1,"X4_row",1,0.784361967735347,0.00317951488226762,0.9,0.691087836057359,0.877450332366607
16,93,1.6e+08,160000093,FALSE,TRUE,FALSE,2,"intercept",-1,-0.950542485668625,0.00858542563638879,0.9,-1.11420077803519,-0.819825360363116
16,93,1.6e+08,160000093,FALSE,TRUE,FALSE,2,"X1_groups",1,0.87605099914012,0.00455307113852906,0.9,0.767519730728763,0.98531383484629
16,93,1.6e+08,160000093,FALSE,TRUE,FALSE,2,"X2_dist",1,0.939989321243176,0.00741083027413065,0.9,0.809069346856596,1.09269145394933
16,93,1.6e+08,160000093,FALSE,TRUE,FALSE,2,"X3_norm",1,0.910316393521157,0.00367914876429013,0.9,0.810125035879271,1.01194349460691
16,93,1.6e+08,160000093,FALSE,TRUE,FALSE,2,"X4_row",1,0.975257903208155,0.00463924519241335,0.9,0.868232545039482,1.09574609613357
16,94,1.6e+08,160000094,FALSE,FALSE,FALSE,0,"intercept",-1,-0.92500401605441,0.00755133904964749,0.9,-1.069074376934,-0.796967783564345
16,94,1.6e+08,160000094,FALSE,FALSE,FALSE,0,"X1_groups",1,1.11593507850802,0.00347889364472977,0.9,1.02167101716134,1.21311751817272
16,94,1.6e+08,160000094,FALSE,FALSE,FALSE,0,"X2_dist",1,0.98293927281247,0.00615252820253319,0.9,0.862011150256803,1.10391060496053
16,94,1.6e+08,160000094,FALSE,FALSE,FALSE,0,"X3_norm",1,0.987631892643648,0.00338498440170329,0.9,0.887252600273641,1.0790403843187
16,94,1.6e+08,160000094,FALSE,FALSE,FALSE,0,"X4_row",1,1.02290723726139,0.00503716638498515,0.9,0.917307057277182,1.14538584404993
16,94,1.6e+08,160000094,FALSE,TRUE,FALSE,0,"intercept",-1,-0.542370735015553,0.00435448258817425,0.9,-0.647252861611967,-0.435805178912659
16,94,1.6e+08,160000094,FALSE,TRUE,FALSE,0,"X1_groups",1,0.650556782781718,0.00169308007213416,0.9,0.586970310928344,0.720755615586589
16,94,1.6e+08,160000094,FALSE,TRUE,FALSE,0,"X2_dist",1,0.614665404002141,0.00354253570426629,0.9,0.516286009704983,0.709332744389486
16,94,1.6e+08,160000094,FALSE,TRUE,FALSE,0,"X3_norm",1,0.567742731267202,0.00154203611425326,0.9,0.503953411187128,0.628478293935718
16,94,1.6e+08,160000094,FALSE,TRUE,FALSE,0,"X4_row",1,0.633067927095228,0.0023718216006144,0.9,0.547457126844316,0.706320505019866
16,94,1.6e+08,160000094,FALSE,FALSE,FALSE,1,"intercept",-1,-0.974317291028218,0.00762992797915261,0.9,-1.12229231729913,-0.829388869734686
16,94,1.6e+08,160000094,FALSE,FALSE,FALSE,1,"X1_groups",1,1.17364148047014,0.00458390253491546,0.9,1.06533424536091,1.29171139951388
16,94,1.6e+08,160000094,FALSE,FALSE,FALSE,1,"X2_dist",1,1.02747814203584,0.00619185874091363,0.9,0.910989206491649,1.17071101492059
16,94,1.6e+08,160000094,FALSE,FALSE,FALSE,1,"X3_norm",1,1.03736727762947,0.00424945066717248,0.9,0.937473476696937,1.14161130467516
16,94,1.6e+08,160000094,FALSE,FALSE,FALSE,1,"X4_row",1,1.0761381214574,0.00491750346039342,0.9,0.9635528807714,1.18601702915836
16,94,1.6e+08,160000094,FALSE,FALSE,FALSE,2,"intercept",-1,-1.02770962029191,0.00988885198079872,0.9,-1.19603958491067,-0.866468661093223
16,94,1.6e+08,160000094,FALSE,FALSE,FALSE,2,"X1_groups",1,1.22263108248019,0.00564268441750845,0.9,1.10218851979478,1.34734713548687
16,94,1.6e+08,160000094,FALSE,FALSE,FALSE,2,"X2_dist",1,1.07642976955364,0.00868780540829739,0.9,0.927742745294423,1.23082831545866
16,94,1.6e+08,160000094,FALSE,FALSE,FALSE,2,"X3_norm",1,1.07355681326161,0.00510616117300239,0.9,0.961586720370785,1.19217548971712
16,94,1.6e+08,160000094,FALSE,FALSE,FALSE,2,"X4_row",1,1.11930986364213,0.0065285603276471,0.9,0.993173087797457,1.25460027180355
16,94,1.6e+08,160000094,FALSE,TRUE,FALSE,1,"intercept",-1,-0.670131540414628,0.00573387515436549,0.9,-0.799207634086973,-0.545605412416281
16,94,1.6e+08,160000094,FALSE,TRUE,FALSE,1,"X1_groups",1,0.804167807915838,0.00242197842486379,0.9,0.725017524835529,0.887454725101801
16,94,1.6e+08,160000094,FALSE,TRUE,FALSE,1,"X2_dist",1,0.763138545962238,0.00539103497746045,0.9,0.646117180427996,0.894604665699076
16,94,1.6e+08,160000094,FALSE,TRUE,FALSE,1,"X3_norm",1,0.706706147992394,0.0023538428384685,0.9,0.629453570999185,0.79171113025809
16,94,1.6e+08,160000094,FALSE,TRUE,FALSE,1,"X4_row",1,0.823557429967665,0.00382586731279618,0.9,0.726600659760807,0.926928899520409
16,94,1.6e+08,160000094,FALSE,TRUE,FALSE,2,"intercept",-1,-0.846903638295722,0.00856515123019627,0.9,-1.00021604083378,-0.704942131954127
16,94,1.6e+08,160000094,FALSE,TRUE,FALSE,2,"X1_groups",1,1.03279127668465,0.00484696416271956,0.9,0.921476397260009,1.14403086209921
16,94,1.6e+08,160000094,FALSE,TRUE,FALSE,2,"X2_dist",1,0.983488016340971,0.00860901003646439,0.9,0.827009115404398,1.1386460519047
16,94,1.6e+08,160000094,FALSE,TRUE,FALSE,2,"X3_norm",1,0.90567969323252,0.00400044869665112,0.9,0.805125025019744,1.00641659405843
16,94,1.6e+08,160000094,FALSE,TRUE,FALSE,2,"X4_row",1,1.05678154822992,0.00592111137428965,0.9,0.932565646727331,1.19033434145594
16,95,1.6e+08,160000095,FALSE,FALSE,FALSE,0,"intercept",-1,-1.01952685384543,0.00739963326531345,0.9,-1.16661423979797,-0.882111068563488
16,95,1.6e+08,160000095,FALSE,FALSE,FALSE,0,"X1_groups",1,1.00340952515311,0.00289910545820724,0.9,0.916781854511479,1.09461197892552
16,95,1.6e+08,160000095,FALSE,FALSE,FALSE,0,"X2_dist",1,1.02500977455056,0.00556776261479718,0.9,0.898663056340925,1.15045559800494
16,95,1.6e+08,160000095,FALSE,FALSE,FALSE,0,"X3_norm",1,0.942962055946962,0.00314806900063676,0.9,0.857002097216257,1.03369990189945
16,95,1.6e+08,160000095,FALSE,FALSE,FALSE,0,"X4_row",1,0.983490448576135,0.00396651971215116,0.9,0.875990043373895,1.08334011444478
16,95,1.6e+08,160000095,FALSE,TRUE,FALSE,0,"intercept",-1,-0.619419189926104,0.00423000733970845,0.9,-0.726507654857971,-0.5156922169399
16,95,1.6e+08,160000095,FALSE,TRUE,FALSE,0,"X1_groups",1,0.580381653974074,0.00143536024008106,0.9,0.518167823969413,0.641767517754264
16,95,1.6e+08,160000095,FALSE,TRUE,FALSE,0,"X2_dist",1,0.629623552971084,0.00316111526832672,0.9,0.546414333870688,0.718975696389878
16,95,1.6e+08,160000095,FALSE,TRUE,FALSE,0,"X3_norm",1,0.616078966735498,0.00146835881895321,0.9,0.555537002106724,0.677720549777974
16,95,1.6e+08,160000095,FALSE,TRUE,FALSE,0,"X4_row",1,0.571229644812828,0.00229567057103328,0.9,0.487961024263064,0.64776136830861
16,95,1.6e+08,160000095,FALSE,FALSE,FALSE,1,"intercept",-1,-1.05297679768941,0.00714295096474907,0.9,-1.18825545186524,-0.904533248177834
16,95,1.6e+08,160000095,FALSE,FALSE,FALSE,1,"X1_groups",1,1.03773958394627,0.00333256021969675,0.9,0.943057514147445,1.12784026356474
16,95,1.6e+08,160000095,FALSE,FALSE,FALSE,1,"X2_dist",1,1.05232071973395,0.00591272527918611,0.9,0.934241043569982,1.18536159314081
16,95,1.6e+08,160000095,FALSE,FALSE,FALSE,1,"X3_norm",1,0.97314019943887,0.00358049193824375,0.9,0.879220505813136,1.07219043642404
16,95,1.6e+08,160000095,FALSE,FALSE,FALSE,1,"X4_row",1,1.01462119487757,0.00456739369018835,0.9,0.900805482166818,1.12149218268541
16,95,1.6e+08,160000095,FALSE,FALSE,FALSE,2,"intercept",-1,-1.09571726523781,0.00822964033968214,0.9,-1.23947307591959,-0.93629493579071
16,95,1.6e+08,160000095,FALSE,FALSE,FALSE,2,"X1_groups",1,1.06956835323785,0.00410697644110149,0.9,0.965458925338027,1.18217242348397
16,95,1.6e+08,160000095,FALSE,FALSE,FALSE,2,"X2_dist",1,1.09441686555338,0.0066643514331844,0.9,0.966850115303591,1.23837342149902
16,95,1.6e+08,160000095,FALSE,FALSE,FALSE,2,"X3_norm",1,1.00518513308375,0.00386317543532243,0.9,0.902084368279333,1.11554584848003
16,95,1.6e+08,160000095,FALSE,FALSE,FALSE,2,"X4_row",1,1.05286251896663,0.00486202368409736,0.9,0.94432735053968,1.17872484009038
16,95,1.6e+08,160000095,FALSE,TRUE,FALSE,1,"intercept",-1,-0.793098025920438,0.00589497023384429,0.9,-0.920987871187639,-0.66120853839076
16,95,1.6e+08,160000095,FALSE,TRUE,FALSE,1,"X1_groups",1,0.764434175453037,0.00244616862622,0.9,0.685309586605482,0.846713112298688
16,95,1.6e+08,160000095,FALSE,TRUE,FALSE,1,"X2_dist",1,0.795357645555028,0.00490832191088329,0.9,0.68203827323638,0.909065304493372
16,95,1.6e+08,160000095,FALSE,TRUE,FALSE,1,"X3_norm",1,0.781141651735278,0.00271406819502312,0.9,0.696795518403473,0.865680172721621
16,95,1.6e+08,160000095,FALSE,TRUE,FALSE,1,"X4_row",1,0.759291319530621,0.00367412476494481,0.9,0.65187277026485,0.858586594137354
16,95,1.6e+08,160000095,FALSE,TRUE,FALSE,2,"intercept",-1,-1.00077400271279,0.00939050204081779,0.9,-1.16696404585712,-0.844339275706407
16,95,1.6e+08,160000095,FALSE,TRUE,FALSE,2,"X1_groups",1,0.974006141636197,0.00470880221902456,0.9,0.862318951105377,1.08107143488667
16,95,1.6e+08,160000095,FALSE,TRUE,FALSE,2,"X2_dist",1,1.01521945253665,0.00822154084860604,0.9,0.864695174001043,1.16401993641783
16,95,1.6e+08,160000095,FALSE,TRUE,FALSE,2,"X3_norm",1,0.98559277018545,0.00507591739132643,0.9,0.87441067297788,1.10465371379581
16,95,1.6e+08,160000095,FALSE,TRUE,FALSE,2,"X4_row",1,0.979766569883831,0.00562815727644558,0.9,0.864978746051758,1.10176429968361
16,96,1.6e+08,160000096,FALSE,FALSE,FALSE,0,"intercept",-1,-0.920129313472888,0.00739480477626977,0.9,-1.0612470262262,-0.789747709183086
16,96,1.6e+08,160000096,FALSE,FALSE,FALSE,0,"X1_groups",1,1.07348032367329,0.0034685934402571,0.9,0.982124884074433,1.16794640151781
16,96,1.6e+08,160000096,FALSE,FALSE,FALSE,0,"X2_dist",1,0.983414923492154,0.00614960725282272,0.9,0.860102084173361,1.12213774174887
16,96,1.6e+08,160000096,FALSE,FALSE,FALSE,0,"X3_norm",1,0.997425253457734,0.00354327197715616,0.9,0.897916355616489,1.08869883645424
16,96,1.6e+08,160000096,FALSE,FALSE,FALSE,0,"X4_row",1,1.08768829007522,0.00447631115960681,0.9,0.974318492817138,1.18647260839894
16,96,1.6e+08,160000096,FALSE,TRUE,FALSE,0,"intercept",-1,-0.614574554539195,0.00464988838905463,0.9,-0.732342834994332,-0.509118295147383
16,96,1.6e+08,160000096,FALSE,TRUE,FALSE,0,"X1_groups",1,0.639918050565596,0.00166582280437175,0.9,0.575039772986929,0.706158165201171
16,96,1.6e+08,160000096,FALSE,TRUE,FALSE,0,"X2_dist",1,0.619532790220013,0.00353632242131761,0.9,0.530182190120567,0.711241981737608
16,96,1.6e+08,160000096,FALSE,TRUE,FALSE,0,"X3_norm",1,0.629146394944138,0.00164277833276035,0.9,0.565307749455996,0.692455153178669
16,96,1.6e+08,160000096,FALSE,TRUE,FALSE,0,"X4_row",1,0.648873822838286,0.00247319164046532,0.9,0.561203044142353,0.729611466845642
16,96,1.6e+08,160000096,FALSE,FALSE,FALSE,1,"intercept",-1,-0.987199166991509,0.00963844204876557,0.9,-1.15762935881009,-0.831962514825989
16,96,1.6e+08,160000096,FALSE,FALSE,FALSE,1,"X1_groups",1,1.13546954851022,0.00405314854515234,0.9,1.02992086125473,1.24449993537889
16,96,1.6e+08,160000096,FALSE,FALSE,FALSE,1,"X2_dist",1,1.04524049021317,0.00789166134999695,0.9,0.909110747742181,1.20119716511501
16,96,1.6e+08,160000096,FALSE,FALSE,FALSE,1,"X3_norm",1,1.04373878030823,0.00442109388467745,0.9,0.941706197175503,1.1604313870975
16,96,1.6e+08,160000096,FALSE,FALSE,FALSE,1,"X4_row",1,1.14940758115463,0.00560009057625709,0.9,1.0280618856225,1.28627533417918
16,96,1.6e+08,160000096,FALSE,FALSE,FALSE,2,"intercept",-1,-1.06018992080191,0.0123945868711777,0.9,-1.24769598714774,-0.886509272826934
16,96,1.6e+08,160000096,FALSE,FALSE,FALSE,2,"X1_groups",1,1.19383901432674,0.00583120203547634,0.9,1.07367984305492,1.33203382527148
16,96,1.6e+08,160000096,FALSE,FALSE,FALSE,2,"X2_dist",1,1.11812802630842,0.0110380353989573,0.9,0.949069658109516,1.30126465139652
16,96,1.6e+08,160000096,FALSE,FALSE,FALSE,2,"X3_norm",1,1.09470868499813,0.00504012435555455,0.9,0.982689062305736,1.22193267747342
16,96,1.6e+08,160000096,FALSE,FALSE,FALSE,2,"X4_row",1,1.20799225101971,0.00652465723162911,0.9,1.07375918697381,1.3391951782639
16,96,1.6e+08,160000096,FALSE,TRUE,FALSE,1,"intercept",-1,-0.763498538457168,0.00572299113487904,0.9,-0.890914938252222,-0.644421606825323
16,96,1.6e+08,160000096,FALSE,TRUE,FALSE,1,"X1_groups",1,0.817565553371277,0.00236000436300768,0.9,0.739491959431059,0.894778858111979
16,96,1.6e+08,160000096,FALSE,TRUE,FALSE,1,"X2_dist",1,0.768099008713408,0.00457049326285445,0.9,0.658155359851579,0.8803499681814
16,96,1.6e+08,160000096,FALSE,TRUE,FALSE,1,"X3_norm",1,0.791178929234216,0.00279493318281013,0.9,0.70511109052244,0.877417509842116
16,96,1.6e+08,160000096,FALSE,TRUE,FALSE,1,"X4_row",1,0.830599608962188,0.00377633649391627,0.9,0.732392969899051,0.932692022807969
16,96,1.6e+08,160000096,FALSE,TRUE,FALSE,2,"intercept",-1,-0.919342563788174,0.0100992697846551,0.9,-1.09799677618908,-0.771007241145931
16,96,1.6e+08,160000096,FALSE,TRUE,FALSE,2,"X1_groups",1,1.02942104605664,0.00500478615008843,0.9,0.912022240398421,1.14031207899005
16,96,1.6e+08,160000096,FALSE,TRUE,FALSE,2,"X2_dist",1,0.9509751338484,0.00872863471146297,0.9,0.814752811599321,1.1140846063255
16,96,1.6e+08,160000096,FALSE,TRUE,FALSE,2,"X3_norm",1,0.98472432922258,0.00469300706005245,0.9,0.873353656918872,1.09989690748517
16,96,1.6e+08,160000096,FALSE,TRUE,FALSE,2,"X4_row",1,1.05552775039434,0.00595591484946598,0.9,0.947592246121586,1.18670027964588
16,97,1.6e+08,160000097,FALSE,FALSE,FALSE,0,"intercept",-1,-0.952433107068275,0.00694229846380973,0.9,-1.09867724943077,-0.819022979742346
16,97,1.6e+08,160000097,FALSE,FALSE,FALSE,0,"X1_groups",1,0.983247677244291,0.00281119226414166,0.9,0.898997616895651,1.06988981664065
16,97,1.6e+08,160000097,FALSE,FALSE,FALSE,0,"X2_dist",1,0.980877867854606,0.00538090002279785,0.9,0.855412294253052,1.09970751464682
16,97,1.6e+08,160000097,FALSE,FALSE,FALSE,0,"X3_norm",1,0.984490692781964,0.00323430901028711,0.9,0.88860282362165,1.07874034187656
16,97,1.6e+08,160000097,FALSE,FALSE,FALSE,0,"X4_row",1,0.994663332769305,0.00392400898825153,0.9,0.882034503814406,1.09713243636586
16,97,1.6e+08,160000097,FALSE,TRUE,FALSE,0,"intercept",-1,-0.613235560332365,0.0045100680612623,0.9,-0.71490812808288,-0.5110385418257
16,97,1.6e+08,160000097,FALSE,TRUE,FALSE,0,"X1_groups",1,0.661707850473401,0.00154738227793542,0.9,0.598365569823621,0.721696070114551
16,97,1.6e+08,160000097,FALSE,TRUE,FALSE,0,"X2_dist",1,0.619467059102545,0.00359831093088428,0.9,0.519150587862127,0.718346980604455
16,97,1.6e+08,160000097,FALSE,TRUE,FALSE,0,"X3_norm",1,0.617476647893538,0.00173300496842014,0.9,0.548432015638349,0.688563130223616
16,97,1.6e+08,160000097,FALSE,TRUE,FALSE,0,"X4_row",1,0.622088758137516,0.00240855189325261,0.9,0.538499120422381,0.702629153555555
16,97,1.6e+08,160000097,FALSE,FALSE,FALSE,1,"intercept",-1,-0.988543020178905,0.00712596370127014,0.9,-1.11660090604929,-0.859966951790101
16,97,1.6e+08,160000097,FALSE,FALSE,FALSE,1,"X1_groups",1,1.01838209035161,0.00361731905386702,0.9,0.921648301786004,1.11482650176137
16,97,1.6e+08,160000097,FALSE,FALSE,FALSE,1,"X2_dist",1,1.01217073882456,0.00609462303272829,0.9,0.89070285811868,1.14540181328165
16,97,1.6e+08,160000097,FALSE,FALSE,FALSE,1,"X3_norm",1,1.01453068324968,0.00358806982117167,0.9,0.916426485465012,1.11094375102649
16,97,1.6e+08,160000097,FALSE,FALSE,FALSE,1,"X4_row",1,1.02410506210238,0.00487516413945282,0.9,0.918365810763942,1.13742224327572
16,97,1.6e+08,160000097,FALSE,FALSE,FALSE,2,"intercept",-1,-1.02694620922158,0.00769938282345959,0.9,-1.17350903798489,-0.881869405290718
16,97,1.6e+08,160000097,FALSE,FALSE,FALSE,2,"X1_groups",1,1.04948933918407,0.00395463102314173,0.9,0.957430267327752,1.15448928107958
16,97,1.6e+08,160000097,FALSE,FALSE,FALSE,2,"X2_dist",1,1.04877630232424,0.00715048972813657,0.9,0.90862231202736,1.19717158838346
16,97,1.6e+08,160000097,FALSE,FALSE,FALSE,2,"X3_norm",1,1.04125937647073,0.00423255769017868,0.9,0.939614713884749,1.14888892191357
16,97,1.6e+08,160000097,FALSE,FALSE,FALSE,2,"X4_row",1,1.05643100569495,0.00467813896897626,0.9,0.952488328566602,1.17631741493517
16,97,1.6e+08,160000097,FALSE,TRUE,FALSE,1,"intercept",-1,-0.764625154707328,0.00600263026107255,0.9,-0.894438964405321,-0.634546203290849
16,97,1.6e+08,160000097,FALSE,TRUE,FALSE,1,"X1_groups",1,0.854171794595944,0.00271388387012801,0.9,0.773665218780639,0.937057777376412
16,97,1.6e+08,160000097,FALSE,TRUE,FALSE,1,"X2_dist",1,0.794762223400701,0.00536001861639423,0.9,0.678147581764477,0.924547215352482
16,97,1.6e+08,160000097,FALSE,TRUE,FALSE,1,"X3_norm",1,0.780874330898427,0.00273204784219469,0.9,0.69546463333748,0.864913356737639
16,97,1.6e+08,160000097,FALSE,TRUE,FALSE,1,"X4_row",1,0.812587729282889,0.00366604630254376,0.9,0.721292224972593,0.91677861541683
16,97,1.6e+08,160000097,FALSE,TRUE,FALSE,2,"intercept",-1,-0.885270140710356,0.00948601845389609,0.9,-1.05265224329964,-0.734855906717699
16,97,1.6e+08,160000097,FALSE,TRUE,FALSE,2,"X1_groups",1,1.02497394527434,0.00463425311538969,0.9,0.912184089585665,1.14995202482155
16,97,1.6e+08,160000097,FALSE,TRUE,FALSE,2,"X2_dist",1,0.956098747178133,0.00816416128053975,0.9,0.812704718492138,1.1119509942923
16,97,1.6e+08,160000097,FALSE,TRUE,FALSE,2,"X3_norm",1,0.94530542903755,0.00460865082859886,0.9,0.829863991458765,1.05200134114542
16,97,1.6e+08,160000097,FALSE,TRUE,FALSE,2,"X4_row",1,0.991713526146985,0.00549817718244907,0.9,0.870983398593458,1.11063904961973
16,98,1.6e+08,160000098,FALSE,FALSE,FALSE,0,"intercept",-1,-1.06407965214635,0.00738601402974914,0.9,-1.20046130402689,-0.922375535401292
16,98,1.6e+08,160000098,FALSE,FALSE,FALSE,0,"X1_groups",1,0.97241649260889,0.00282811833952599,0.9,0.88589591254996,1.05736944109884
16,98,1.6e+08,160000098,FALSE,FALSE,FALSE,0,"X2_dist",1,1.05902786887489,0.00576660746159108,0.9,0.941461767127108,1.18330407978666
16,98,1.6e+08,160000098,FALSE,FALSE,FALSE,0,"X3_norm",1,0.933575802908845,0.00282960078213812,0.9,0.849885536303411,1.02103046786778
16,98,1.6e+08,160000098,FALSE,FALSE,FALSE,0,"X4_row",1,1.01224917660919,0.00423253254109964,0.9,0.901947984999809,1.12207311999487
16,98,1.6e+08,160000098,FALSE,TRUE,FALSE,0,"intercept",-1,-0.670316933164076,0.00446755687975314,0.9,-0.777434666668116,-0.561172693288249
16,98,1.6e+08,160000098,FALSE,TRUE,FALSE,0,"X1_groups",1,0.558725481661119,0.001465641696722,0.9,0.497566802807732,0.621687692929512
16,98,1.6e+08,160000098,FALSE,TRUE,FALSE,0,"X2_dist",1,0.614758512613965,0.00321144260211437,0.9,0.519257720623887,0.710081612175305
16,98,1.6e+08,160000098,FALSE,TRUE,FALSE,0,"X3_norm",1,0.576132993522903,0.00172600341592661,0.9,0.508194970535078,0.643399801200121
16,98,1.6e+08,160000098,FALSE,TRUE,FALSE,0,"X4_row",1,0.586115296254249,0.00210359684480937,0.9,0.505117713739347,0.660255147124107
16,98,1.6e+08,160000098,FALSE,FALSE,FALSE,1,"intercept",-1,-1.10273280696944,0.00760256691616045,0.9,-1.24147319307593,-0.966978170687899
16,98,1.6e+08,160000098,FALSE,FALSE,FALSE,1,"X1_groups",1,1.0068367237,0.00330061896388191,0.9,0.911947488150962,1.10014344463637
16,98,1.6e+08,160000098,FALSE,FALSE,FALSE,1,"X2_dist",1,1.09240543035304,0.00606652498818127,0.9,0.972585123286148,1.22524883081337
16,98,1.6e+08,160000098,FALSE,FALSE,FALSE,1,"X3_norm",1,0.962611184224019,0.00327081766486106,0.9,0.868841949032482,1.0536678644864
16,98,1.6e+08,160000098,FALSE,FALSE,FALSE,1,"X4_row",1,1.04610709343516,0.00393041173400724,0.9,0.942346225186992,1.15572663005961
16,98,1.6e+08,160000098,FALSE,FALSE,FALSE,2,"intercept",-1,-1.14151244834693,0.00860887478657226,0.9,-1.3096626121676,-0.985156241702274
16,98,1.6e+08,160000098,FALSE,FALSE,FALSE,2,"X1_groups",1,1.04101090709704,0.00377806539769694,0.9,0.933547090336036,1.14603908512286
16,98,1.6e+08,160000098,FALSE,FALSE,FALSE,2,"X2_dist",1,1.12892637650094,0.00770540117659156,0.9,0.990466830365208,1.28026142517429
16,98,1.6e+08,160000098,FALSE,FALSE,FALSE,2,"X3_norm",1,0.995355421289244,0.0038802980387006,0.9,0.902828836472551,1.09658040401647
16,98,1.6e+08,160000098,FALSE,FALSE,FALSE,2,"X4_row",1,1.08566017213753,0.00499132979780944,0.9,0.971921999518519,1.21565535878023
16,98,1.6e+08,160000098,FALSE,TRUE,FALSE,1,"intercept",-1,-0.794076649395077,0.00495760796988967,0.9,-0.911194338452777,-0.681141193796607
16,98,1.6e+08,160000098,FALSE,TRUE,FALSE,1,"X1_groups",1,0.682605667280373,0.00201326694738601,0.9,0.61308282127618,0.753151691969865
16,98,1.6e+08,160000098,FALSE,TRUE,FALSE,1,"X2_dist",1,0.733507415014479,0.00393420245157827,0.9,0.627406816933371,0.846368581766944
16,98,1.6e+08,160000098,FALSE,TRUE,FALSE,1,"X3_norm",1,0.703152167629094,0.00220093279916587,0.9,0.626837150650762,0.783105854649498
16,98,1.6e+08,160000098,FALSE,TRUE,FALSE,1,"X4_row",1,0.751337098729152,0.00317115968480148,0.9,0.660452984940584,0.843324176377934
16,98,1.6e+08,160000098,FALSE,TRUE,FALSE,2,"intercept",-1,-0.977142716494299,0.00806677868129489,0.9,-1.1224109537216,-0.833269473960289
16,98,1.6e+08,160000098,FALSE,TRUE,FALSE,2,"X1_groups",1,0.835424836977519,0.00379932097140267,0.9,0.735378450903168,0.930770518367548
16,98,1.6e+08,160000098,FALSE,TRUE,FALSE,2,"X2_dist",1,0.911160413779959,0.00663029901449153,0.9,0.770689079883764,1.04325991769751
16,98,1.6e+08,160000098,FALSE,TRUE,FALSE,2,"X3_norm",1,0.853310871853653,0.00361188201708848,0.9,0.760058539192763,0.953164534425349
16,98,1.6e+08,160000098,FALSE,TRUE,FALSE,2,"X4_row",1,0.929368212755244,0.0048436381232028,0.9,0.820258739642678,1.04713727992699
16,99,1.6e+08,160000099,FALSE,FALSE,FALSE,0,"intercept",-1,-0.965756038862596,0.0071876174540318,0.9,-1.1073572606672,-0.832835643098757
16,99,1.6e+08,160000099,FALSE,FALSE,FALSE,0,"X1_groups",1,0.97070210139306,0.00323797256452527,0.9,0.87786198399655,1.06474083508087
16,99,1.6e+08,160000099,FALSE,FALSE,FALSE,0,"X2_dist",1,0.962227801755498,0.00573660133497663,0.9,0.83950100645189,1.09177774931315
16,99,1.6e+08,160000099,FALSE,FALSE,FALSE,0,"X3_norm",1,1.02074165871856,0.00348826015769201,0.9,0.931773231043869,1.12409761010012
16,99,1.6e+08,160000099,FALSE,FALSE,FALSE,0,"X4_row",1,1.06550927244711,0.00443150019570388,0.9,0.954077551700366,1.17682325016963
16,99,1.6e+08,160000099,FALSE,TRUE,FALSE,0,"intercept",-1,-0.614701540263588,0.00460909619789511,0.9,-0.724729956660041,-0.506110247174011
16,99,1.6e+08,160000099,FALSE,TRUE,FALSE,0,"X1_groups",1,0.617219505971322,0.00153775055062919,0.9,0.553916325445303,0.684606163375641
16,99,1.6e+08,160000099,FALSE,TRUE,FALSE,0,"X2_dist",1,0.580165778127072,0.00329516967499329,0.9,0.479072699376694,0.676301566107467
16,99,1.6e+08,160000099,FALSE,TRUE,FALSE,0,"X3_norm",1,0.649593403451158,0.00168311787370712,0.9,0.581807753860768,0.721534792722418
16,99,1.6e+08,160000099,FALSE,TRUE,FALSE,0,"X4_row",1,0.576514251209839,0.00235533468695411,0.9,0.492810468416674,0.655793221761678
16,99,1.6e+08,160000099,FALSE,FALSE,FALSE,1,"intercept",-1,-1.02359594394733,0.00704838922662492,0.9,-1.15964821451541,-0.893991611274538
16,99,1.6e+08,160000099,FALSE,FALSE,FALSE,1,"X1_groups",1,1.02715866901348,0.00394247140321224,0.9,0.928122154929519,1.13964985822763
16,99,1.6e+08,160000099,FALSE,FALSE,FALSE,1,"X2_dist",1,1.01193404411746,0.00593110650845765,0.9,0.895912106263257,1.14071690968945
16,99,1.6e+08,160000099,FALSE,FALSE,FALSE,1,"X3_norm",1,1.07384678644706,0.00452444668296066,0.9,0.965453993274253,1.19366313462065
16,99,1.6e+08,160000099,FALSE,FALSE,FALSE,1,"X4_row",1,1.12620553154092,0.00568971992929064,0.9,1.00194653411134,1.26111897873072
16,99,1.6e+08,160000099,FALSE,FALSE,FALSE,2,"intercept",-1,-1.06174326015604,0.00857816933146683,0.9,-1.21796440611288,-0.915424785832239
16,99,1.6e+08,160000099,FALSE,FALSE,FALSE,2,"X1_groups",1,1.05876480014811,0.00418931169579334,0.9,0.951029132278585,1.16740812130154
16,99,1.6e+08,160000099,FALSE,FALSE,FALSE,2,"X2_dist",1,1.04703087634866,0.00719946541938841,0.9,0.908177547211679,1.19551302035398
16,99,1.6e+08,160000099,FALSE,FALSE,FALSE,2,"X3_norm",1,1.11147369314444,0.00433224635913892,0.9,0.99803773287574,1.22006318442209
16,99,1.6e+08,160000099,FALSE,FALSE,FALSE,2,"X4_row",1,1.16030181450777,0.00570443651932639,0.9,1.03883594504342,1.28447864871891
16,99,1.6e+08,160000099,FALSE,TRUE,FALSE,1,"intercept",-1,-0.78927687505917,0.00581563833171218,0.9,-0.916457603078667,-0.66219367891329
16,99,1.6e+08,160000099,FALSE,TRUE,FALSE,1,"X1_groups",1,0.801268310003812,0.00241246819521793,0.9,0.72074560409478,0.885095887759045
16,99,1.6e+08,160000099,FALSE,TRUE,FALSE,1,"X2_dist",1,0.736470483207331,0.00455634597523671,0.9,0.623633471269136,0.839355186396401
16,99,1.6e+08,160000099,FALSE,TRUE,FALSE,1,"X3_norm",1,0.82670913303977,0.00288080293640358,0.9,0.741335524151215,0.917026302279883
16,99,1.6e+08,160000099,FALSE,TRUE,FALSE,1,"X4_row",1,0.743764368274565,0.00354995196085563,0.9,0.646131769550192,0.836066075761955
16,99,1.6e+08,160000099,FALSE,TRUE,FALSE,2,"intercept",-1,-1.03506383643837,0.0101943736322614,0.9,-1.19612883565745,-0.883987969311138
16,99,1.6e+08,160000099,FALSE,TRUE,FALSE,2,"X1_groups",1,1.07120714686299,0.00540630007404434,0.9,0.954234820721828,1.19533790342892
16,99,1.6e+08,160000099,FALSE,TRUE,FALSE,2,"X2_dist",1,0.983882468147753,0.00872285918462516,0.9,0.834326778158769,1.1328294750196
16,99,1.6e+08,160000099,FALSE,TRUE,FALSE,2,"X3_norm",1,1.11176237556841,0.00535818660146131,0.9,0.995870876312774,1.23390006724645
16,99,1.6e+08,160000099,FALSE,TRUE,FALSE,2,"X4_row",1,0.988234579906619,0.00578358439064928,0.9,0.866601074689239,1.11348175297587
16,100,1.6e+08,160000100,FALSE,FALSE,FALSE,0,"intercept",-1,-0.928559226488246,0.00684326988913023,0.9,-1.06458536587587,-0.793062563690248
16,100,1.6e+08,160000100,FALSE,FALSE,FALSE,0,"X1_groups",1,0.975184631194618,0.00252760884857936,0.9,0.894141447175947,1.05551252521762
16,100,1.6e+08,160000100,FALSE,FALSE,FALSE,0,"X2_dist",1,0.951144030623126,0.00520354210590219,0.9,0.833558904963287,1.07520296866432
16,100,1.6e+08,160000100,FALSE,FALSE,FALSE,0,"X3_norm",1,0.940938464767798,0.00289620290057662,0.9,0.853142303771195,1.03129508927962
16,100,1.6e+08,160000100,FALSE,FALSE,FALSE,0,"X4_row",1,0.93528107206605,0.00381852058657758,0.9,0.836653548784932,1.03769874069514
16,100,1.6e+08,160000100,FALSE,TRUE,FALSE,0,"intercept",-1,-0.624244947907656,0.00434945138801997,0.9,-0.739704655150464,-0.521842549389432
16,100,1.6e+08,160000100,FALSE,TRUE,FALSE,0,"X1_groups",1,0.586973619643134,0.00148479915842816,0.9,0.524167626766031,0.655816896565899
16,100,1.6e+08,160000100,FALSE,TRUE,FALSE,0,"X2_dist",1,0.621202974878567,0.00344923999916753,0.9,0.524584839482362,0.713611741547419
16,100,1.6e+08,160000100,FALSE,TRUE,FALSE,0,"X3_norm",1,0.640750319808182,0.00176206354564056,0.9,0.570945533076874,0.709378124498754
16,100,1.6e+08,160000100,FALSE,TRUE,FALSE,0,"X4_row",1,0.553110265176027,0.00223610542156743,0.9,0.470897938097205,0.63132206148037
16,100,1.6e+08,160000100,FALSE,FALSE,FALSE,1,"intercept",-1,-0.965273787764116,0.00660473567992937,0.9,-1.1094419570523,-0.839425208696141
16,100,1.6e+08,160000100,FALSE,FALSE,FALSE,1,"X1_groups",1,1.01677657095371,0.00359053703342379,0.9,0.923178630466616,1.11589256893288
16,100,1.6e+08,160000100,FALSE,FALSE,FALSE,1,"X2_dist",1,0.986664096334563,0.00561222903329211,0.9,0.873745186302475,1.11937148100563
16,100,1.6e+08,160000100,FALSE,FALSE,FALSE,1,"X3_norm",1,0.972829772213254,0.00351041986019294,0.9,0.879628302978506,1.07395229374557
16,100,1.6e+08,160000100,FALSE,FALSE,FALSE,1,"X4_row",1,0.970950682031935,0.00458720283869843,0.9,0.859376725313145,1.08134046732617
16,100,1.6e+08,160000100,FALSE,FALSE,FALSE,2,"intercept",-1,-1.00396647448547,0.0080771172490547,0.9,-1.15670505538829,-0.861787005538998
16,100,1.6e+08,160000100,FALSE,FALSE,FALSE,2,"X1_groups",1,1.05700369832794,0.00424461449662722,0.9,0.959313949660385,1.16442120429115
16,100,1.6e+08,160000100,FALSE,FALSE,FALSE,2,"X2_dist",1,1.02761517083333,0.00733649213996452,0.9,0.88823822111374,1.17146334353918
16,100,1.6e+08,160000100,FALSE,FALSE,FALSE,2,"X3_norm",1,1.00562100060879,0.00386654064650708,0.9,0.901922843167192,1.1040568956353
16,100,1.6e+08,160000100,FALSE,FALSE,FALSE,2,"X4_row",1,1.0112089090345,0.00517639666342784,0.9,0.907617911922551,1.13903803003054
16,100,1.6e+08,160000100,FALSE,TRUE,FALSE,1,"intercept",-1,-0.761895740040839,0.00564285923304119,0.9,-0.886386959772236,-0.639122419285287
16,100,1.6e+08,160000100,FALSE,TRUE,FALSE,1,"X1_groups",1,0.752303713935555,0.002293771075812,0.9,0.675249183272082,0.832121020330191
16,100,1.6e+08,160000100,FALSE,TRUE,FALSE,1,"X2_dist",1,0.770949785327147,0.00436647274058981,0.9,0.67195794617907,0.884335812981378
16,100,1.6e+08,160000100,FALSE,TRUE,FALSE,1,"X3_norm",1,0.803736546017662,0.00234199556157132,0.9,0.72970889897208,0.883873118691548
16,100,1.6e+08,160000100,FALSE,TRUE,FALSE,1,"X4_row",1,0.74162181147702,0.00360397889155513,0.9,0.647696937705586,0.840832573416874
16,100,1.6e+08,160000100,FALSE,TRUE,FALSE,2,"intercept",-1,-0.943855736907515,0.00984706360275122,0.9,-1.11615290239126,-0.780530968564367
16,100,1.6e+08,160000100,FALSE,TRUE,FALSE,2,"X1_groups",1,0.970457019242262,0.00511978845167484,0.9,0.852993129838244,1.08668896134086
16,100,1.6e+08,160000100,FALSE,TRUE,FALSE,2,"X2_dist",1,0.962108308417406,0.00821326491976675,0.9,0.815562499907071,1.11404246751143
16,100,1.6e+08,160000100,FALSE,TRUE,FALSE,2,"X3_norm",1,1.00990157858126,0.00495965113794654,0.9,0.893680879547778,1.11788332885558
16,100,1.6e+08,160000100,FALSE,TRUE,FALSE,2,"X4_row",1,0.97354285758241,0.00607749380671092,0.9,0.848044257899881,1.10173843179622
16,101,1.6e+08,160000101,FALSE,FALSE,FALSE,0,"intercept",-1,-1.04650625932806,0.00731614135333921,0.9,-1.18800312449006,-0.914290073698275
16,101,1.6e+08,160000101,FALSE,FALSE,FALSE,0,"X1_groups",1,1.00021614823216,0.00296723440068091,0.9,0.914344512335472,1.09111304947217
16,101,1.6e+08,160000101,FALSE,FALSE,FALSE,0,"X2_dist",1,1.01602390107448,0.00576940065771734,0.9,0.897209461747926,1.14926056522387
16,101,1.6e+08,160000101,FALSE,FALSE,FALSE,0,"X3_norm",1,1.00425662716562,0.00377609920928938,0.9,0.907221643230384,1.11379411207108
16,101,1.6e+08,160000101,FALSE,FALSE,FALSE,0,"X4_row",1,1.1084644967481,0.00448154480222093,0.9,0.994538689013819,1.22070497157262
16,101,1.6e+08,160000101,FALSE,TRUE,FALSE,0,"intercept",-1,-0.740980077480411,0.00441652984206167,0.9,-0.853131149843632,-0.632178399942647
16,101,1.6e+08,160000101,FALSE,TRUE,FALSE,0,"X1_groups",1,0.617565891457541,0.00153125157404411,0.9,0.559792156686831,0.686031742048761
16,101,1.6e+08,160000101,FALSE,TRUE,FALSE,0,"X2_dist",1,0.727551887943092,0.00354875762627173,0.9,0.626969446228958,0.823345828049128
16,101,1.6e+08,160000101,FALSE,TRUE,FALSE,0,"X3_norm",1,0.656763544816078,0.00180061710861708,0.9,0.586553187549198,0.730372322959022
16,101,1.6e+08,160000101,FALSE,TRUE,FALSE,0,"X4_row",1,0.613006301743373,0.00245046966042787,0.9,0.528389371024951,0.699484080106395
16,101,1.6e+08,160000101,FALSE,FALSE,FALSE,1,"intercept",-1,-1.09543448487218,0.00807603504011059,0.9,-1.23412458955373,-0.951522626088722
16,101,1.6e+08,160000101,FALSE,FALSE,FALSE,1,"X1_groups",1,1.04676599876177,0.00354718615405408,0.9,0.947788244227979,1.14771371882978
16,101,1.6e+08,160000101,FALSE,FALSE,FALSE,1,"X2_dist",1,1.05540512721974,0.00657736849298404,0.9,0.928701165930142,1.18925915635522
16,101,1.6e+08,160000101,FALSE,FALSE,FALSE,1,"X3_norm",1,1.0478200633454,0.00410987984763895,0.9,0.939937203435442,1.16076051808013
16,101,1.6e+08,160000101,FALSE,FALSE,FALSE,1,"X4_row",1,1.15586818399449,0.00541741577376446,0.9,1.03003171088938,1.2771534246489
16,101,1.6e+08,160000101,FALSE,FALSE,FALSE,2,"intercept",-1,-1.13669868694603,0.0085336457884916,0.9,-1.30345393537947,-0.986267933638982
16,101,1.6e+08,160000101,FALSE,FALSE,FALSE,2,"X1_groups",1,1.08203567741711,0.00473720120484776,0.9,0.973797550375361,1.19221625764274
16,101,1.6e+08,160000101,FALSE,FALSE,FALSE,2,"X2_dist",1,1.09070810462947,0.00760384708966532,0.9,0.952609613212073,1.24748722257336
16,101,1.6e+08,160000101,FALSE,FALSE,FALSE,2,"X3_norm",1,1.07910559899023,0.00449707851384322,0.9,0.979095395313852,1.19533017730638
16,101,1.6e+08,160000101,FALSE,FALSE,FALSE,2,"X4_row",1,1.18959048478762,0.00633424342304347,0.9,1.06443192613904,1.32302065796251
16,101,1.6e+08,160000101,FALSE,TRUE,FALSE,1,"intercept",-1,-0.895676319871383,0.00592615328593697,0.9,-1.02102013118599,-0.761438417764716
16,101,1.6e+08,160000101,FALSE,TRUE,FALSE,1,"X1_groups",1,0.756085109626926,0.00218516385831981,0.9,0.677248007876454,0.831041443164292
16,101,1.6e+08,160000101,FALSE,TRUE,FALSE,1,"X2_dist",1,0.879267130570549,0.00497902923922538,0.9,0.764271351286501,0.997580296306635
16,101,1.6e+08,160000101,FALSE,TRUE,FALSE,1,"X3_norm",1,0.808295689972503,0.00294001719273976,0.9,0.720328316715892,0.898789051246373
16,101,1.6e+08,160000101,FALSE,TRUE,FALSE,1,"X4_row",1,0.789403663903198,0.00368346858347112,0.9,0.691231395109601,0.886786709345231
16,101,1.6e+08,160000101,FALSE,TRUE,FALSE,2,"intercept",-1,-1.17322658796927,0.00998231291582643,0.9,-1.33747208469975,-1.01852831420796
16,101,1.6e+08,160000101,FALSE,TRUE,FALSE,2,"X1_groups",1,0.978996801083414,0.00492803197944797,0.9,0.872131453599383,1.09639208654352
16,101,1.6e+08,160000101,FALSE,TRUE,FALSE,2,"X2_dist",1,1.15336338539902,0.00863307543426315,0.9,0.998379170797418,1.29929647181616
16,101,1.6e+08,160000101,FALSE,TRUE,FALSE,2,"X3_norm",1,1.05707125204321,0.00561457903202296,0.9,0.938570296777248,1.1830404368854
16,101,1.6e+08,160000101,FALSE,TRUE,FALSE,2,"X4_row",1,1.01856955099695,0.00645195261836859,0.9,0.896528481258164,1.15017348432937
16,102,1.6e+08,160000102,FALSE,FALSE,FALSE,0,"intercept",-1,-1.0702214951162,0.00742533600260943,0.9,-1.20446842195601,-0.925237736633433
16,102,1.6e+08,160000102,FALSE,FALSE,FALSE,0,"X1_groups",1,1.01246134391383,0.00295884454887839,0.9,0.927438858615283,1.10525764632337
16,102,1.6e+08,160000102,FALSE,FALSE,FALSE,0,"X2_dist",1,1.0917353152309,0.00588500033357282,0.9,0.956522346286234,1.21708819806042
16,102,1.6e+08,160000102,FALSE,FALSE,FALSE,0,"X3_norm",1,0.979113755596039,0.00324411164069284,0.9,0.890151114577239,1.07160091943804
16,102,1.6e+08,160000102,FALSE,FALSE,FALSE,0,"X4_row",1,0.949812214560589,0.00416045472335929,0.9,0.842540098001888,1.05179293887419
16,102,1.6e+08,160000102,FALSE,TRUE,FALSE,0,"intercept",-1,-0.639473122594936,0.00433383488759149,0.9,-0.747049805815472,-0.53230852346335
16,102,1.6e+08,160000102,FALSE,TRUE,FALSE,0,"X1_groups",1,0.59911740404616,0.00147982123290507,0.9,0.539103124348366,0.665694380813754
16,102,1.6e+08,160000102,FALSE,TRUE,FALSE,0,"X2_dist",1,0.637679478535879,0.00314909070536331,0.9,0.548930714068915,0.728632098329764
16,102,1.6e+08,160000102,FALSE,TRUE,FALSE,0,"X3_norm",1,0.514928291952817,0.00140231579306926,0.9,0.454851425579787,0.573621193695366
16,102,1.6e+08,160000102,FALSE,TRUE,FALSE,0,"X4_row",1,0.557696796859753,0.00216531135821887,0.9,0.476582756555608,0.632107263944856
16,102,1.6e+08,160000102,FALSE,FALSE,FALSE,1,"intercept",-1,-1.10596538100588,0.00755275507094561,0.9,-1.24498521805023,-0.962031745656231
16,102,1.6e+08,160000102,FALSE,FALSE,FALSE,1,"X1_groups",1,1.04889165125913,0.00326087427645124,0.9,0.955546371714313,1.14419867365789
16,102,1.6e+08,160000102,FALSE,FALSE,FALSE,1,"X2_dist",1,1.12170878562355,0.00625350259864611,0.9,0.992756962584679,1.25637614089261
16,102,1.6e+08,160000102,FALSE,FALSE,FALSE,1,"X3_norm",1,1.00397632581071,0.00357365854211999,0.9,0.91233705084989,1.10288506028173
16,102,1.6e+08,160000102,FALSE,FALSE,FALSE,1,"X4_row",1,0.97960729765612,0.00382163304851999,0.9,0.880496897801307,1.08802581031551
16,102,1.6e+08,160000102,FALSE,FALSE,FALSE,2,"intercept",-1,-1.15214657736541,0.00957055905852462,0.9,-1.32002519334814,-1.00309324796967
16,102,1.6e+08,160000102,FALSE,FALSE,FALSE,2,"X1_groups",1,1.08379549054518,0.0041266693396124,0.9,0.979572650264537,1.18972836208002
16,102,1.6e+08,160000102,FALSE,FALSE,FALSE,2,"X2_dist",1,1.16727469336368,0.00847122013555787,0.9,1.01646808478308,1.30556072313797
16,102,1.6e+08,160000102,FALSE,FALSE,FALSE,2,"X3_norm",1,1.03906974464855,0.00411798332024523,0.9,0.931530587060461,1.14883717217255
16,102,1.6e+08,160000102,FALSE,FALSE,FALSE,2,"X4_row",1,1.01857418896113,0.004841965863407,0.9,0.907837091098103,1.13697925193901
16,102,1.6e+08,160000102,FALSE,TRUE,FALSE,1,"intercept",-1,-0.760671852546227,0.00516974975820915,0.9,-0.882183310500433,-0.644566126139033
16,102,1.6e+08,160000102,FALSE,TRUE,FALSE,1,"X1_groups",1,0.751848740703518,0.00220519624578521,0.9,0.675168466358186,0.829247322812422
16,102,1.6e+08,160000102,FALSE,TRUE,FALSE,1,"X2_dist",1,0.735627014343182,0.00432632508331243,0.9,0.626954065698951,0.833444614365752
16,102,1.6e+08,160000102,FALSE,TRUE,FALSE,1,"X3_norm",1,0.62664955770041,0.00202765951771455,0.9,0.550832757624985,0.691717553592482
16,102,1.6e+08,160000102,FALSE,TRUE,FALSE,1,"X4_row",1,0.698098513375299,0.00317677353086396,0.9,0.606151024497898,0.789074316012382
16,102,1.6e+08,160000102,FALSE,TRUE,FALSE,2,"intercept",-1,-0.989075120677319,0.00911702056653791,0.9,-1.15480437706227,-0.833090843614989
16,102,1.6e+08,160000102,FALSE,TRUE,FALSE,2,"X1_groups",1,0.948672936005166,0.00404484094990552,0.9,0.846321038925526,1.05456090815093
16,102,1.6e+08,160000102,FALSE,TRUE,FALSE,2,"X2_dist",1,0.977519683316339,0.00828613251188739,0.9,0.820960400675772,1.12260123964797
16,102,1.6e+08,160000102,FALSE,TRUE,FALSE,2,"X3_norm",1,0.811196072955924,0.00369376663831724,0.9,0.705406507284667,0.909630985466989
16,102,1.6e+08,160000102,FALSE,TRUE,FALSE,2,"X4_row",1,0.909232871317565,0.00514185587830272,0.9,0.800243569120007,1.03815030377491
16,103,1.6e+08,160000103,FALSE,FALSE,FALSE,0,"intercept",-1,-0.96244287226821,0.00697427511540457,0.9,-1.10364483345556,-0.833544498790637
16,103,1.6e+08,160000103,FALSE,FALSE,FALSE,0,"X1_groups",1,0.982165314758153,0.0029446413386596,0.9,0.896917060508839,1.07325604974289
16,103,1.6e+08,160000103,FALSE,FALSE,FALSE,0,"X2_dist",1,0.940984533302899,0.00514814497922194,0.9,0.830358242487213,1.06026331226915
16,103,1.6e+08,160000103,FALSE,FALSE,FALSE,0,"X3_norm",1,1.0436911166998,0.00361373702079816,0.9,0.94763608490909,1.14072544367807
16,103,1.6e+08,160000103,FALSE,FALSE,FALSE,0,"X4_row",1,1.01608148137943,0.00417594584588637,0.9,0.901016663027874,1.11124888782939
16,103,1.6e+08,160000103,FALSE,TRUE,FALSE,0,"intercept",-1,-0.594475888347205,0.0044940956603659,0.9,-0.702826241332119,-0.488798753993618
16,103,1.6e+08,160000103,FALSE,TRUE,FALSE,0,"X1_groups",1,0.622129232373801,0.00155601147613623,0.9,0.556836864616684,0.68787406385515
16,103,1.6e+08,160000103,FALSE,TRUE,FALSE,0,"X2_dist",1,0.563941015357508,0.0034253811714727,0.9,0.470529891668984,0.660944441258772
16,103,1.6e+08,160000103,FALSE,TRUE,FALSE,0,"X3_norm",1,0.670907325213255,0.00167995853965645,0.9,0.607205755802226,0.743125842756963
16,103,1.6e+08,160000103,FALSE,TRUE,FALSE,0,"X4_row",1,0.628250517739058,0.00234763588180416,0.9,0.549117674240095,0.70858873785119
16,103,1.6e+08,160000103,FALSE,FALSE,FALSE,1,"intercept",-1,-0.99945522930723,0.00747630029179181,0.9,-1.15009456466223,-0.859060681930761
16,103,1.6e+08,160000103,FALSE,FALSE,FALSE,1,"X1_groups",1,1.02561609946314,0.00352722448475677,0.9,0.933314625507802,1.12974092091268
16,103,1.6e+08,160000103,FALSE,FALSE,FALSE,1,"X2_dist",1,0.970374407840177,0.00604170035423573,0.9,0.849653970431408,1.09632298366523
16,103,1.6e+08,160000103,FALSE,FALSE,FALSE,1,"X3_norm",1,1.08442342647305,0.00397166295632161,0.9,0.984447197032912,1.18974067238871
16,103,1.6e+08,160000103,FALSE,FALSE,FALSE,1,"X4_row",1,1.06020257647763,0.00503563062707732,0.9,0.940193399130868,1.17616102415803
16,103,1.6e+08,160000103,FALSE,FALSE,FALSE,2,"intercept",-1,-1.03980785992565,0.00893677413687047,0.9,-1.19687027604116,-0.874750508152186
16,103,1.6e+08,160000103,FALSE,FALSE,FALSE,2,"X1_groups",1,1.05811282827972,0.00478201978746591,0.9,0.947676688010211,1.17781832261261
16,103,1.6e+08,160000103,FALSE,FALSE,FALSE,2,"X2_dist",1,1.00592363654711,0.00725224060182592,0.9,0.864670539015872,1.14960595672196
16,103,1.6e+08,160000103,FALSE,FALSE,FALSE,2,"X3_norm",1,1.11989386633634,0.00492603791142011,0.9,1.00638850487614,1.23842633511726
16,103,1.6e+08,160000103,FALSE,FALSE,FALSE,2,"X4_row",1,1.09456253873803,0.00568523802743476,0.9,0.983971065545545,1.2285603825112
16,103,1.6e+08,160000103,FALSE,TRUE,FALSE,1,"intercept",-1,-0.738938234484985,0.00597479131598141,0.9,-0.861500723218712,-0.613393580538156
16,103,1.6e+08,160000103,FALSE,TRUE,FALSE,1,"X1_groups",1,0.787645341252144,0.00259090428323323,0.9,0.697012596470747,0.870424243517209
16,103,1.6e+08,160000103,FALSE,TRUE,FALSE,1,"X2_dist",1,0.682814463450613,0.0047552761607157,0.9,0.571332120736107,0.793703117224517
16,103,1.6e+08,160000103,FALSE,TRUE,FALSE,1,"X3_norm",1,0.818514315117244,0.00262103512856708,0.9,0.732261253686712,0.901063576362114
16,103,1.6e+08,160000103,FALSE,TRUE,FALSE,1,"X4_row",1,0.801314206218146,0.0034972787142373,0.9,0.706643270075979,0.902210266053731
16,103,1.6e+08,160000103,FALSE,TRUE,FALSE,2,"intercept",-1,-0.918686247851011,0.00956892802370294,0.9,-1.08798075846801,-0.765212943926291
16,103,1.6e+08,160000103,FALSE,TRUE,FALSE,2,"X1_groups",1,0.949521103543496,0.00439884843861906,0.9,0.841776158746265,1.05838602425318
16,103,1.6e+08,160000103,FALSE,TRUE,FALSE,2,"X2_dist",1,0.861238076539869,0.00790835547494723,0.9,0.708653895225978,1.00980911875377
16,103,1.6e+08,160000103,FALSE,TRUE,FALSE,2,"X3_norm",1,1.00984081863011,0.00478404097273698,0.9,0.9074135395371,1.12638534105693
16,103,1.6e+08,160000103,FALSE,TRUE,FALSE,2,"X4_row",1,0.985958998533021,0.00542531591626783,0.9,0.868104327979297,1.10470395983681
16,104,1.6e+08,160000104,FALSE,FALSE,FALSE,0,"intercept",-1,-0.980346095144357,0.00608000126951814,0.9,-1.10364314578876,-0.861553957659714
16,104,1.6e+08,160000104,FALSE,FALSE,FALSE,0,"X1_groups",1,0.959591373170845,0.00271239161490317,0.9,0.878899818474042,1.04320411026533
16,104,1.6e+08,160000104,FALSE,FALSE,FALSE,0,"X2_dist",1,0.932496385166535,0.00474257045526599,0.9,0.818176276974538,1.04636478588929
16,104,1.6e+08,160000104,FALSE,FALSE,FALSE,0,"X3_norm",1,0.850195127017617,0.00272211325317607,0.9,0.767743761805086,0.937620684697554
16,104,1.6e+08,160000104,FALSE,FALSE,FALSE,0,"X4_row",1,0.810080810054928,0.00367813361869253,0.9,0.715312716996309,0.911069743233993
16,104,1.6e+08,160000104,FALSE,TRUE,FALSE,0,"intercept",-1,-0.680104182274435,0.00464089516968231,0.9,-0.797230930127115,-0.575773066883207
16,104,1.6e+08,160000104,FALSE,TRUE,FALSE,0,"X1_groups",1,0.595328689657598,0.00142095009661137,0.9,0.538132910446155,0.661855762406833
16,104,1.6e+08,160000104,FALSE,TRUE,FALSE,0,"X2_dist",1,0.630186339808829,0.00350942770256373,0.9,0.539779311944419,0.727208985962482
16,104,1.6e+08,160000104,FALSE,TRUE,FALSE,0,"X3_norm",1,0.591787347127381,0.00151240338012122,0.9,0.533120186271352,0.659088421888583
16,104,1.6e+08,160000104,FALSE,TRUE,FALSE,0,"X4_row",1,0.476449333361446,0.00209579456519885,0.9,0.400231148360753,0.549326298833801
16,104,1.6e+08,160000104,FALSE,FALSE,FALSE,1,"intercept",-1,-1.01729071282457,0.00656617876320898,0.9,-1.14772439314813,-0.891384405101306
16,104,1.6e+08,160000104,FALSE,FALSE,FALSE,1,"X1_groups",1,0.998996078497786,0.00296222774427197,0.9,0.921040909572951,1.08716592388798
16,104,1.6e+08,160000104,FALSE,FALSE,FALSE,1,"X2_dist",1,0.96367945002388,0.00545758198310497,0.9,0.845028979080082,1.09133130463739
16,104,1.6e+08,160000104,FALSE,FALSE,FALSE,1,"X3_norm",1,0.881158371055287,0.0029577800461488,0.9,0.791471020147541,0.976797244139305
16,104,1.6e+08,160000104,FALSE,FALSE,FALSE,1,"X4_row",1,0.840089058240822,0.00325371559064996,0.9,0.744965036236614,0.933157612010361
16,104,1.6e+08,160000104,FALSE,FALSE,FALSE,2,"intercept",-1,-1.05490929690321,0.00877869118479133,0.9,-1.21245688390584,-0.911925520595443
16,104,1.6e+08,160000104,FALSE,FALSE,FALSE,2,"X1_groups",1,1.02969309103895,0.00410830702418681,0.9,0.926060744976199,1.1412739977885
16,104,1.6e+08,160000104,FALSE,FALSE,FALSE,2,"X2_dist",1,0.999474612174891,0.00692372953448042,0.9,0.869925580548663,1.13851620622781
16,104,1.6e+08,160000104,FALSE,FALSE,FALSE,2,"X3_norm",1,0.91120859626226,0.00371674600323565,0.9,0.818096693495209,1.01393302280649
16,104,1.6e+08,160000104,FALSE,FALSE,FALSE,2,"X4_row",1,0.869698215537963,0.00443453527200369,0.9,0.772120759631646,0.975806730108675
16,104,1.6e+08,160000104,FALSE,TRUE,FALSE,1,"intercept",-1,-0.798422416403445,0.00552223489839648,0.9,-0.924283038646944,-0.679836995893238
16,104,1.6e+08,160000104,FALSE,TRUE,FALSE,1,"X1_groups",1,0.734376313628577,0.0023166238587792,0.9,0.652215855249358,0.808601299603322
16,104,1.6e+08,160000104,FALSE,TRUE,FALSE,1,"X2_dist",1,0.738198299613473,0.00447341888080992,0.9,0.62539079342699,0.853287123195504
16,104,1.6e+08,160000104,FALSE,TRUE,FALSE,1,"X3_norm",1,0.702309041679126,0.00222264024051896,0.9,0.624165400090417,0.781598440528
16,104,1.6e+08,160000104,FALSE,TRUE,FALSE,1,"X4_row",1,0.574517407289789,0.00291129802194616,0.9,0.488410447823372,0.669251716888333
16,104,1.6e+08,160000104,FALSE,TRUE,FALSE,2,"intercept",-1,-1.00979839863022,0.00857012987272806,0.9,-1.16195814370044,-0.863692148417987
16,104,1.6e+08,160000104,FALSE,TRUE,FALSE,2,"X1_groups",1,0.926197247748983,0.00422481010819534,0.9,0.820888737847615,1.04058089422658
16,104,1.6e+08,160000104,FALSE,TRUE,FALSE,2,"X2_dist",1,0.963840357884905,0.0071045643395645,0.9,0.833180212802482,1.09738083070181
16,104,1.6e+08,160000104,FALSE,TRUE,FALSE,2,"X3_norm",1,0.883388521985609,0.00399485385629977,0.9,0.780541307806401,0.987780683897786
16,104,1.6e+08,160000104,FALSE,TRUE,FALSE,2,"X4_row",1,0.740753529361804,0.00440314223128585,0.9,0.631101995552081,0.852499663535682
16,105,1.6e+08,160000105,FALSE,FALSE,FALSE,0,"intercept",-1,-1.09926313484048,0.00733665297016312,0.9,-1.22484308953138,-0.956210587921052
16,105,1.6e+08,160000105,FALSE,FALSE,FALSE,0,"X1_groups",1,1.0164267125563,0.002956072421049,0.9,0.927682569651205,1.10916550215149
16,105,1.6e+08,160000105,FALSE,FALSE,FALSE,0,"X2_dist",1,1.09213603478814,0.00568385438889401,0.9,0.969399191123244,1.21515832739574
16,105,1.6e+08,160000105,FALSE,FALSE,FALSE,0,"X3_norm",1,1.00160740398693,0.00323588968128573,0.9,0.907412058308222,1.08858798267736
16,105,1.6e+08,160000105,FALSE,FALSE,FALSE,0,"X4_row",1,1.00091020352905,0.00408316800595694,0.9,0.891732320795753,1.1055322825026
16,105,1.6e+08,160000105,FALSE,TRUE,FALSE,0,"intercept",-1,-0.686908127192905,0.00486972491843231,0.9,-0.803652370545353,-0.569133372360833
16,105,1.6e+08,160000105,FALSE,TRUE,FALSE,0,"X1_groups",1,0.629373095053813,0.00163190261019281,0.9,0.567071652643994,0.69274682944752
16,105,1.6e+08,160000105,FALSE,TRUE,FALSE,0,"X2_dist",1,0.623477489921453,0.0036778341643072,0.9,0.522303346922294,0.724677139286068
16,105,1.6e+08,160000105,FALSE,TRUE,FALSE,0,"X3_norm",1,0.62874290853546,0.00173697531752829,0.9,0.567896278183915,0.702517385089888
16,105,1.6e+08,160000105,FALSE,TRUE,FALSE,0,"X4_row",1,0.606536761117169,0.00230167935151591,0.9,0.523094692160499,0.680889563173081
16,105,1.6e+08,160000105,FALSE,FALSE,FALSE,1,"intercept",-1,-1.15253030600012,0.00891023280087897,0.9,-1.32190106639148,-1.00855237301453
16,105,1.6e+08,160000105,FALSE,FALSE,FALSE,1,"X1_groups",1,1.06729912752241,0.00374907577918552,0.9,0.970893574723245,1.17187860596743
16,105,1.6e+08,160000105,FALSE,FALSE,FALSE,1,"X2_dist",1,1.13990459304152,0.0074535284722264,0.9,1.01029531276261,1.29515184097889
16,105,1.6e+08,160000105,FALSE,FALSE,FALSE,1,"X3_norm",1,1.0436588976386,0.0038346816064993,0.9,0.940638701617829,1.14661653635138
16,105,1.6e+08,160000105,FALSE,FALSE,FALSE,1,"X4_row",1,1.04815158914284,0.00473312525391089,0.9,0.936094606624788,1.15273084454329
16,105,1.6e+08,160000105,FALSE,FALSE,FALSE,2,"intercept",-1,-1.20695441867205,0.00970828268817013,0.9,-1.37225268289903,-1.04903838250346
16,105,1.6e+08,160000105,FALSE,FALSE,FALSE,2,"X1_groups",1,1.10560294317402,0.00476978105573948,0.9,0.990819133596318,1.21834266177526
16,105,1.6e+08,160000105,FALSE,FALSE,FALSE,2,"X2_dist",1,1.19176450171211,0.00816579623529814,0.9,1.04105212528571,1.3354397824481
16,105,1.6e+08,160000105,FALSE,FALSE,FALSE,2,"X3_norm",1,1.07685778364738,0.00471244380520782,0.9,0.964118983967806,1.18986900771113
16,105,1.6e+08,160000105,FALSE,FALSE,FALSE,2,"X4_row",1,1.09046677368789,0.00603433983681211,0.9,0.976646474777366,1.22910245513703
16,105,1.6e+08,160000105,FALSE,TRUE,FALSE,1,"intercept",-1,-0.826595584564995,0.00592863929475785,0.9,-0.952307280824156,-0.704066090902624
16,105,1.6e+08,160000105,FALSE,TRUE,FALSE,1,"X1_groups",1,0.792441974327131,0.00231122525747343,0.9,0.708167245880652,0.867726943404853
16,105,1.6e+08,160000105,FALSE,TRUE,FALSE,1,"X2_dist",1,0.739649781466932,0.00444139153883126,0.9,0.633391576756468,0.847790157756189
16,105,1.6e+08,160000105,FALSE,TRUE,FALSE,1,"X3_norm",1,0.76528125272216,0.00265048442618473,0.9,0.680665268712484,0.851538019065728
16,105,1.6e+08,160000105,FALSE,TRUE,FALSE,1,"X4_row",1,0.765120760943875,0.0036617839962978,0.9,0.663220347097112,0.860890051116082
16,105,1.6e+08,160000105,FALSE,TRUE,FALSE,2,"intercept",-1,-1.01000476342179,0.00951398166629636,0.9,-1.17681923082832,-0.862342785557432
16,105,1.6e+08,160000105,FALSE,TRUE,FALSE,2,"X1_groups",1,0.998689480566339,0.00510426599251688,0.9,0.878264989470247,1.11380261782032
16,105,1.6e+08,160000105,FALSE,TRUE,FALSE,2,"X2_dist",1,0.912373277410225,0.00754425530186021,0.9,0.771968078580306,1.05173574231566
16,105,1.6e+08,160000105,FALSE,TRUE,FALSE,2,"X3_norm",1,0.938622197892777,0.00421653734632937,0.9,0.838887517532978,1.04905276845466
16,105,1.6e+08,160000105,FALSE,TRUE,FALSE,2,"X4_row",1,0.960658315550732,0.00596144932190402,0.9,0.849788984805704,1.09476450550394
16,106,1.6e+08,160000106,FALSE,FALSE,FALSE,0,"intercept",-1,-0.873865579708178,0.0060198832233055,0.9,-1.00361289100657,-0.751741707964245
16,106,1.6e+08,160000106,FALSE,FALSE,FALSE,0,"X1_groups",1,0.939877475643,0.00255535852281941,0.9,0.859976579317905,1.02048950204327
16,106,1.6e+08,160000106,FALSE,FALSE,FALSE,0,"X2_dist",1,0.920355867454841,0.0050971449528173,0.9,0.799742604787074,1.03166410376853
16,106,1.6e+08,160000106,FALSE,FALSE,FALSE,0,"X3_norm",1,0.897606277903465,0.00296507396901914,0.9,0.811170805652442,0.989123663464988
16,106,1.6e+08,160000106,FALSE,FALSE,FALSE,0,"X4_row",1,0.998613327375608,0.0039394512667046,0.9,0.899543673688114,1.09477305420744
16,106,1.6e+08,160000106,FALSE,TRUE,FALSE,0,"intercept",-1,-0.580402521394467,0.00426620806742895,0.9,-0.687339474671642,-0.473854384570396
16,106,1.6e+08,160000106,FALSE,TRUE,FALSE,0,"X1_groups",1,0.599592318212829,0.00153413199664797,0.9,0.536926446189532,0.658826575639943
16,106,1.6e+08,160000106,FALSE,TRUE,FALSE,0,"X2_dist",1,0.612629555942787,0.00315039441044133,0.9,0.521382352344862,0.700197091729603
16,106,1.6e+08,160000106,FALSE,TRUE,FALSE,0,"X3_norm",1,0.593386550302729,0.00166729108695628,0.9,0.525304656170631,0.664841335233723
16,106,1.6e+08,160000106,FALSE,TRUE,FALSE,0,"X4_row",1,0.627142867933972,0.00215250333382812,0.9,0.552685781576276,0.698923597729848
16,106,1.6e+08,160000106,FALSE,FALSE,FALSE,1,"intercept",-1,-0.907399534647655,0.00681496801222076,0.9,-1.05066703744645,-0.773162436741692
16,106,1.6e+08,160000106,FALSE,FALSE,FALSE,1,"X1_groups",1,0.981430632039115,0.00319168146244609,0.9,0.886934006144457,1.06637326665676
16,106,1.6e+08,160000106,FALSE,FALSE,FALSE,1,"X2_dist",1,0.948434583929527,0.005835526555716,0.9,0.832565384910478,1.09074019751359
16,106,1.6e+08,160000106,FALSE,FALSE,FALSE,1,"X3_norm",1,0.937015025679904,0.0035785451317037,0.9,0.834810093946168,1.03396027188925
16,106,1.6e+08,160000106,FALSE,FALSE,FALSE,1,"X4_row",1,1.04124902632291,0.00452703195451994,0.9,0.934279376903274,1.14838199052802
16,106,1.6e+08,160000106,FALSE,FALSE,FALSE,2,"intercept",-1,-0.940647999143473,0.0081203423574507,0.9,-1.09530996123592,-0.803788980514993
16,106,1.6e+08,160000106,FALSE,FALSE,FALSE,2,"X1_groups",1,1.0177622936902,0.00372045464900139,0.9,0.923513379150589,1.12276640467847
16,106,1.6e+08,160000106,FALSE,FALSE,FALSE,2,"X2_dist",1,0.981227152909712,0.00721654831754017,0.9,0.84722946718686,1.12241376994607
16,106,1.6e+08,160000106,FALSE,FALSE,FALSE,2,"X3_norm",1,0.973606458048217,0.00398453455783138,0.9,0.868078870957401,1.06588891208902
16,106,1.6e+08,160000106,FALSE,FALSE,FALSE,2,"X4_row",1,1.08070995417561,0.00472437812104065,0.9,0.97335760447079,1.20406740930366
16,106,1.6e+08,160000106,FALSE,TRUE,FALSE,1,"intercept",-1,-0.694950438686374,0.00486332715525987,0.9,-0.819719190821254,-0.582836699589792
16,106,1.6e+08,160000106,FALSE,TRUE,FALSE,1,"X1_groups",1,0.725665759792324,0.00208122118750177,0.9,0.655822748041209,0.803067137796591
16,106,1.6e+08,160000106,FALSE,TRUE,FALSE,1,"X2_dist",1,0.739372548293087,0.00401694720417107,0.9,0.64106297511348,0.848185969359913
16,106,1.6e+08,160000106,FALSE,TRUE,FALSE,1,"X3_norm",1,0.701835053393799,0.0022503398142122,0.9,0.622328809576437,0.778428126188047
16,106,1.6e+08,160000106,FALSE,TRUE,FALSE,1,"X4_row",1,0.796027311507068,0.00341999892952241,0.9,0.701261562708727,0.894873759716234
16,106,1.6e+08,160000106,FALSE,TRUE,FALSE,2,"intercept",-1,-0.854207182264359,0.00865814142113761,0.9,-1.02452834664278,-0.696776456719458
16,106,1.6e+08,160000106,FALSE,TRUE,FALSE,2,"X1_groups",1,0.918246044028551,0.00388885599938362,0.9,0.817181630225642,1.02385895459925
16,106,1.6e+08,160000106,FALSE,TRUE,FALSE,2,"X2_dist",1,0.931126911686026,0.0076770965812465,0.9,0.781322898272316,1.07147032001574
16,106,1.6e+08,160000106,FALSE,TRUE,FALSE,2,"X3_norm",1,0.868950870223354,0.00355138652842118,0.9,0.770622972841372,0.962916977496633
16,106,1.6e+08,160000106,FALSE,TRUE,FALSE,2,"X4_row",1,1.00710742349986,0.00621503259514803,0.9,0.877197392063908,1.14632510685804
16,107,1.6e+08,160000107,FALSE,FALSE,FALSE,0,"intercept",-1,-1.00259238261993,0.00661655657960309,0.9,-1.13880648710346,-0.870970569953039
16,107,1.6e+08,160000107,FALSE,FALSE,FALSE,0,"X1_groups",1,0.940788073177257,0.0027968050181335,0.9,0.853123710622538,1.02212972657801
16,107,1.6e+08,160000107,FALSE,FALSE,FALSE,0,"X2_dist",1,0.957923904335988,0.00521771804404585,0.9,0.839664916403452,1.07139178079031
16,107,1.6e+08,160000107,FALSE,FALSE,FALSE,0,"X3_norm",1,0.941588899363614,0.00309686246026152,0.9,0.854477469115597,1.03700188769035
16,107,1.6e+08,160000107,FALSE,FALSE,FALSE,0,"X4_row",1,0.912838004013305,0.00402717085116145,0.9,0.811134173077744,1.01700091048337
16,107,1.6e+08,160000107,FALSE,TRUE,FALSE,0,"intercept",-1,-0.648074005684561,0.00419900430140056,0.9,-0.756661534342305,-0.549831181184456
16,107,1.6e+08,160000107,FALSE,TRUE,FALSE,0,"X1_groups",1,0.562486877164599,0.001446860564922,0.9,0.500793927767575,0.624967760717947
16,107,1.6e+08,160000107,FALSE,TRUE,FALSE,0,"X2_dist",1,0.593320297937554,0.00314434602648652,0.9,0.506007763870534,0.68912393883341
16,107,1.6e+08,160000107,FALSE,TRUE,FALSE,0,"X3_norm",1,0.546067731626826,0.00131846965499285,0.9,0.487342423718594,0.604751694997339
16,107,1.6e+08,160000107,FALSE,TRUE,FALSE,0,"X4_row",1,0.559694585923867,0.00227169776768181,0.9,0.47984390268419,0.6369583273834
16,107,1.6e+08,160000107,FALSE,FALSE,FALSE,1,"intercept",-1,-1.03691948322925,0.00694354171333896,0.9,-1.17415035845308,-0.905129729034324
16,107,1.6e+08,160000107,FALSE,FALSE,FALSE,1,"X1_groups",1,0.97543494259037,0.00325921515838716,0.9,0.882328076085145,1.06867489735759
16,107,1.6e+08,160000107,FALSE,FALSE,FALSE,1,"X2_dist",1,0.986459871278973,0.00565611268403167,0.9,0.868455914467077,1.1189861123715
16,107,1.6e+08,160000107,FALSE,FALSE,FALSE,1,"X3_norm",1,0.972919080122278,0.00342718933489794,0.9,0.872868638996937,1.07260759937845
16,107,1.6e+08,160000107,FALSE,FALSE,FALSE,1,"X4_row",1,0.943641091479024,0.00409875084953671,0.9,0.832262382815636,1.04220789362104
16,107,1.6e+08,160000107,FALSE,FALSE,FALSE,2,"intercept",-1,-1.07470737243304,0.00819738214724299,0.9,-1.23054736565116,-0.923552690671066
16,107,1.6e+08,160000107,FALSE,FALSE,FALSE,2,"X1_groups",1,1.00134583770825,0.00389223242834864,0.9,0.902334140390079,1.107212173052
16,107,1.6e+08,160000107,FALSE,FALSE,FALSE,2,"X2_dist",1,1.01931343528284,0.00676713031430994,0.9,0.881971354691909,1.16270537744977
16,107,1.6e+08,160000107,FALSE,FALSE,FALSE,2,"X3_norm",1,0.998511248295164,0.0044528416022814,0.9,0.892248540310052,1.10369149027106
16,107,1.6e+08,160000107,FALSE,FALSE,FALSE,2,"X4_row",1,0.967116543879266,0.00477313863798054,0.9,0.851575756293932,1.0838927340396
16,107,1.6e+08,160000107,FALSE,TRUE,FALSE,1,"intercept",-1,-0.773928987083121,0.00573887160383532,0.9,-0.897306855685182,-0.64828135106206
16,107,1.6e+08,160000107,FALSE,TRUE,FALSE,1,"X1_groups",1,0.70160802783758,0.00216053577503649,0.9,0.626066902896806,0.777696963118402
16,107,1.6e+08,160000107,FALSE,TRUE,FALSE,1,"X2_dist",1,0.730771187384044,0.00479468549153929,0.9,0.623968180230345,0.847990527354153
16,107,1.6e+08,160000107,FALSE,TRUE,FALSE,1,"X3_norm",1,0.676963745412825,0.00221461608240734,0.9,0.603590072099572,0.748365399523612
16,107,1.6e+08,160000107,FALSE,TRUE,FALSE,1,"X4_row",1,0.74051732499066,0.00326077196748298,0.9,0.644433042442604,0.837355578346969
16,107,1.6e+08,160000107,FALSE,TRUE,FALSE,2,"intercept",-1,-0.98282918893501,0.00974217523676598,0.9,-1.14193526464375,-0.836553918081003
16,107,1.6e+08,160000107,FALSE,TRUE,FALSE,2,"X1_groups",1,0.900073536223134,0.00469785163085287,0.9,0.790842328470579,1.01589779512791
16,107,1.6e+08,160000107,FALSE,TRUE,FALSE,2,"X2_dist",1,0.922624600589646,0.00775934427018647,0.9,0.776995882663944,1.06509630463006
16,107,1.6e+08,160000107,FALSE,TRUE,FALSE,2,"X3_norm",1,0.856180360480429,0.00360329002691839,0.9,0.759469746583473,0.956907485264952
16,107,1.6e+08,160000107,FALSE,TRUE,FALSE,2,"X4_row",1,0.930744315980997,0.00513995691664681,0.9,0.816299231900433,1.05351250310701
16,108,1.6e+08,160000108,FALSE,FALSE,FALSE,0,"intercept",-1,-0.984049226592593,0.00692077037852088,0.9,-1.1172726759871,-0.860084811431337
16,108,1.6e+08,160000108,FALSE,FALSE,FALSE,0,"X1_groups",1,0.993205661813862,0.00310658358591105,0.9,0.904398249995787,1.08781747775809
16,108,1.6e+08,160000108,FALSE,FALSE,FALSE,0,"X2_dist",1,0.998358423204715,0.00523699948341893,0.9,0.888013694912368,1.1212699360545
16,108,1.6e+08,160000108,FALSE,FALSE,FALSE,0,"X3_norm",1,1.06322578744793,0.00348123127148711,0.9,0.968372519828595,1.15969205901821
16,108,1.6e+08,160000108,FALSE,FALSE,FALSE,0,"X4_row",1,1.01720959526395,0.0042548277778687,0.9,0.906532530631215,1.1226266413696
16,108,1.6e+08,160000108,FALSE,TRUE,FALSE,0,"intercept",-1,-0.665069044991768,0.00496957548109852,0.9,-0.770488099654691,-0.548226947850942
16,108,1.6e+08,160000108,FALSE,TRUE,FALSE,0,"X1_groups",1,0.673478125863818,0.0017674624757479,0.9,0.603018952857079,0.739243716720178
16,108,1.6e+08,160000108,FALSE,TRUE,FALSE,0,"X2_dist",1,0.665257926336587,0.00372836496922159,0.9,0.565567806419228,0.761276225389726
16,108,1.6e+08,160000108,FALSE,TRUE,FALSE,0,"X3_norm",1,0.683474012280965,0.00183926323842468,0.9,0.616667536904739,0.755979063756058
16,108,1.6e+08,160000108,FALSE,TRUE,FALSE,0,"X4_row",1,0.641279705771885,0.00244800042239442,0.9,0.561207435411208,0.723188288713756
16,108,1.6e+08,160000108,FALSE,FALSE,FALSE,1,"intercept",-1,-1.04219216404103,0.00805512021022718,0.9,-1.18997220657902,-0.901735428411786
16,108,1.6e+08,160000108,FALSE,FALSE,FALSE,1,"X1_groups",1,1.05432054142675,0.00389720459490181,0.9,0.95009679805874,1.16024108400881
16,108,1.6e+08,160000108,FALSE,FALSE,FALSE,1,"X2_dist",1,1.0584365979249,0.00687370462322766,0.9,0.921029437943635,1.20065391624105
16,108,1.6e+08,160000108,FALSE,FALSE,FALSE,1,"X3_norm",1,1.11406321969426,0.00431004662164108,0.9,1.01056990084915,1.22021234347929
16,108,1.6e+08,160000108,FALSE,FALSE,FALSE,1,"X4_row",1,1.07713141556593,0.00590914085447341,0.9,0.948965115541584,1.20115895983892
16,108,1.6e+08,160000108,FALSE,FALSE,FALSE,2,"intercept",-1,-1.07691478478652,0.00905891721087047,0.9,-1.24152298863678,-0.921320526501938
16,108,1.6e+08,160000108,FALSE,FALSE,FALSE,2,"X1_groups",1,1.08759862528518,0.00464908922874705,0.9,0.97301702686127,1.20769270762416
16,108,1.6e+08,160000108,FALSE,FALSE,FALSE,2,"X2_dist",1,1.09518489117383,0.00801356799593263,0.9,0.953330407799027,1.25575479177861
16,108,1.6e+08,160000108,FALSE,FALSE,FALSE,2,"X3_norm",1,1.15199385573006,0.00499985115275884,0.9,1.03663449594807,1.25573255327778
16,108,1.6e+08,160000108,FALSE,FALSE,FALSE,2,"X4_row",1,1.11477211802897,0.00599925365487289,0.9,0.990176239330468,1.24719991399409
16,108,1.6e+08,160000108,FALSE,TRUE,FALSE,1,"intercept",-1,-0.851094125029215,0.00649198365656908,0.9,-0.985306592513083,-0.726141977620748
16,108,1.6e+08,160000108,FALSE,TRUE,FALSE,1,"X1_groups",1,0.878261962138195,0.00301159380431708,0.9,0.795973482755848,0.976084308982161
16,108,1.6e+08,160000108,FALSE,TRUE,FALSE,1,"X2_dist",1,0.843541722787417,0.00528174075018219,0.9,0.730004692929771,0.970131599967458
16,108,1.6e+08,160000108,FALSE,TRUE,FALSE,1,"X3_norm",1,0.86966853111828,0.00325620079003278,0.9,0.778167832729666,0.958535694767195
16,108,1.6e+08,160000108,FALSE,TRUE,FALSE,1,"X4_row",1,0.853325570970853,0.00441322076371384,0.9,0.748680948444521,0.956210518104114
16,108,1.6e+08,160000108,FALSE,TRUE,FALSE,2,"intercept",-1,-1.05055676291968,0.0107385460776962,0.9,-1.21813960686734,-0.893523078567575
16,108,1.6e+08,160000108,FALSE,TRUE,FALSE,2,"X1_groups",1,1.10313514115367,0.00549799641291881,0.9,0.979049267615254,1.22885518347905
16,108,1.6e+08,160000108,FALSE,TRUE,FALSE,2,"X2_dist",1,1.05955723554683,0.0089924539638549,0.9,0.908413205857915,1.21801656884981
16,108,1.6e+08,160000108,FALSE,TRUE,FALSE,2,"X3_norm",1,1.11468085224856,0.00585600667908729,0.9,0.991343075085297,1.24452456411745
16,108,1.6e+08,160000108,FALSE,TRUE,FALSE,2,"X4_row",1,1.10124745745404,0.00738933859821175,0.9,0.96303068890993,1.23240834000097
16,109,1.6e+08,160000109,FALSE,FALSE,FALSE,0,"intercept",-1,-1.00794947704426,0.00824051904487771,0.9,-1.14220514275887,-0.851819320926666
16,109,1.6e+08,160000109,FALSE,FALSE,FALSE,0,"X1_groups",1,1.07691103690989,0.00358795155829013,0.9,0.983750162887488,1.17932554866275
16,109,1.6e+08,160000109,FALSE,FALSE,FALSE,0,"X2_dist",1,1.022154960097,0.00666901340184715,0.9,0.884585513420382,1.14721468372851
16,109,1.6e+08,160000109,FALSE,FALSE,FALSE,0,"X3_norm",1,1.13624743025271,0.00416035098158415,0.9,1.03950971818946,1.25012939729256
16,109,1.6e+08,160000109,FALSE,FALSE,FALSE,0,"X4_row",1,1.11043039936746,0.0054761596200171,0.9,0.991007342713727,1.24178776583836
16,109,1.6e+08,160000109,FALSE,TRUE,FALSE,0,"intercept",-1,-0.608220991379427,0.00464652392935809,0.9,-0.721075788414907,-0.498014182290528
16,109,1.6e+08,160000109,FALSE,TRUE,FALSE,0,"X1_groups",1,0.602450906763653,0.00143471192169293,0.9,0.54318941215485,0.662777337603786
16,109,1.6e+08,160000109,FALSE,TRUE,FALSE,0,"X2_dist",1,0.613117896903029,0.00335409347773054,0.9,0.522192042336225,0.704885236107775
16,109,1.6e+08,160000109,FALSE,TRUE,FALSE,0,"X3_norm",1,0.631770334748534,0.00161476751552973,0.9,0.568878720725041,0.698723618540635
16,109,1.6e+08,160000109,FALSE,TRUE,FALSE,0,"X4_row",1,0.623308214928068,0.00229949510912295,0.9,0.538359576685648,0.697604481624382
16,109,1.6e+08,160000109,FALSE,FALSE,FALSE,1,"intercept",-1,-1.05129145278988,0.00813140707790354,0.9,-1.19711746635571,-0.901241438201306
16,109,1.6e+08,160000109,FALSE,FALSE,FALSE,1,"X1_groups",1,1.12303341880601,0.00406652907403262,0.9,1.02556044911571,1.22531953112622
16,109,1.6e+08,160000109,FALSE,FALSE,FALSE,1,"X2_dist",1,1.0606511813982,0.00649178379986278,0.9,0.934259087240358,1.20218416998964
16,109,1.6e+08,160000109,FALSE,FALSE,FALSE,1,"X3_norm",1,1.17975171684679,0.00489690602038759,0.9,1.0684753437435,1.29490320356017
16,109,1.6e+08,160000109,FALSE,FALSE,FALSE,1,"X4_row",1,1.15370507053612,0.00575984771332039,0.9,1.02096818469098,1.28241894279367
16,109,1.6e+08,160000109,FALSE,FALSE,FALSE,2,"intercept",-1,-1.09149054804043,0.00854713717193192,0.9,-1.24639432695683,-0.951001781504082
16,109,1.6e+08,160000109,FALSE,FALSE,FALSE,2,"X1_groups",1,1.15957834949726,0.00422466093567169,0.9,1.04689949337716,1.27155248735842
16,109,1.6e+08,160000109,FALSE,FALSE,FALSE,2,"X2_dist",1,1.09917463807595,0.00768641284721848,0.9,0.958900665776064,1.24569588388343
16,109,1.6e+08,160000109,FALSE,FALSE,FALSE,2,"X3_norm",1,1.21452424423316,0.00475658814323857,0.9,1.10206726871425,1.32995099979406
16,109,1.6e+08,160000109,FALSE,FALSE,FALSE,2,"X4_row",1,1.19232090852468,0.00598877821196056,0.9,1.07377422903194,1.33070398732092
16,109,1.6e+08,160000109,FALSE,TRUE,FALSE,1,"intercept",-1,-0.752574097544774,0.00556599994955746,0.9,-0.871386525327849,-0.625790687062138
16,109,1.6e+08,160000109,FALSE,TRUE,FALSE,1,"X1_groups",1,0.768988834379303,0.00228262220380909,0.9,0.693837132888704,0.846190721116524
16,109,1.6e+08,160000109,FALSE,TRUE,FALSE,1,"X2_dist",1,0.762501629421096,0.00434892567351971,0.9,0.653592835475772,0.868755358310246
16,109,1.6e+08,160000109,FALSE,TRUE,FALSE,1,"X3_norm",1,0.786424599575099,0.00270752669964541,0.9,0.70110497279469,0.873816845170036
16,109,1.6e+08,160000109,FALSE,TRUE,FALSE,1,"X4_row",1,0.773934246425196,0.00323898706580551,0.9,0.679181367658236,0.868378623964625
16,109,1.6e+08,160000109,FALSE,TRUE,FALSE,2,"intercept",-1,-1.02127386127095,0.00989597616805287,0.9,-1.19317595463939,-0.85765984728564
16,109,1.6e+08,160000109,FALSE,TRUE,FALSE,2,"X1_groups",1,1.06764425347292,0.00542145490937685,0.9,0.943506130842055,1.17745488691242
16,109,1.6e+08,160000109,FALSE,TRUE,FALSE,2,"X2_dist",1,1.04791944522642,0.00906651224234049,0.9,0.896336117701133,1.20974929017001
16,109,1.6e+08,160000109,FALSE,TRUE,FALSE,2,"X3_norm",1,1.05930018596098,0.00577105516430337,0.9,0.94384835317618,1.17435170962034
16,109,1.6e+08,160000109,FALSE,TRUE,FALSE,2,"X4_row",1,1.06081163276488,0.00646465724471955,0.9,0.92773773724199,1.19916537960054
16,110,1.6e+08,160000110,FALSE,FALSE,FALSE,0,"intercept",-1,-0.941907012122409,0.0071019831787991,0.9,-1.07224902311294,-0.810221857927188
16,110,1.6e+08,160000110,FALSE,FALSE,FALSE,0,"X1_groups",1,1.00184863847511,0.00298258303171558,0.9,0.910405569341618,1.09394166000516
16,110,1.6e+08,160000110,FALSE,FALSE,FALSE,0,"X2_dist",1,0.987459535951356,0.0056364487356067,0.9,0.860578070734527,1.10267758566921
16,110,1.6e+08,160000110,FALSE,FALSE,FALSE,0,"X3_norm",1,0.987004166845611,0.00322250400686739,0.9,0.894836932535101,1.07717824871798
16,110,1.6e+08,160000110,FALSE,FALSE,FALSE,0,"X4_row",1,1.06078241146071,0.00489015636248227,0.9,0.95577777168317,1.17986603188311
16,110,1.6e+08,160000110,FALSE,TRUE,FALSE,0,"intercept",-1,-0.67392484517917,0.00465204786540016,0.9,-0.787078826475705,-0.566212789802041
16,110,1.6e+08,160000110,FALSE,TRUE,FALSE,0,"X1_groups",1,0.589443320142093,0.00138766269565848,0.9,0.524847982162577,0.650253433352239
16,110,1.6e+08,160000110,FALSE,TRUE,FALSE,0,"X2_dist",1,0.665603939616339,0.00343392167374331,0.9,0.569515449526619,0.759451041371171
16,110,1.6e+08,160000110,FALSE,TRUE,FALSE,0,"X3_norm",1,0.596270255985323,0.00152293112908943,0.9,0.530873748840586,0.662859964602734
16,110,1.6e+08,160000110,FALSE,TRUE,FALSE,0,"X4_row",1,0.613447268302296,0.00209608419766365,0.9,0.535362338121355,0.687089909109469
16,110,1.6e+08,160000110,FALSE,FALSE,FALSE,1,"intercept",-1,-0.986792849306241,0.00710005825238528,0.9,-1.12515735721594,-0.849156658307561
16,110,1.6e+08,160000110,FALSE,FALSE,FALSE,1,"X1_groups",1,1.05017081567594,0.00382706574847717,0.9,0.952169707407702,1.15218108026609
16,110,1.6e+08,160000110,FALSE,FALSE,FALSE,1,"X2_dist",1,1.03301200888998,0.00616130553415917,0.9,0.911781528669996,1.173603999947
16,110,1.6e+08,160000110,FALSE,FALSE,FALSE,1,"X3_norm",1,1.03371758182509,0.00390932822043138,0.9,0.931790513541764,1.12962011913857
16,110,1.6e+08,160000110,FALSE,FALSE,FALSE,1,"X4_row",1,1.1110379676349,0.00488446663744563,0.9,0.994479122234332,1.22040227117411
16,110,1.6e+08,160000110,FALSE,FALSE,FALSE,2,"intercept",-1,-1.02378180198982,0.00802582480572947,0.9,-1.17931392013202,-0.883171578211007
16,110,1.6e+08,160000110,FALSE,FALSE,FALSE,2,"X1_groups",1,1.08925845798016,0.00445260228071568,0.9,0.982794689041057,1.20448162734125
16,110,1.6e+08,160000110,FALSE,FALSE,FALSE,2,"X2_dist",1,1.0706390722046,0.00677280989068803,0.9,0.948780616773716,1.2103970005092
16,110,1.6e+08,160000110,FALSE,FALSE,FALSE,2,"X3_norm",1,1.06712792064001,0.00455321491715288,0.9,0.95890859170115,1.18168135026705
16,110,1.6e+08,160000110,FALSE,FALSE,FALSE,2,"X4_row",1,1.15312628545173,0.0055157827629584,0.9,1.03629891149322,1.2709592727888
16,110,1.6e+08,160000110,FALSE,TRUE,FALSE,1,"intercept",-1,-0.772038771990078,0.00566337580721459,0.9,-0.902061935434136,-0.654463260328172
16,110,1.6e+08,160000110,FALSE,TRUE,FALSE,1,"X1_groups",1,0.718097544634134,0.00219349089567005,0.9,0.646087888606957,0.800106936938802
16,110,1.6e+08,160000110,FALSE,TRUE,FALSE,1,"X2_dist",1,0.763762859003357,0.00448685041093785,0.9,0.663907361907039,0.874294844843178
16,110,1.6e+08,160000110,FALSE,TRUE,FALSE,1,"X3_norm",1,0.697290549333038,0.00221289564678068,0.9,0.614314902652815,0.769880635300044
16,110,1.6e+08,160000110,FALSE,TRUE,FALSE,1,"X4_row",1,0.735020960194828,0.00308373255117581,0.9,0.638878101800194,0.823932086904166
16,110,1.6e+08,160000110,FALSE,TRUE,FALSE,2,"intercept",-1,-0.976354778995929,0.00901861267908681,0.9,-1.13797399512729,-0.817240447001268
16,110,1.6e+08,160000110,FALSE,TRUE,FALSE,2,"X1_groups",1,0.913349164275758,0.00469019464021176,0.9,0.801947884891238,1.03748764758967
16,110,1.6e+08,160000110,FALSE,TRUE,FALSE,2,"X2_dist",1,1.02965922014237,0.00784659559661838,0.9,0.888429460718716,1.16962939156125
16,110,1.6e+08,160000110,FALSE,TRUE,FALSE,2,"X3_norm",1,0.91549827965243,0.00408400115655419,0.9,0.817738174822823,1.0264001661878
16,110,1.6e+08,160000110,FALSE,TRUE,FALSE,2,"X4_row",1,1.01741679136662,0.00631217617073811,0.9,0.897114308330283,1.15088765742063
16,111,1.6e+08,160000111,FALSE,FALSE,FALSE,0,"intercept",-1,-0.942626028592954,0.00742245958756884,0.9,-1.10223456395888,-0.810305041515189
16,111,1.6e+08,160000111,FALSE,FALSE,FALSE,0,"X1_groups",1,1.00567637462385,0.00288424165974499,0.9,0.913045825913345,1.09480386480733
16,111,1.6e+08,160000111,FALSE,FALSE,FALSE,0,"X2_dist",1,1.02946295735102,0.00612072080407829,0.9,0.910612394264047,1.15118966562358
16,111,1.6e+08,160000111,FALSE,FALSE,FALSE,0,"X3_norm",1,0.968009783626033,0.00298695700191667,0.9,0.876127992753335,1.0603199316036
16,111,1.6e+08,160000111,FALSE,FALSE,FALSE,0,"X4_row",1,0.954517424484576,0.00349536051694117,0.9,0.8577317567673,1.05078049877761
16,111,1.6e+08,160000111,FALSE,TRUE,FALSE,0,"intercept",-1,-0.591890157789117,0.00438302501298962,0.9,-0.704752899276083,-0.487081356670729
16,111,1.6e+08,160000111,FALSE,TRUE,FALSE,0,"X1_groups",1,0.610114249485693,0.00156490384699769,0.9,0.548831139658585,0.675175349735667
16,111,1.6e+08,160000111,FALSE,TRUE,FALSE,0,"X2_dist",1,0.606430413398289,0.00305194238854814,0.9,0.512976999583225,0.696299911247792
16,111,1.6e+08,160000111,FALSE,TRUE,FALSE,0,"X3_norm",1,0.556476265215522,0.00150775783289785,0.9,0.494028702449684,0.617061051307671
16,111,1.6e+08,160000111,FALSE,TRUE,FALSE,0,"X4_row",1,0.62107080365617,0.00226465940492735,0.9,0.537721721616822,0.698697497232765
16,111,1.6e+08,160000111,FALSE,FALSE,FALSE,1,"intercept",-1,-0.996960321625215,0.00756207087259468,0.9,-1.14212972455035,-0.860910367771581
16,111,1.6e+08,160000111,FALSE,FALSE,FALSE,1,"X1_groups",1,1.0625734643848,0.00372956902786251,0.9,0.960008736449298,1.16162112527756
16,111,1.6e+08,160000111,FALSE,FALSE,FALSE,1,"X2_dist",1,1.08425635018201,0.00689190039988947,0.9,0.941797277339959,1.2357195390411
16,111,1.6e+08,160000111,FALSE,FALSE,FALSE,1,"X3_norm",1,1.01685174623435,0.00389657889364241,0.9,0.908124953836827,1.11896017194223
16,111,1.6e+08,160000111,FALSE,FALSE,FALSE,1,"X4_row",1,1.00768659593012,0.0045522717506,0.9,0.899183973166172,1.11667101715187
16,111,1.6e+08,160000111,FALSE,FALSE,FALSE,2,"intercept",-1,-1.03850767332119,0.0092240486961371,0.9,-1.20115343767703,-0.893267789094242
16,111,1.6e+08,160000111,FALSE,FALSE,FALSE,2,"X1_groups",1,1.10257982551153,0.0048143837514144,0.9,0.990585747531061,1.21035100105612
16,111,1.6e+08,160000111,FALSE,FALSE,FALSE,2,"X2_dist",1,1.12805011780162,0.00858165629520276,0.9,0.985300189178439,1.29094280355163
16,111,1.6e+08,160000111,FALSE,FALSE,FALSE,2,"X3_norm",1,1.05577590413668,0.00505097256645982,0.9,0.94248559103678,1.16802055356965
16,111,1.6e+08,160000111,FALSE,FALSE,FALSE,2,"X4_row",1,1.04829247573346,0.00595065297102999,0.9,0.932500027528129,1.17542750322341
16,111,1.6e+08,160000111,FALSE,TRUE,FALSE,1,"intercept",-1,-0.705861003090681,0.00492315019413674,0.9,-0.82661709390297,-0.596402423866583
16,111,1.6e+08,160000111,FALSE,TRUE,FALSE,1,"X1_groups",1,0.735982614721702,0.00208628795513604,0.9,0.668440890457095,0.808670021697968
16,111,1.6e+08,160000111,FALSE,TRUE,FALSE,1,"X2_dist",1,0.745092172641982,0.00424413679838169,0.9,0.638889899824895,0.853568665430988
16,111,1.6e+08,160000111,FALSE,TRUE,FALSE,1,"X3_norm",1,0.672259904269986,0.00236977612754425,0.9,0.59162815957059,0.754856591592209
16,111,1.6e+08,160000111,FALSE,TRUE,FALSE,1,"X4_row",1,0.800614890818987,0.00338437961398425,0.9,0.694189483300573,0.896379340933183
16,111,1.6e+08,160000111,FALSE,TRUE,FALSE,2,"intercept",-1,-0.918498250918325,0.00875846745416066,0.9,-1.07492768457145,-0.770329318533589
16,111,1.6e+08,160000111,FALSE,TRUE,FALSE,2,"X1_groups",1,0.977503683216089,0.00439976098166122,0.9,0.869664992134331,1.09333822889054
16,111,1.6e+08,160000111,FALSE,TRUE,FALSE,2,"X2_dist",1,0.981725657233094,0.0079014601298851,0.9,0.843827471130948,1.13911249846255
16,111,1.6e+08,160000111,FALSE,TRUE,FALSE,2,"X3_norm",1,0.875752832726832,0.00382705917846535,0.9,0.772938223959999,0.974998022424145
16,111,1.6e+08,160000111,FALSE,TRUE,FALSE,2,"X4_row",1,1.05690516855023,0.00645114437679711,0.9,0.941797998703943,1.19340721088474
16,112,1.6e+08,160000112,FALSE,FALSE,FALSE,0,"intercept",-1,-1.00992632533698,0.00679711995621499,0.9,-1.14359792117913,-0.880169449928819
16,112,1.6e+08,160000112,FALSE,FALSE,FALSE,0,"X1_groups",1,1.01409904122301,0.00289493632461295,0.9,0.928731076646078,1.10088582442924
16,112,1.6e+08,160000112,FALSE,FALSE,FALSE,0,"X2_dist",1,1.01464845203284,0.00505409340432869,0.9,0.902903089918629,1.12977062687188
16,112,1.6e+08,160000112,FALSE,FALSE,FALSE,0,"X3_norm",1,1.00190847501473,0.00323350776401908,0.9,0.904042938590554,1.08925477335721
16,112,1.6e+08,160000112,FALSE,FALSE,FALSE,0,"X4_row",1,0.929986162790699,0.00429603926164443,0.9,0.821704867810935,1.03500131289727
16,112,1.6e+08,160000112,FALSE,TRUE,FALSE,0,"intercept",-1,-0.595860797009019,0.00450133800286883,0.9,-0.708171753937991,-0.486158375504339
16,112,1.6e+08,160000112,FALSE,TRUE,FALSE,0,"X1_groups",1,0.630685021887027,0.00145350986446707,0.9,0.570117509598637,0.693232470022295
16,112,1.6e+08,160000112,FALSE,TRUE,FALSE,0,"X2_dist",1,0.617917014293344,0.00354073318677243,0.9,0.529725271294233,0.725235049301414
16,112,1.6e+08,160000112,FALSE,TRUE,FALSE,0,"X3_norm",1,0.646824004784165,0.00159809444897432,0.9,0.582681964894225,0.713334323597277
16,112,1.6e+08,160000112,FALSE,TRUE,FALSE,0,"X4_row",1,0.590825783907751,0.00250501924235702,0.9,0.510813499067193,0.671711959989964
16,112,1.6e+08,160000112,FALSE,FALSE,FALSE,1,"intercept",-1,-1.05430294822109,0.00747135583139638,0.9,-1.19820870193073,-0.910395132402163
16,112,1.6e+08,160000112,FALSE,FALSE,FALSE,1,"X1_groups",1,1.06186645367182,0.00317850128000756,0.9,0.971974166882931,1.15656633010076
16,112,1.6e+08,160000112,FALSE,FALSE,FALSE,1,"X2_dist",1,1.05533413851636,0.00615703521316235,0.9,0.934960214069363,1.18714823467254
16,112,1.6e+08,160000112,FALSE,FALSE,FALSE,1,"X3_norm",1,1.03940478997456,0.00389769482652312,0.9,0.935211804829483,1.14410592454298
16,112,1.6e+08,160000112,FALSE,FALSE,FALSE,1,"X4_row",1,0.970069581752052,0.00423245322214864,0.9,0.862236844925742,1.07403319027314
16,112,1.6e+08,160000112,FALSE,FALSE,FALSE,2,"intercept",-1,-1.10349278309243,0.00782662761685773,0.9,-1.25570289461701,-0.957454250138835
16,112,1.6e+08,160000112,FALSE,FALSE,FALSE,2,"X1_groups",1,1.09386603157061,0.0042013316350204,0.9,0.993326437767232,1.20048362395476
16,112,1.6e+08,160000112,FALSE,FALSE,FALSE,2,"X2_dist",1,1.10225400979485,0.00723133189136365,0.9,0.972618778544314,1.25415197203797
16,112,1.6e+08,160000112,FALSE,FALSE,FALSE,2,"X3_norm",1,1.07919493357511,0.00481217621241415,0.9,0.971181074627623,1.19798876903687
16,112,1.6e+08,160000112,FALSE,FALSE,FALSE,2,"X4_row",1,1.00125219784482,0.00522988826588976,0.9,0.888663120422669,1.1225492776336
16,112,1.6e+08,160000112,FALSE,TRUE,FALSE,1,"intercept",-1,-0.739334918393858,0.00549434861076826,0.9,-0.857767487712138,-0.619868882705534
16,112,1.6e+08,160000112,FALSE,TRUE,FALSE,1,"X1_groups",1,0.782671913965312,0.00234603556864914,0.9,0.704240415232443,0.861370949099254
16,112,1.6e+08,160000112,FALSE,TRUE,FALSE,1,"X2_dist",1,0.769957732953737,0.00444117136483341,0.9,0.670454799193854,0.888571520035228
16,112,1.6e+08,160000112,FALSE,TRUE,FALSE,1,"X3_norm",1,0.800856029765458,0.00237863458881473,0.9,0.720976244725545,0.882910587166043
16,112,1.6e+08,160000112,FALSE,TRUE,FALSE,1,"X4_row",1,0.77745902339658,0.00315422154714224,0.9,0.680525183435113,0.865028202525212
16,112,1.6e+08,160000112,FALSE,TRUE,FALSE,2,"intercept",-1,-0.961604571429111,0.010800664979519,0.9,-1.13289818466866,-0.801871873967427
16,112,1.6e+08,160000112,FALSE,TRUE,FALSE,2,"X1_groups",1,1.03590114885664,0.00565335983414004,0.9,0.911005469252341,1.16841211803591
16,112,1.6e+08,160000112,FALSE,TRUE,FALSE,2,"X2_dist",1,1.00782428505181,0.00950887423790422,0.9,0.845445941550297,1.1598461477398
16,112,1.6e+08,160000112,FALSE,TRUE,FALSE,2,"X3_norm",1,1.01117654908465,0.00520619174893105,0.9,0.891196094371937,1.13187166918801
16,112,1.6e+08,160000112,FALSE,TRUE,FALSE,2,"X4_row",1,0.992078502595393,0.00560209730259523,0.9,0.877122370564167,1.11083109821957
16,113,1.6e+08,160000113,FALSE,FALSE,FALSE,0,"intercept",-1,-0.990569000008725,0.00680576498784104,0.9,-1.1345037114013,-0.857885281604848
16,113,1.6e+08,160000113,FALSE,FALSE,FALSE,0,"X1_groups",1,1.00072443725506,0.00299330118091673,0.9,0.91172156988023,1.09406065358504
16,113,1.6e+08,160000113,FALSE,FALSE,FALSE,0,"X2_dist",1,0.988919300724942,0.00554926097687661,0.9,0.86922605272709,1.10213013759785
16,113,1.6e+08,160000113,FALSE,FALSE,FALSE,0,"X3_norm",1,0.947842772358668,0.00310232393778889,0.9,0.852525505229419,1.04112814506511
16,113,1.6e+08,160000113,FALSE,FALSE,FALSE,0,"X4_row",1,1.0149491082533,0.0044548607960274,0.9,0.904758349811871,1.12549525840863
16,113,1.6e+08,160000113,FALSE,TRUE,FALSE,0,"intercept",-1,-0.649411421077068,0.00446302201162837,0.9,-0.76859879365983,-0.545438541800555
16,113,1.6e+08,160000113,FALSE,TRUE,FALSE,0,"X1_groups",1,0.608145528345146,0.00154040504353492,0.9,0.545836506869154,0.668930596982604
16,113,1.6e+08,160000113,FALSE,TRUE,FALSE,0,"X2_dist",1,0.623107622704177,0.00331343471580423,0.9,0.532604976797143,0.71621375188847
16,113,1.6e+08,160000113,FALSE,TRUE,FALSE,0,"X3_norm",1,0.62802657333335,0.0015553517971619,0.9,0.560433798937161,0.693645106601941
16,113,1.6e+08,160000113,FALSE,TRUE,FALSE,0,"X4_row",1,0.608275258719596,0.00248147264051203,0.9,0.518603840804367,0.688005357759646
16,113,1.6e+08,160000113,FALSE,FALSE,FALSE,1,"intercept",-1,-1.02341075808899,0.00684585624168992,0.9,-1.15733599888872,-0.898809047568079
16,113,1.6e+08,160000113,FALSE,FALSE,FALSE,1,"X1_groups",1,1.03708948557954,0.00303323912737242,0.9,0.94993094410094,1.12273768675252
16,113,1.6e+08,160000113,FALSE,FALSE,FALSE,1,"X2_dist",1,1.01671368650519,0.00563070047580422,0.9,0.902471377342193,1.14689444874928
16,113,1.6e+08,160000113,FALSE,FALSE,FALSE,1,"X3_norm",1,0.976326193076766,0.00361422544573113,0.9,0.881287178051952,1.07387177482279
16,113,1.6e+08,160000113,FALSE,FALSE,FALSE,1,"X4_row",1,1.04700327115938,0.00446417558930642,0.9,0.936653712751957,1.16162567147327
16,113,1.6e+08,160000113,FALSE,FALSE,FALSE,2,"intercept",-1,-1.05758768166632,0.00757987924025581,0.9,-1.20860862923468,-0.912353603305724
16,113,1.6e+08,160000113,FALSE,FALSE,FALSE,2,"X1_groups",1,1.06211762095797,0.00390728041764013,0.9,0.966788498687731,1.16781337069044
16,113,1.6e+08,160000113,FALSE,FALSE,FALSE,2,"X2_dist",1,1.0493293726757,0.00711890928416101,0.9,0.912760518350404,1.19415930698832
16,113,1.6e+08,160000113,FALSE,FALSE,FALSE,2,"X3_norm",1,1.00438447124023,0.00409206212144547,0.9,0.903282516732893,1.1068937432951
16,113,1.6e+08,160000113,FALSE,FALSE,FALSE,2,"X4_row",1,1.07884237596052,0.00487257847679088,0.9,0.973047042295405,1.19575413996259
16,113,1.6e+08,160000113,FALSE,TRUE,FALSE,1,"intercept",-1,-0.826571392362697,0.00590199856401561,0.9,-0.948606187506491,-0.705801941586609
16,113,1.6e+08,160000113,FALSE,TRUE,FALSE,1,"X1_groups",1,0.800000959949416,0.00228461502523701,0.9,0.722317315257263,0.876172461825885
16,113,1.6e+08,160000113,FALSE,TRUE,FALSE,1,"X2_dist",1,0.803298273606287,0.00479971211367832,0.9,0.69859701056773,0.922007703889954
16,113,1.6e+08,160000113,FALSE,TRUE,FALSE,1,"X3_norm",1,0.80842362800276,0.00278175573042318,0.9,0.723357887507914,0.893888846300437
16,113,1.6e+08,160000113,FALSE,TRUE,FALSE,1,"X4_row",1,0.8347527866077,0.00378847294962317,0.9,0.732487136000269,0.937581543912694
16,113,1.6e+08,160000113,FALSE,TRUE,FALSE,2,"intercept",-1,-0.979908164726954,0.0097443100463311,0.9,-1.15218591978736,-0.836959211229413
16,113,1.6e+08,160000113,FALSE,TRUE,FALSE,2,"X1_groups",1,0.937729288396588,0.003989377465247,0.9,0.83400318711574,1.04981159755642
16,113,1.6e+08,160000113,FALSE,TRUE,FALSE,2,"X2_dist",1,0.955093228712978,0.0087963016246141,0.9,0.809819138111851,1.10869079365986
16,113,1.6e+08,160000113,FALSE,TRUE,FALSE,2,"X3_norm",1,0.959319025823021,0.00447347150211469,0.9,0.843907065926891,1.06169294513004
16,113,1.6e+08,160000113,FALSE,TRUE,FALSE,2,"X4_row",1,0.995582382498051,0.00511024314862395,0.9,0.88279051312626,1.1095368836037
16,114,1.6e+08,160000114,FALSE,FALSE,FALSE,0,"intercept",-1,-0.998661860040696,0.00737738920837039,0.9,-1.13800868095716,-0.86243857264187
16,114,1.6e+08,160000114,FALSE,FALSE,FALSE,0,"X1_groups",1,0.942881779898356,0.00294129597056957,0.9,0.854841637844798,1.03395765516346
16,114,1.6e+08,160000114,FALSE,FALSE,FALSE,0,"X2_dist",1,1.02897899674996,0.00573522450573295,0.9,0.909587325404633,1.15007967435892
16,114,1.6e+08,160000114,FALSE,FALSE,FALSE,0,"X3_norm",1,1.01575371534163,0.00359856735543765,0.9,0.925535813682104,1.1165959494166
16,114,1.6e+08,160000114,FALSE,FALSE,FALSE,0,"X4_row",1,1.06883331835031,0.00485963129729242,0.9,0.948812359933959,1.17677056284799
16,114,1.6e+08,160000114,FALSE,TRUE,FALSE,0,"intercept",-1,-0.640865647415317,0.00429990303741943,0.9,-0.749607126808678,-0.540577774660944
16,114,1.6e+08,160000114,FALSE,TRUE,FALSE,0,"X1_groups",1,0.555137211415008,0.00144795377759656,0.9,0.491540355294514,0.616641787991492
16,114,1.6e+08,160000114,FALSE,TRUE,FALSE,0,"X2_dist",1,0.625294894650148,0.00320309851268467,0.9,0.533747539861322,0.719713419048589
16,114,1.6e+08,160000114,FALSE,TRUE,FALSE,0,"X3_norm",1,0.631513038475094,0.00164675353918591,0.9,0.564520399450541,0.697725534989857
16,114,1.6e+08,160000114,FALSE,TRUE,FALSE,0,"X4_row",1,0.567156633491682,0.00221880798398852,0.9,0.493779084741903,0.650302957568938
16,114,1.6e+08,160000114,FALSE,FALSE,FALSE,1,"intercept",-1,-1.05909424302618,0.0082705787318707,0.9,-1.2090824921889,-0.915206187930305
16,114,1.6e+08,160000114,FALSE,FALSE,FALSE,1,"X1_groups",1,0.998170412870694,0.00363094295815135,0.9,0.899034931494316,1.10757076610213
16,114,1.6e+08,160000114,FALSE,FALSE,FALSE,1,"X2_dist",1,1.08390559878194,0.00661294637953419,0.9,0.967184202748363,1.21440082286172
16,114,1.6e+08,160000114,FALSE,FALSE,FALSE,1,"X3_norm",1,1.07399376443598,0.00468754304389444,0.9,0.968881315205248,1.19174924346528
16,114,1.6e+08,160000114,FALSE,FALSE,FALSE,1,"X4_row",1,1.12584583822607,0.00565444264022984,0.9,1.00885176846823,1.25667744873955
16,114,1.6e+08,160000114,FALSE,FALSE,FALSE,2,"intercept",-1,-1.10055463160605,0.00850037231776168,0.9,-1.25890499295078,-0.945941175543609
16,114,1.6e+08,160000114,FALSE,FALSE,FALSE,2,"X1_groups",1,1.02547768038325,0.00428043063289216,0.9,0.922120542563175,1.13118176218774
16,114,1.6e+08,160000114,FALSE,FALSE,FALSE,2,"X2_dist",1,1.12344638301468,0.00740258185004436,0.9,0.977612192194304,1.26896797651382
16,114,1.6e+08,160000114,FALSE,FALSE,FALSE,2,"X3_norm",1,1.10751819556111,0.00483152957821419,0.9,0.995943884418242,1.22140402984237
16,114,1.6e+08,160000114,FALSE,FALSE,FALSE,2,"X4_row",1,1.16065975761894,0.00556774330892106,0.9,1.04329494973225,1.28976336834726
16,114,1.6e+08,160000114,FALSE,TRUE,FALSE,1,"intercept",-1,-0.783338832313642,0.00485947843075795,0.9,-0.893976921646153,-0.662820030582475
16,114,1.6e+08,160000114,FALSE,TRUE,FALSE,1,"X1_groups",1,0.684870801445076,0.00219633514835499,0.9,0.608979466410727,0.758355371347275
16,114,1.6e+08,160000114,FALSE,TRUE,FALSE,1,"X2_dist",1,0.755491498471675,0.00402221821819501,0.9,0.655895726337776,0.860791041337222
16,114,1.6e+08,160000114,FALSE,TRUE,FALSE,1,"X3_norm",1,0.777743420243389,0.00254870245645866,0.9,0.69286525607991,0.862605739153894
16,114,1.6e+08,160000114,FALSE,TRUE,FALSE,1,"X4_row",1,0.710070562771779,0.00305137545316762,0.9,0.621279669740807,0.801347053595033
16,114,1.6e+08,160000114,FALSE,TRUE,FALSE,2,"intercept",-1,-0.985481063409755,0.0091546649092231,0.9,-1.15863792196966,-0.825956681186992
16,114,1.6e+08,160000114,FALSE,TRUE,FALSE,2,"X1_groups",1,0.865757520427972,0.00403202590622715,0.9,0.762558353710278,0.968040950387542
16,114,1.6e+08,160000114,FALSE,TRUE,FALSE,2,"X2_dist",1,0.982637274738728,0.00797017217150963,0.9,0.845974518725586,1.13234228363701
16,114,1.6e+08,160000114,FALSE,TRUE,FALSE,2,"X3_norm",1,1.01946257522974,0.00462911543555391,0.9,0.912708364957713,1.13211599681029
16,114,1.6e+08,160000114,FALSE,TRUE,FALSE,2,"X4_row",1,0.947213326483115,0.00532390335238484,0.9,0.829814964149314,1.07408838025663
16,115,1.6e+08,160000115,FALSE,FALSE,FALSE,0,"intercept",-1,-0.887389792228454,0.00715478346558718,0.9,-1.02945385595374,-0.760893480436223
16,115,1.6e+08,160000115,FALSE,FALSE,FALSE,0,"X1_groups",1,1.01211622363862,0.00326557781957642,0.9,0.91836682187513,1.10510913202351
16,115,1.6e+08,160000115,FALSE,FALSE,FALSE,0,"X2_dist",1,0.924170968750601,0.00576875578185865,0.9,0.799294684005399,1.04906570417905
16,115,1.6e+08,160000115,FALSE,FALSE,FALSE,0,"X3_norm",1,1.03671026284286,0.00395944943088818,0.9,0.940584110934385,1.13911194733656
16,115,1.6e+08,160000115,FALSE,FALSE,FALSE,0,"X4_row",1,1.05162663372897,0.00444073774915012,0.9,0.94595672139595,1.16017601766435
16,115,1.6e+08,160000115,FALSE,TRUE,FALSE,0,"intercept",-1,-0.597590040674352,0.00460456970559891,0.9,-0.705661794704392,-0.493182733585284
16,115,1.6e+08,160000115,FALSE,TRUE,FALSE,0,"X1_groups",1,0.646530384656645,0.00153662474728534,0.9,0.581752334880554,0.711064551484883
16,115,1.6e+08,160000115,FALSE,TRUE,FALSE,0,"X2_dist",1,0.610695752246715,0.00339100358293033,0.9,0.51891018895076,0.706695786412416
16,115,1.6e+08,160000115,FALSE,TRUE,FALSE,0,"X3_norm",1,0.662115964571114,0.00163536872324819,0.9,0.599556504322238,0.729234826256114
16,115,1.6e+08,160000115,FALSE,TRUE,FALSE,0,"X4_row",1,0.591358466880918,0.00234094207659943,0.9,0.504334613777383,0.668442002939773
16,115,1.6e+08,160000115,FALSE,FALSE,FALSE,1,"intercept",-1,-0.918040266085586,0.00705111028275801,0.9,-1.0479143160308,-0.79151694867757
16,115,1.6e+08,160000115,FALSE,FALSE,FALSE,1,"X1_groups",1,1.04776218216691,0.00351834073863335,0.9,0.957710307387095,1.14286451321772
16,115,1.6e+08,160000115,FALSE,FALSE,FALSE,1,"X2_dist",1,0.948634990759303,0.00564940957862047,0.9,0.8335153391361,1.07672090714789
16,115,1.6e+08,160000115,FALSE,FALSE,FALSE,1,"X3_norm",1,1.06782055655954,0.00401052930972066,0.9,0.966942347886597,1.17510929297707
16,115,1.6e+08,160000115,FALSE,FALSE,FALSE,1,"X4_row",1,1.08766395000419,0.00458630449960274,0.9,0.981163936910862,1.19899354259839
16,115,1.6e+08,160000115,FALSE,FALSE,FALSE,2,"intercept",-1,-0.952735608733796,0.00806146963287712,0.9,-1.1061887187407,-0.81370648311043
16,115,1.6e+08,160000115,FALSE,FALSE,FALSE,2,"X1_groups",1,1.0742742797535,0.00402123770542786,0.9,0.967490280848806,1.17986791156422
16,115,1.6e+08,160000115,FALSE,FALSE,FALSE,2,"X2_dist",1,0.978856528968355,0.00653609338477918,0.9,0.847053650399608,1.11329874590094
16,115,1.6e+08,160000115,FALSE,FALSE,FALSE,2,"X3_norm",1,1.10013627027483,0.00428100820661948,0.9,0.992115352122323,1.21216296314503
16,115,1.6e+08,160000115,FALSE,FALSE,FALSE,2,"X4_row",1,1.11996994281515,0.00525242088993644,0.9,1.01113901513699,1.2532459370778
16,115,1.6e+08,160000115,FALSE,TRUE,FALSE,1,"intercept",-1,-0.770122387462385,0.0059195591217381,0.9,-0.900199347098109,-0.65468113288798
16,115,1.6e+08,160000115,FALSE,TRUE,FALSE,1,"X1_groups",1,0.839406355313865,0.00250527013215902,0.9,0.762085911669018,0.921289951824553
16,115,1.6e+08,160000115,FALSE,TRUE,FALSE,1,"X2_dist",1,0.787136390085366,0.00494929363989739,0.9,0.678233392323798,0.907306781291239
16,115,1.6e+08,160000115,FALSE,TRUE,FALSE,1,"X3_norm",1,0.847219576879421,0.00293814941858103,0.9,0.758822841052915,0.942852621133524
16,115,1.6e+08,160000115,FALSE,TRUE,FALSE,1,"X4_row",1,0.775818403879543,0.0031616934045593,0.9,0.683832214859703,0.8729559101114
16,115,1.6e+08,160000115,FALSE,TRUE,FALSE,2,"intercept",-1,-0.914054938753668,0.00961326957938469,0.9,-1.07188067951021,-0.754530319478894
16,115,1.6e+08,160000115,FALSE,TRUE,FALSE,2,"X1_groups",1,1.01815629909352,0.00493843569524079,0.9,0.905197002025149,1.13787773106069
16,115,1.6e+08,160000115,FALSE,TRUE,FALSE,2,"X2_dist",1,0.953308094797841,0.00822329363662909,0.9,0.810357917266587,1.11655187403989
16,115,1.6e+08,160000115,FALSE,TRUE,FALSE,2,"X3_norm",1,1.03074548875369,0.00487880998273306,0.9,0.920894197324411,1.15432987500257
16,115,1.6e+08,160000115,FALSE,TRUE,FALSE,2,"X4_row",1,0.961577989456595,0.00527616231734506,0.9,0.85555538902606,1.08372080644401
16,116,1.6e+08,160000116,FALSE,FALSE,FALSE,0,"intercept",-1,-1.13876606273337,0.00789186349597827,0.9,-1.2846196668207,-0.992613922920984
16,116,1.6e+08,160000116,FALSE,FALSE,FALSE,0,"X1_groups",1,1.02536069955871,0.00326059129364563,0.9,0.931792836135882,1.12379484137502
16,116,1.6e+08,160000116,FALSE,FALSE,FALSE,0,"X2_dist",1,1.08064322549523,0.00581256107481834,0.9,0.946645859035641,1.20094379594722
16,116,1.6e+08,160000116,FALSE,FALSE,FALSE,0,"X3_norm",1,1.00595327097833,0.00327147041612114,0.9,0.920038721859542,1.10127508458156
16,116,1.6e+08,160000116,FALSE,FALSE,FALSE,0,"X4_row",1,0.979863084201164,0.00452900243184894,0.9,0.859346946748695,1.0874286680952
16,116,1.6e+08,160000116,FALSE,TRUE,FALSE,0,"intercept",-1,-0.74169396011836,0.00481422934167974,0.9,-0.860373621376104,-0.635522265715391
16,116,1.6e+08,160000116,FALSE,TRUE,FALSE,0,"X1_groups",1,0.638845161769044,0.00166784098228374,0.9,0.577189824001287,0.708317989024093
16,116,1.6e+08,160000116,FALSE,TRUE,FALSE,0,"X2_dist",1,0.724339719300815,0.00356558832267483,0.9,0.623404150800237,0.819673124043037
16,116,1.6e+08,160000116,FALSE,TRUE,FALSE,0,"X3_norm",1,0.62271244584805,0.00173450972382531,0.9,0.556969190913473,0.690302264999017
16,116,1.6e+08,160000116,FALSE,TRUE,FALSE,0,"X4_row",1,0.56165937696248,0.00230527743833027,0.9,0.483683314722486,0.632144914852988
16,116,1.6e+08,160000116,FALSE,FALSE,FALSE,1,"intercept",-1,-1.18263117615667,0.00809910222379244,0.9,-1.32659454567812,-1.03991000651277
16,116,1.6e+08,160000116,FALSE,FALSE,FALSE,1,"X1_groups",1,1.076497677721,0.00412545181721633,0.9,0.975995849743881,1.19192888936538
16,116,1.6e+08,160000116,FALSE,FALSE,FALSE,1,"X2_dist",1,1.1173771338343,0.00666744741314963,0.9,0.99353380656678,1.26326938534101
16,116,1.6e+08,160000116,FALSE,FALSE,FALSE,1,"X3_norm",1,1.04485588996279,0.00414032072007982,0.9,0.936027781540911,1.14584099560837
16,116,1.6e+08,160000116,FALSE,FALSE,FALSE,1,"X4_row",1,1.02321402256981,0.00485263869965204,0.9,0.90308129398656,1.13019500033802
16,116,1.6e+08,160000116,FALSE,FALSE,FALSE,2,"intercept",-1,-1.23145852297107,0.00971640588131816,0.9,-1.39286871433904,-1.08359422892647
16,116,1.6e+08,160000116,FALSE,FALSE,FALSE,2,"X1_groups",1,1.11508350525744,0.00525007779027746,0.9,1.00371327204873,1.24361987402081
16,116,1.6e+08,160000116,FALSE,FALSE,FALSE,2,"X2_dist",1,1.16048353309353,0.00813661747929819,0.9,1.02384100567916,1.31939561117328
16,116,1.6e+08,160000116,FALSE,FALSE,FALSE,2,"X3_norm",1,1.08722720289336,0.00532183129857448,0.9,0.967901110013423,1.20402652318585
16,116,1.6e+08,160000116,FALSE,FALSE,FALSE,2,"X4_row",1,1.06506592077723,0.00577309353371851,0.9,0.941536753054904,1.19541301924175
16,116,1.6e+08,160000116,FALSE,TRUE,FALSE,1,"intercept",-1,-0.897499205971407,0.00614526567878422,0.9,-1.02343357781462,-0.769718489861782
16,116,1.6e+08,160000116,FALSE,TRUE,FALSE,1,"X1_groups",1,0.79534235604531,0.00232893277650135,0.9,0.718136136231828,0.873795110592102
16,116,1.6e+08,160000116,FALSE,TRUE,FALSE,1,"X2_dist",1,0.878844874772941,0.00508510273803595,0.9,0.76447516678338,1.00556860432775
16,116,1.6e+08,160000116,FALSE,TRUE,FALSE,1,"X3_norm",1,0.78390120623567,0.00264431088594213,0.9,0.709746877548938,0.872400618294406
16,116,1.6e+08,160000116,FALSE,TRUE,FALSE,1,"X4_row",1,0.718908540903383,0.00329725594879517,0.9,0.623978736990629,0.817660343968703
16,116,1.6e+08,160000116,FALSE,TRUE,FALSE,2,"intercept",-1,-1.16975014127229,0.0109890292183327,0.9,-1.35174023143757,-1.01030475435592
16,116,1.6e+08,160000116,FALSE,TRUE,FALSE,2,"X1_groups",1,1.06447774039046,0.00545551037381445,0.9,0.951796681805896,1.18480932653784
16,116,1.6e+08,160000116,FALSE,TRUE,FALSE,2,"X2_dist",1,1.17514698391721,0.00986138150544824,0.9,1.01509435156445,1.33720735160226
16,116,1.6e+08,160000116,FALSE,TRUE,FALSE,2,"X3_norm",1,1.06320234049115,0.00483895244720698,0.9,0.946522222832703,1.17744425198717
16,116,1.6e+08,160000116,FALSE,TRUE,FALSE,2,"X4_row",1,1.00209498590515,0.00605276987821717,0.9,0.890910930701602,1.13961746978347
16,117,1.6e+08,160000117,FALSE,FALSE,FALSE,0,"intercept",-1,-1.08347561072593,0.00738465127888437,0.9,-1.22272059668337,-0.943081593971606
16,117,1.6e+08,160000117,FALSE,FALSE,FALSE,0,"X1_groups",1,1.06218042629338,0.00323270747431881,0.9,0.972782098312194,1.15745636309172
16,117,1.6e+08,160000117,FALSE,FALSE,FALSE,0,"X2_dist",1,1.01137074815098,0.0056895583756224,0.9,0.886852412731146,1.13195855912183
16,117,1.6e+08,160000117,FALSE,FALSE,FALSE,0,"X3_norm",1,1.09191968689075,0.00352429039508424,0.9,0.997237046500721,1.18511641538486
16,117,1.6e+08,160000117,FALSE,FALSE,FALSE,0,"X4_row",1,1.00371972704646,0.00479535812864277,0.9,0.89435253325471,1.10960072560618
16,117,1.6e+08,160000117,FALSE,TRUE,FALSE,0,"intercept",-1,-0.69085819814673,0.00463251010725894,0.9,-0.814004034052542,-0.576729157033005
16,117,1.6e+08,160000117,FALSE,TRUE,FALSE,0,"X1_groups",1,0.617038909242038,0.00140580891371513,0.9,0.557785437014684,0.680039029207648
16,117,1.6e+08,160000117,FALSE,TRUE,FALSE,0,"X2_dist",1,0.649334414971015,0.00351697198967584,0.9,0.557693074567483,0.744065723258437
16,117,1.6e+08,160000117,FALSE,TRUE,FALSE,0,"X3_norm",1,0.626796576501755,0.00160768688910251,0.9,0.564648358448114,0.695690506819703
16,117,1.6e+08,160000117,FALSE,TRUE,FALSE,0,"X4_row",1,0.53371456907027,0.00219916620220645,0.9,0.457424514523898,0.612086598592818
16,117,1.6e+08,160000117,FALSE,FALSE,FALSE,1,"intercept",-1,-1.1249830653119,0.00796831347217794,0.9,-1.27033221760792,-0.988039447944751
16,117,1.6e+08,160000117,FALSE,FALSE,FALSE,1,"X1_groups",1,1.10511282290234,0.00352953941699762,0.9,1.0040825377087,1.20269699650319
16,117,1.6e+08,160000117,FALSE,FALSE,FALSE,1,"X2_dist",1,1.04726400582802,0.00649409082888646,0.9,0.9249394664304,1.18594557680776
16,117,1.6e+08,160000117,FALSE,FALSE,FALSE,1,"X3_norm",1,1.12929800261333,0.00400635105142336,0.9,1.02710736362596,1.23226745846034
16,117,1.6e+08,160000117,FALSE,FALSE,FALSE,1,"X4_row",1,1.04441475045228,0.00498125745141778,0.9,0.935897283170116,1.16245003730062
16,117,1.6e+08,160000117,FALSE,FALSE,FALSE,2,"intercept",-1,-1.16515463405789,0.00843083185607323,0.9,-1.32003594198027,-1.01981766263575
16,117,1.6e+08,160000117,FALSE,FALSE,FALSE,2,"X1_groups",1,1.13692569970098,0.0047876430102472,0.9,1.03123599547474,1.24993048071505
16,117,1.6e+08,160000117,FALSE,FALSE,FALSE,2,"X2_dist",1,1.08499718789881,0.00782082626656537,0.9,0.951896442158345,1.23505893666441
16,117,1.6e+08,160000117,FALSE,FALSE,FALSE,2,"X3_norm",1,1.15897439285176,0.0048300770190055,0.9,1.04497579764345,1.26614759956334
16,117,1.6e+08,160000117,FALSE,FALSE,FALSE,2,"X4_row",1,1.07893920015996,0.00575927467310189,0.9,0.959701133211908,1.21641083593802
16,117,1.6e+08,160000117,FALSE,TRUE,FALSE,1,"intercept",-1,-0.878665183380831,0.00633608901311012,0.9,-1.00286385603998,-0.736918813444952
16,117,1.6e+08,160000117,FALSE,TRUE,FALSE,1,"X1_groups",1,0.784697538054336,0.00209628116541423,0.9,0.714287097786867,0.856026443938877
16,117,1.6e+08,160000117,FALSE,TRUE,FALSE,1,"X2_dist",1,0.824582878389153,0.0049621821208794,0.9,0.706266074554691,0.926070895078119
16,117,1.6e+08,160000117,FALSE,TRUE,FALSE,1,"X3_norm",1,0.782166018052538,0.00265210512266428,0.9,0.699687803060803,0.869986129159029
16,117,1.6e+08,160000117,FALSE,TRUE,FALSE,1,"X4_row",1,0.681966071780404,0.00316250727300375,0.9,0.584261633786385,0.776464302505038
16,117,1.6e+08,160000117,FALSE,TRUE,FALSE,2,"intercept",-1,-1.10407367416118,0.0102322324859896,0.9,-1.28264067510626,-0.941880194304006
16,117,1.6e+08,160000117,FALSE,TRUE,FALSE,2,"X1_groups",1,0.990153086939953,0.00453166121692904,0.9,0.886154007457823,1.10655577449295
16,117,1.6e+08,160000117,FALSE,TRUE,FALSE,2,"X2_dist",1,1.03652116297107,0.00840780533819984,0.9,0.903101368402593,1.19871143443507
16,117,1.6e+08,160000117,FALSE,TRUE,FALSE,2,"X3_norm",1,0.975848881032935,0.00463539910997215,0.9,0.867571312374713,1.08702644335522
16,117,1.6e+08,160000117,FALSE,TRUE,FALSE,2,"X4_row",1,0.849269723049099,0.00452340200319812,0.9,0.744976596848436,0.956884554712861
16,118,1.6e+08,160000118,FALSE,FALSE,FALSE,0,"intercept",-1,-1.1711282631479,0.00839888401402297,0.9,-1.32687951518774,-1.02993928231519
16,118,1.6e+08,160000118,FALSE,FALSE,FALSE,0,"X1_groups",1,1.03629131463445,0.0032743762096641,0.9,0.945778036472141,1.1325758379786
16,118,1.6e+08,160000118,FALSE,FALSE,FALSE,0,"X2_dist",1,1.17115372096029,0.00669545887087618,0.9,1.04830322641594,1.30166862384838
16,118,1.6e+08,160000118,FALSE,FALSE,FALSE,0,"X3_norm",1,1.00491469072541,0.00348768451318156,0.9,0.910688654375483,1.10062529664776
16,118,1.6e+08,160000118,FALSE,FALSE,FALSE,0,"X4_row",1,1.04886140893282,0.0042734794017648,0.9,0.939647163485895,1.15895910957905
16,118,1.6e+08,160000118,FALSE,TRUE,FALSE,0,"intercept",-1,-0.696303859096062,0.00465468064843936,0.9,-0.809045131989091,-0.583424435514536
16,118,1.6e+08,160000118,FALSE,TRUE,FALSE,0,"X1_groups",1,0.614506171983262,0.00166577429600945,0.9,0.553214369403565,0.682555650736496
16,118,1.6e+08,160000118,FALSE,TRUE,FALSE,0,"X2_dist",1,0.636650176654527,0.00323954356577288,0.9,0.546249434689702,0.735160049879943
16,118,1.6e+08,160000118,FALSE,TRUE,FALSE,0,"X3_norm",1,0.638402760329352,0.00182062700029237,0.9,0.571395076615496,0.709360711109163
16,118,1.6e+08,160000118,FALSE,TRUE,FALSE,0,"X4_row",1,0.619186597829239,0.00245413563430286,0.9,0.537330268311791,0.696375802081806
16,118,1.6e+08,160000118,FALSE,FALSE,FALSE,1,"intercept",-1,-1.21914210398342,0.00794243883463764,0.9,-1.35211352185409,-1.07424261029394
16,118,1.6e+08,160000118,FALSE,FALSE,FALSE,1,"X1_groups",1,1.07498056499542,0.00355165325657254,0.9,0.97512011299878,1.16982584100643
16,118,1.6e+08,160000118,FALSE,FALSE,FALSE,1,"X2_dist",1,1.21033741244711,0.00658928811928559,0.9,1.07448989884336,1.34051316578449
16,118,1.6e+08,160000118,FALSE,FALSE,FALSE,1,"X3_norm",1,1.04249126935655,0.00388522848323239,0.9,0.945212425125754,1.14051571187768
16,118,1.6e+08,160000118,FALSE,FALSE,FALSE,1,"X4_row",1,1.08102042944931,0.00495413579281096,0.9,0.970311949092387,1.20918027090352
16,118,1.6e+08,160000118,FALSE,FALSE,FALSE,2,"intercept",-1,-1.26035661250852,0.00986347755393169,0.9,-1.43001445740311,-1.10167609709717
16,118,1.6e+08,160000118,FALSE,FALSE,FALSE,2,"X1_groups",1,1.09957990398362,0.00409273336252432,0.9,0.997032471812078,1.20912585353366
16,118,1.6e+08,160000118,FALSE,FALSE,FALSE,2,"X2_dist",1,1.24905113034206,0.00848100734749761,0.9,1.09442406402521,1.41291375356536
16,118,1.6e+08,160000118,FALSE,FALSE,FALSE,2,"X3_norm",1,1.06752867198473,0.00457586297513515,0.9,0.95820252918894,1.17405616410942
16,118,1.6e+08,160000118,FALSE,FALSE,FALSE,2,"X4_row",1,1.11460328640974,0.00527191449778889,0.9,1.00572223717186,1.23012843981293
16,118,1.6e+08,160000118,FALSE,TRUE,FALSE,1,"intercept",-1,-0.884838615735853,0.00626694290661358,0.9,-1.01918389182869,-0.766061622665447
16,118,1.6e+08,160000118,FALSE,TRUE,FALSE,1,"X1_groups",1,0.791911849741766,0.00268987223246968,0.9,0.704428282676018,0.87124850202257
16,118,1.6e+08,160000118,FALSE,TRUE,FALSE,1,"X2_dist",1,0.824257839802079,0.00467623585110773,0.9,0.721488259217735,0.936804388371573
16,118,1.6e+08,160000118,FALSE,TRUE,FALSE,1,"X3_norm",1,0.823289761251996,0.00260253944739707,0.9,0.737268396599645,0.910348288380032
16,118,1.6e+08,160000118,FALSE,TRUE,FALSE,1,"X4_row",1,0.810187231769014,0.00359715660892005,0.9,0.713125003395521,0.908397139349831
16,118,1.6e+08,160000118,FALSE,TRUE,FALSE,2,"intercept",-1,-1.08401675298452,0.0107082348886295,0.9,-1.2501902489708,-0.924817629891975
16,118,1.6e+08,160000118,FALSE,TRUE,FALSE,2,"X1_groups",1,0.994635301754859,0.00475488980618387,0.9,0.883677670208332,1.10832850768
16,118,1.6e+08,160000118,FALSE,TRUE,FALSE,2,"X2_dist",1,1.00419146351746,0.00874086613882944,0.9,0.860893619494015,1.16276417898176
16,118,1.6e+08,160000118,FALSE,TRUE,FALSE,2,"X3_norm",1,1.00989267488777,0.00457627095182724,0.9,0.903219948689118,1.11811804874917
16,118,1.6e+08,160000118,FALSE,TRUE,FALSE,2,"X4_row",1,0.985022035922201,0.00528573824712571,0.9,0.86566162460496,1.10648920646148
16,119,1.6e+08,160000119,FALSE,FALSE,FALSE,0,"intercept",-1,-1.13039080069667,0.00847053390319082,0.9,-1.277250130466,-0.994906528225623
16,119,1.6e+08,160000119,FALSE,FALSE,FALSE,0,"X1_groups",1,1.16210262132288,0.00362266243634861,0.9,1.06427246213204,1.2617956149157
16,119,1.6e+08,160000119,FALSE,FALSE,FALSE,0,"X2_dist",1,1.22289823331268,0.00736225808198793,0.9,1.08409300643378,1.36035838100928
16,119,1.6e+08,160000119,FALSE,FALSE,FALSE,0,"X3_norm",1,1.06556457699894,0.00415483266887566,0.9,0.955374913724489,1.17008498909143
16,119,1.6e+08,160000119,FALSE,FALSE,FALSE,0,"X4_row",1,1.12318372207963,0.005165227936651,0.9,1.00607756958761,1.24310640341141
16,119,1.6e+08,160000119,FALSE,TRUE,FALSE,0,"intercept",-1,-0.618527163675315,0.00453032413658638,0.9,-0.728595700699728,-0.512639134361728
16,119,1.6e+08,160000119,FALSE,TRUE,FALSE,0,"X1_groups",1,0.615137899725585,0.00153712769820683,0.9,0.552283687469309,0.685370408198629
16,119,1.6e+08,160000119,FALSE,TRUE,FALSE,0,"X2_dist",1,0.610841131657479,0.00342153412453957,0.9,0.514087881146973,0.711727223851653
16,119,1.6e+08,160000119,FALSE,TRUE,FALSE,0,"X3_norm",1,0.60083681922636,0.00176926460523135,0.9,0.533442896800752,0.663011550870283
16,119,1.6e+08,160000119,FALSE,TRUE,FALSE,0,"X4_row",1,0.60506848771045,0.00232299687097887,0.9,0.52281507360143,0.686815650143651
16,119,1.6e+08,160000119,FALSE,FALSE,FALSE,1,"intercept",-1,-1.16747177014564,0.00777912602025665,0.9,-1.31735508483321,-1.03653849068876
16,119,1.6e+08,160000119,FALSE,FALSE,FALSE,1,"X1_groups",1,1.20522659756693,0.00440898448223104,0.9,1.0970648802378,1.32090737298653
16,119,1.6e+08,160000119,FALSE,FALSE,FALSE,1,"X2_dist",1,1.25818266194822,0.00706616314640555,0.9,1.12585433715844,1.40352874552459
16,119,1.6e+08,160000119,FALSE,FALSE,FALSE,1,"X3_norm",1,1.09777226100143,0.0047021271527564,0.9,0.99441288909042,1.21673530497504
16,119,1.6e+08,160000119,FALSE,FALSE,FALSE,1,"X4_row",1,1.16618471529441,0.0051240521872286,0.9,1.05757338072134,1.28248501741432
16,119,1.6e+08,160000119,FALSE,FALSE,FALSE,2,"intercept",-1,-1.21754120899209,0.0105456014516632,0.9,-1.37780735287831,-1.05404236360307
16,119,1.6e+08,160000119,FALSE,FALSE,FALSE,2,"X1_groups",1,1.25435570971427,0.00603060796245866,0.9,1.13310032592431,1.38578209226572
16,119,1.6e+08,160000119,FALSE,FALSE,FALSE,2,"X2_dist",1,1.30894584144775,0.00971394819337487,0.9,1.15308052679624,1.47126135599174
16,119,1.6e+08,160000119,FALSE,FALSE,FALSE,2,"X3_norm",1,1.14224818367305,0.00531764059340105,0.9,1.01922731354534,1.2648554866231
16,119,1.6e+08,160000119,FALSE,FALSE,FALSE,2,"X4_row",1,1.21552864812156,0.00721296440747657,0.9,1.08661273663168,1.36502958425001
16,119,1.6e+08,160000119,FALSE,TRUE,FALSE,1,"intercept",-1,-0.802722783953817,0.0060264839082026,0.9,-0.930703561594193,-0.671585301784438
16,119,1.6e+08,160000119,FALSE,TRUE,FALSE,1,"X1_groups",1,0.797363536319217,0.0025618950272254,0.9,0.716017454411801,0.877938532635425
16,119,1.6e+08,160000119,FALSE,TRUE,FALSE,1,"X2_dist",1,0.794212017319335,0.00467857834877319,0.9,0.681309994908273,0.910475939426385
16,119,1.6e+08,160000119,FALSE,TRUE,FALSE,1,"X3_norm",1,0.775292228529927,0.00289725215964673,0.9,0.691144930399153,0.864526689266698
16,119,1.6e+08,160000119,FALSE,TRUE,FALSE,1,"X4_row",1,0.789045478407941,0.00331836408685348,0.9,0.684041290823632,0.875706633493893
16,119,1.6e+08,160000119,FALSE,TRUE,FALSE,2,"intercept",-1,-0.995828191857447,0.00964839607940843,0.9,-1.15466168216979,-0.83893039474255
16,119,1.6e+08,160000119,FALSE,TRUE,FALSE,2,"X1_groups",1,0.985126370831452,0.0041038661093296,0.9,0.883163759300987,1.09380400583024
16,119,1.6e+08,160000119,FALSE,TRUE,FALSE,2,"X2_dist",1,0.985509010353537,0.00786465033732093,0.9,0.846600902131217,1.13835588112952
16,119,1.6e+08,160000119,FALSE,TRUE,FALSE,2,"X3_norm",1,0.957047081329019,0.00443529155295431,0.9,0.85551468385338,1.07195705254857
16,119,1.6e+08,160000119,FALSE,TRUE,FALSE,2,"X4_row",1,0.998070950484609,0.00516650326343355,0.9,0.875551085737095,1.10918334980932
16,120,1.6e+08,160000120,FALSE,FALSE,FALSE,0,"intercept",-1,-1.10805697193617,0.00769866299187886,0.9,-1.25820682277562,-0.964641431457944
16,120,1.6e+08,160000120,FALSE,FALSE,FALSE,0,"X1_groups",1,0.99304173591392,0.00289608772671395,0.9,0.906016520801619,1.08391771179311
16,120,1.6e+08,160000120,FALSE,FALSE,FALSE,0,"X2_dist",1,1.05724040332699,0.00604272687629245,0.9,0.931408311867505,1.18883648446085
16,120,1.6e+08,160000120,FALSE,FALSE,FALSE,0,"X3_norm",1,0.98659851495413,0.00330295977613281,0.9,0.893563238101636,1.08699441236544
16,120,1.6e+08,160000120,FALSE,FALSE,FALSE,0,"X4_row",1,1.02052307014646,0.00455277059136545,0.9,0.909352655753894,1.12516774347531
16,120,1.6e+08,160000120,FALSE,TRUE,FALSE,0,"intercept",-1,-0.698715510762217,0.00467937408527604,0.9,-0.812262326321011,-0.587304997370696
16,120,1.6e+08,160000120,FALSE,TRUE,FALSE,0,"X1_groups",1,0.562028823739219,0.00148906801704565,0.9,0.49711002573922,0.623797278404661
16,120,1.6e+08,160000120,FALSE,TRUE,FALSE,0,"X2_dist",1,0.636716788013993,0.0034424613950831,0.9,0.540241742492703,0.728029455372882
16,120,1.6e+08,160000120,FALSE,TRUE,FALSE,0,"X3_norm",1,0.616576570312841,0.0016494972978366,0.9,0.555118990282678,0.682024750491156
16,120,1.6e+08,160000120,FALSE,TRUE,FALSE,0,"X4_row",1,0.617135766493718,0.00224445177781963,0.9,0.534694820315336,0.694172634339882
16,120,1.6e+08,160000120,FALSE,FALSE,FALSE,1,"intercept",-1,-1.15306824769408,0.00782921237504321,0.9,-1.29876110816291,-1.0023449000508
16,120,1.6e+08,160000120,FALSE,FALSE,FALSE,1,"X1_groups",1,1.03665149968097,0.0032096752850415,0.9,0.945202969576324,1.12899750409473
16,120,1.6e+08,160000120,FALSE,FALSE,FALSE,1,"X2_dist",1,1.09184674786878,0.00617709082571998,0.9,0.969477034789856,1.21429382530029
16,120,1.6e+08,160000120,FALSE,FALSE,FALSE,1,"X3_norm",1,1.02431891149916,0.00366278809473225,0.9,0.928535585506019,1.12683393308083
16,120,1.6e+08,160000120,FALSE,FALSE,FALSE,1,"X4_row",1,1.06117686537646,0.00499414261894875,0.9,0.951297642269053,1.18052724074437
16,120,1.6e+08,160000120,FALSE,FALSE,FALSE,2,"intercept",-1,-1.19222532728475,0.00897587658655758,0.9,-1.35751948278102,-1.04825035689839
16,120,1.6e+08,160000120,FALSE,FALSE,FALSE,2,"X1_groups",1,1.06426795693185,0.00401886429245488,0.9,0.960807570199459,1.16922615792896
16,120,1.6e+08,160000120,FALSE,FALSE,FALSE,2,"X2_dist",1,1.12478027965242,0.00712196771972076,0.9,0.990787205623268,1.26554892604647
16,120,1.6e+08,160000120,FALSE,FALSE,FALSE,2,"X3_norm",1,1.05093506747844,0.00433957222016225,0.9,0.94236535489644,1.15266384954888
16,120,1.6e+08,160000120,FALSE,FALSE,FALSE,2,"X4_row",1,1.09548891727938,0.00515309483516603,0.9,0.983148738955238,1.21245490417499
16,120,1.6e+08,160000120,FALSE,TRUE,FALSE,1,"intercept",-1,-0.863282091483725,0.00604205258432244,0.9,-0.989732733388527,-0.738504969278412
16,120,1.6e+08,160000120,FALSE,TRUE,FALSE,1,"X1_groups",1,0.725105596085357,0.0026370026234381,0.9,0.63819186807697,0.807171512694737
16,120,1.6e+08,160000120,FALSE,TRUE,FALSE,1,"X2_dist",1,0.773427397508834,0.00434464829708926,0.9,0.674543363376305,0.886093650605552
16,120,1.6e+08,160000120,FALSE,TRUE,FALSE,1,"X3_norm",1,0.778422207260636,0.00242992166220559,0.9,0.696151342531093,0.859048430429602
16,120,1.6e+08,160000120,FALSE,TRUE,FALSE,1,"X4_row",1,0.771542218425838,0.0030767800061741,0.9,0.686572774896063,0.868737199453568
16,120,1.6e+08,160000120,FALSE,TRUE,FALSE,2,"intercept",-1,-1.13235784275707,0.0100231032254922,0.9,-1.31402841271369,-0.974756616471855
16,120,1.6e+08,160000120,FALSE,TRUE,FALSE,2,"X1_groups",1,0.906270419150404,0.00470296369819101,0.9,0.796767963740217,1.01901959038523
16,120,1.6e+08,160000120,FALSE,TRUE,FALSE,2,"X2_dist",1,1.00311006549837,0.0082364805821954,0.9,0.851308597236803,1.1554200805814
16,120,1.6e+08,160000120,FALSE,TRUE,FALSE,2,"X3_norm",1,0.996908837374858,0.00451262073822222,0.9,0.893973898331509,1.10598700573954
16,120,1.6e+08,160000120,FALSE,TRUE,FALSE,2,"X4_row",1,0.997242340089876,0.00578878484835023,0.9,0.884374245208293,1.12536308212166
16,121,1.6e+08,160000121,FALSE,FALSE,FALSE,0,"intercept",-1,-1.13545186824077,0.00737094677295058,0.9,-1.27008326901038,-0.998170058815899
16,121,1.6e+08,160000121,FALSE,FALSE,FALSE,0,"X1_groups",1,1.05480445900543,0.00331846743235281,0.9,0.958827534067772,1.14901183123211
16,121,1.6e+08,160000121,FALSE,FALSE,FALSE,0,"X2_dist",1,1.0032520631746,0.00552662100275096,0.9,0.872294757200921,1.11832985743738
16,121,1.6e+08,160000121,FALSE,FALSE,FALSE,0,"X3_norm",1,1.00742894931155,0.00313820030463492,0.9,0.914814468559044,1.10301524367512
16,121,1.6e+08,160000121,FALSE,FALSE,FALSE,0,"X4_row",1,0.930570585280376,0.00414685503580799,0.9,0.820355733580616,1.03234542528301
16,121,1.6e+08,160000121,FALSE,TRUE,FALSE,0,"intercept",-1,-0.634960914951946,0.00442837036110715,0.9,-0.747916331110922,-0.521622532398117
16,121,1.6e+08,160000121,FALSE,TRUE,FALSE,0,"X1_groups",1,0.586420936064285,0.00144239928414163,0.9,0.524088261371832,0.647200948667521
16,121,1.6e+08,160000121,FALSE,TRUE,FALSE,0,"X2_dist",1,0.591069923570065,0.00318763497088917,0.9,0.492533775783585,0.687916769232402
16,121,1.6e+08,160000121,FALSE,TRUE,FALSE,0,"X3_norm",1,0.590946751973317,0.00143792499944986,0.9,0.531548981443464,0.654665745894731
16,121,1.6e+08,160000121,FALSE,TRUE,FALSE,0,"X4_row",1,0.534781285519289,0.00219811322721415,0.9,0.458438040645306,0.609084645504501
16,121,1.6e+08,160000121,FALSE,FALSE,FALSE,1,"intercept",-1,-1.1905931400904,0.00843836907735539,0.9,-1.34458845938858,-1.04820780081485
16,121,1.6e+08,160000121,FALSE,FALSE,FALSE,1,"X1_groups",1,1.10389940642482,0.00378597850929856,0.9,1.00097062676785,1.21213868337907
16,121,1.6e+08,160000121,FALSE,FALSE,FALSE,1,"X2_dist",1,1.04677425588895,0.00688856892950237,0.9,0.921389194679907,1.17991375276643
16,121,1.6e+08,160000121,FALSE,FALSE,FALSE,1,"X3_norm",1,1.04886393402278,0.00438178225425619,0.9,0.949252580416941,1.16123907047438
16,121,1.6e+08,160000121,FALSE,FALSE,FALSE,1,"X4_row",1,0.968550500892107,0.00464235761753957,0.9,0.860576613516573,1.0721719882698
16,121,1.6e+08,160000121,FALSE,FALSE,FALSE,2,"intercept",-1,-1.23937243034565,0.0108883005098756,0.9,-1.42541006730413,-1.07885649052663
16,121,1.6e+08,160000121,FALSE,FALSE,FALSE,2,"X1_groups",1,1.14372916131933,0.00488171778384754,0.9,1.02829454995399,1.25887549437295
16,121,1.6e+08,160000121,FALSE,FALSE,FALSE,2,"X2_dist",1,1.08749873409062,0.00887704517362633,0.9,0.932189310327137,1.24449116014308
16,121,1.6e+08,160000121,FALSE,FALSE,FALSE,2,"X3_norm",1,1.08951920935679,0.00495796667336932,0.9,0.980583487505367,1.20071023519363
16,121,1.6e+08,160000121,FALSE,FALSE,FALSE,2,"X4_row",1,1.00652711678527,0.00517810785691101,0.9,0.890949230425992,1.12588269906075
16,121,1.6e+08,160000121,FALSE,TRUE,FALSE,1,"intercept",-1,-0.794680356895968,0.00549785905566274,0.9,-0.918237713370729,-0.669828683628512
16,121,1.6e+08,160000121,FALSE,TRUE,FALSE,1,"X1_groups",1,0.737199436689065,0.00214700213579831,0.9,0.661341747168985,0.808800792884517
16,121,1.6e+08,160000121,FALSE,TRUE,FALSE,1,"X2_dist",1,0.743004240815567,0.00470650448939388,0.9,0.631669094265712,0.852356042381998
16,121,1.6e+08,160000121,FALSE,TRUE,FALSE,1,"X3_norm",1,0.746766105170999,0.00203889149483079,0.9,0.676910454338951,0.826406928956308
16,121,1.6e+08,160000121,FALSE,TRUE,FALSE,1,"X4_row",1,0.701654793074781,0.00298826025367877,0.9,0.612100778002496,0.79656733418461
16,121,1.6e+08,160000121,FALSE,TRUE,FALSE,2,"intercept",-1,-0.965832689758836,0.00819003370290531,0.9,-1.12717969986757,-0.827752735646956
16,121,1.6e+08,160000121,FALSE,TRUE,FALSE,2,"X1_groups",1,0.906486835912404,0.00386501333828258,0.9,0.806266726379834,1.01141583695368
16,121,1.6e+08,160000121,FALSE,TRUE,FALSE,2,"X2_dist",1,0.902726503529349,0.00683571387830701,0.9,0.773354246173325,1.04235161037553
16,121,1.6e+08,160000121,FALSE,TRUE,FALSE,2,"X3_norm",1,0.914727543459286,0.00363402387151036,0.9,0.819755751303028,1.01720828953066
16,121,1.6e+08,160000121,FALSE,TRUE,FALSE,2,"X4_row",1,0.859345865542476,0.00428742666482809,0.9,0.75382152158035,0.975239078987372
16,122,1.6e+08,160000122,FALSE,FALSE,FALSE,0,"intercept",-1,-0.896957525131419,0.00690418605700618,0.9,-1.02453160770047,-0.765307582752874
16,122,1.6e+08,160000122,FALSE,FALSE,FALSE,0,"X1_groups",1,0.990153389582215,0.00279101096321507,0.9,0.908986653038971,1.07985598910277
16,122,1.6e+08,160000122,FALSE,FALSE,FALSE,0,"X2_dist",1,0.943589397036264,0.00542317221562398,0.9,0.828534800229456,1.06061735268697
16,122,1.6e+08,160000122,FALSE,FALSE,FALSE,0,"X3_norm",1,0.991033722861595,0.00312293013666435,0.9,0.900684663189842,1.08194912345666
16,122,1.6e+08,160000122,FALSE,FALSE,FALSE,0,"X4_row",1,0.993772473914632,0.00436393777107143,0.9,0.887995384312344,1.10047981238686
16,122,1.6e+08,160000122,FALSE,TRUE,FALSE,0,"intercept",-1,-0.643741181169993,0.00434351216306007,0.9,-0.763772954352218,-0.538499933576023
16,122,1.6e+08,160000122,FALSE,TRUE,FALSE,0,"X1_groups",1,0.57971540402235,0.0013296898845561,0.9,0.520598624684282,0.634764288894716
16,122,1.6e+08,160000122,FALSE,TRUE,FALSE,0,"X2_dist",1,0.649260809713266,0.00321408656181702,0.9,0.564417773328803,0.740399132408676
16,122,1.6e+08,160000122,FALSE,TRUE,FALSE,0,"X3_norm",1,0.554475762940443,0.0014861498444627,0.9,0.492115686296054,0.618185756232865
16,122,1.6e+08,160000122,FALSE,TRUE,FALSE,0,"X4_row",1,0.508359897241552,0.00196223654094846,0.9,0.433956028263405,0.584743463850279
16,122,1.6e+08,160000122,FALSE,FALSE,FALSE,1,"intercept",-1,-0.928051414819348,0.00727089242887754,0.9,-1.05881381648364,-0.776550473889257
16,122,1.6e+08,160000122,FALSE,FALSE,FALSE,1,"X1_groups",1,1.0232322891413,0.0031409554195463,0.9,0.935394573991008,1.11223428844046
16,122,1.6e+08,160000122,FALSE,FALSE,FALSE,1,"X2_dist",1,0.971546112768938,0.00625635123925113,0.9,0.854156976335096,1.107990321564
16,122,1.6e+08,160000122,FALSE,FALSE,FALSE,1,"X3_norm",1,1.01612065025105,0.00355228758118127,0.9,0.915926839868107,1.11657283541379
16,122,1.6e+08,160000122,FALSE,FALSE,FALSE,1,"X4_row",1,1.02476177774302,0.00448413050269583,0.9,0.918331208626558,1.13114033497582
16,122,1.6e+08,160000122,FALSE,FALSE,FALSE,2,"intercept",-1,-0.955634720657328,0.00851259807826847,0.9,-1.11074247832753,-0.81809633954281
16,122,1.6e+08,160000122,FALSE,FALSE,FALSE,2,"X1_groups",1,1.04984561029409,0.00360083929619859,0.9,0.958143472202777,1.15428102494285
16,122,1.6e+08,160000122,FALSE,FALSE,FALSE,2,"X2_dist",1,1.00028808345354,0.00718201596979646,0.9,0.871383797194963,1.14632443709673
16,122,1.6e+08,160000122,FALSE,FALSE,FALSE,2,"X3_norm",1,1.03849060976224,0.00421577374593067,0.9,0.933431052591976,1.14236956642767
16,122,1.6e+08,160000122,FALSE,FALSE,FALSE,2,"X4_row",1,1.05546047476423,0.00501427004482988,0.9,0.949135579348352,1.18283996570632
16,122,1.6e+08,160000122,FALSE,TRUE,FALSE,1,"intercept",-1,-0.828037869834446,0.00564198536448597,0.9,-0.945360841407795,-0.711151656835095
16,122,1.6e+08,160000122,FALSE,TRUE,FALSE,1,"X1_groups",1,0.757434613332136,0.00230504348039293,0.9,0.676815499224917,0.833806064380606
16,122,1.6e+08,160000122,FALSE,TRUE,FALSE,1,"X2_dist",1,0.850208697512794,0.00487401745514255,0.9,0.7399255566974,0.957676657561195
16,122,1.6e+08,160000122,FALSE,TRUE,FALSE,1,"X3_norm",1,0.733942922472553,0.00264350868639168,0.9,0.650408850524889,0.82036801279317
16,122,1.6e+08,160000122,FALSE,TRUE,FALSE,1,"X4_row",1,0.705916364336912,0.0033033986231235,0.9,0.609476749486005,0.809948067226995
16,122,1.6e+08,160000122,FALSE,TRUE,FALSE,2,"intercept",-1,-1.03194182008031,0.0102163116122605,0.9,-1.20807938208945,-0.88478820050215
16,122,1.6e+08,160000122,FALSE,TRUE,FALSE,2,"X1_groups",1,0.99013348552468,0.00538380918242593,0.9,0.87113767763508,1.10416381583449
16,122,1.6e+08,160000122,FALSE,TRUE,FALSE,2,"X2_dist",1,1.06517245223458,0.00856225440998965,0.9,0.906765075387738,1.21458821428053
16,122,1.6e+08,160000122,FALSE,TRUE,FALSE,2,"X3_norm",1,0.962914169797482,0.00485636533253897,0.9,0.854272644459833,1.072464057777
16,122,1.6e+08,160000122,FALSE,TRUE,FALSE,2,"X4_row",1,0.937462577610619,0.00598807899200576,0.9,0.818691580062694,1.06398263971502
16,123,1.6e+08,160000123,FALSE,FALSE,FALSE,0,"intercept",-1,-0.879457818000657,0.00657831685160037,0.9,-1.00779517815288,-0.756617154637922
16,123,1.6e+08,160000123,FALSE,FALSE,FALSE,0,"X1_groups",1,0.944098165592172,0.0025840802433111,0.9,0.859489820073023,1.03174926506207
16,123,1.6e+08,160000123,FALSE,FALSE,FALSE,0,"X2_dist",1,0.924970492174317,0.00535957272400892,0.9,0.803380344605137,1.03737758059271
16,123,1.6e+08,160000123,FALSE,FALSE,FALSE,0,"X3_norm",1,0.901346728700989,0.00271598643765715,0.9,0.819054126686331,0.985413308797709
16,123,1.6e+08,160000123,FALSE,FALSE,FALSE,0,"X4_row",1,0.918151480836097,0.00385917865819228,0.9,0.820899402432632,1.0203978831684
16,123,1.6e+08,160000123,FALSE,TRUE,FALSE,0,"intercept",-1,-0.583591493941522,0.00404786812610312,0.9,-0.684785953247846,-0.481118363211759
16,123,1.6e+08,160000123,FALSE,TRUE,FALSE,0,"X1_groups",1,0.574078449392637,0.00139019244298506,0.9,0.516491248084101,0.63719158229981
16,123,1.6e+08,160000123,FALSE,TRUE,FALSE,0,"X2_dist",1,0.59234284446588,0.00312943334349469,0.9,0.49585909730611,0.676916977807635
16,123,1.6e+08,160000123,FALSE,TRUE,FALSE,0,"X3_norm",1,0.545755670919377,0.00149478235710903,0.9,0.48305919170413,0.608502046243515
16,123,1.6e+08,160000123,FALSE,TRUE,FALSE,0,"X4_row",1,0.510529436180144,0.00207497512958683,0.9,0.43306940249319,0.580832793214507
16,123,1.6e+08,160000123,FALSE,FALSE,FALSE,1,"intercept",-1,-0.922317258008331,0.00689555319052403,0.9,-1.06909997856251,-0.788901097382856
16,123,1.6e+08,160000123,FALSE,FALSE,FALSE,1,"X1_groups",1,0.986264283028501,0.00295448709450971,0.9,0.897356715078558,1.08460764016231
16,123,1.6e+08,160000123,FALSE,FALSE,FALSE,1,"X2_dist",1,0.965967550708746,0.00578735694992309,0.9,0.849329097270139,1.09261738711482
16,123,1.6e+08,160000123,FALSE,FALSE,FALSE,1,"X3_norm",1,0.937663285492055,0.00355744120944785,0.9,0.836258557297444,1.03827388482824
16,123,1.6e+08,160000123,FALSE,FALSE,FALSE,1,"X4_row",1,0.966649253810325,0.00501961431498834,0.9,0.857582582326634,1.08809882362665
16,123,1.6e+08,160000123,FALSE,FALSE,FALSE,2,"intercept",-1,-0.961157467354084,0.00819547523526237,0.9,-1.13185111472628,-0.819436364004952
16,123,1.6e+08,160000123,FALSE,FALSE,FALSE,2,"X1_groups",1,1.02103872562975,0.00334655160538719,0.9,0.930500253452421,1.11814200364556
16,123,1.6e+08,160000123,FALSE,FALSE,FALSE,2,"X2_dist",1,1.00241244134049,0.00667849283009282,0.9,0.880427375554222,1.15160045845669
16,123,1.6e+08,160000123,FALSE,FALSE,FALSE,2,"X3_norm",1,0.969122002739031,0.00353791492414357,0.9,0.863895773081505,1.06703751346306
16,123,1.6e+08,160000123,FALSE,FALSE,FALSE,2,"X4_row",1,1.00274057269382,0.00469486946564318,0.9,0.892756873784635,1.11054842992553
16,123,1.6e+08,160000123,FALSE,TRUE,FALSE,1,"intercept",-1,-0.703515299307825,0.00517318662456654,0.9,-0.823377551221249,-0.592456373388737
16,123,1.6e+08,160000123,FALSE,TRUE,FALSE,1,"X1_groups",1,0.706126682600101,0.00194045216855249,0.9,0.630732184826979,0.780288038509991
16,123,1.6e+08,160000123,FALSE,TRUE,FALSE,1,"X2_dist",1,0.706176761954148,0.00407241602309526,0.9,0.607660082743233,0.81991682012676
16,123,1.6e+08,160000123,FALSE,TRUE,FALSE,1,"X3_norm",1,0.658177830553716,0.00231701739073505,0.9,0.578674700497325,0.743414025204325
16,123,1.6e+08,160000123,FALSE,TRUE,FALSE,1,"X4_row",1,0.613164218328228,0.00273661386969876,0.9,0.527700529282417,0.700467835936914
16,123,1.6e+08,160000123,FALSE,TRUE,FALSE,2,"intercept",-1,-0.91235098741919,0.00800183808735446,0.9,-1.053561511372,-0.756434476664156
16,123,1.6e+08,160000123,FALSE,TRUE,FALSE,2,"X1_groups",1,0.877905450255936,0.00396973970367897,0.9,0.765335261857117,0.973399620408303
16,123,1.6e+08,160000123,FALSE,TRUE,FALSE,2,"X2_dist",1,0.919510209467434,0.00689814910498521,0.9,0.777589992998264,1.05433092470587
16,123,1.6e+08,160000123,FALSE,TRUE,FALSE,2,"X3_norm",1,0.815849915375077,0.00361069812668386,0.9,0.713108273862742,0.920991374022189
16,123,1.6e+08,160000123,FALSE,TRUE,FALSE,2,"X4_row",1,0.771881304131789,0.00398563578685786,0.9,0.672376202505015,0.891382609915665
16,124,1.6e+08,160000124,FALSE,FALSE,FALSE,0,"intercept",-1,-0.951069054468054,0.00614522923871492,0.9,-1.08085936126423,-0.824287363687392
16,124,1.6e+08,160000124,FALSE,FALSE,FALSE,0,"X1_groups",1,0.94343828992059,0.00264528181143343,0.9,0.85725050510842,1.02898188836967
16,124,1.6e+08,160000124,FALSE,FALSE,FALSE,0,"X2_dist",1,0.954863698110791,0.00467198804527852,0.9,0.844107529143607,1.06656586107716
16,124,1.6e+08,160000124,FALSE,FALSE,FALSE,0,"X3_norm",1,1.04943806319746,0.00362506002468616,0.9,0.945290226193979,1.14501247273929
16,124,1.6e+08,160000124,FALSE,FALSE,FALSE,0,"X4_row",1,0.975994694802979,0.00405961357650228,0.9,0.871738947838796,1.07891999757214
16,124,1.6e+08,160000124,FALSE,TRUE,FALSE,0,"intercept",-1,-0.619253634977237,0.0043768262930819,0.9,-0.71939151704193,-0.513836792011685
16,124,1.6e+08,160000124,FALSE,TRUE,FALSE,0,"X1_groups",1,0.594808534776263,0.00143351868276565,0.9,0.535353041562242,0.653075655469213
16,124,1.6e+08,160000124,FALSE,TRUE,FALSE,0,"X2_dist",1,0.608171896960806,0.00328801005764407,0.9,0.5151502843063,0.706656316160723
16,124,1.6e+08,160000124,FALSE,TRUE,FALSE,0,"X3_norm",1,0.613348344661897,0.00162080108405703,0.9,0.546074308024768,0.677711752564435
16,124,1.6e+08,160000124,FALSE,TRUE,FALSE,0,"X4_row",1,0.593503019793183,0.00257235030438414,0.9,0.51144220731916,0.671909762720113
16,124,1.6e+08,160000124,FALSE,FALSE,FALSE,1,"intercept",-1,-0.99322349152463,0.00719587601590482,0.9,-1.14006843916152,-0.85999685407196
16,124,1.6e+08,160000124,FALSE,FALSE,FALSE,1,"X1_groups",1,0.999260764552781,0.0036237905366793,0.9,0.904612404112634,1.09800095927833
16,124,1.6e+08,160000124,FALSE,FALSE,FALSE,1,"X2_dist",1,0.994484971358858,0.00631221172937997,0.9,0.871507041893452,1.13247071426667
16,124,1.6e+08,160000124,FALSE,FALSE,FALSE,1,"X3_norm",1,1.09812558694252,0.00452252715755863,0.9,0.997837518034565,1.20720085337148
16,124,1.6e+08,160000124,FALSE,FALSE,FALSE,1,"X4_row",1,1.02836480014369,0.00493507458154299,0.9,0.907678053176984,1.15107258091679
16,124,1.6e+08,160000124,FALSE,FALSE,FALSE,2,"intercept",-1,-1.02451433663771,0.00767567681766847,0.9,-1.16308318989604,-0.886360276480452
16,124,1.6e+08,160000124,FALSE,FALSE,FALSE,2,"X1_groups",1,1.02908245547694,0.00412949697399731,0.9,0.918289253607003,1.1359679471823
16,124,1.6e+08,160000124,FALSE,FALSE,FALSE,2,"X2_dist",1,1.02710205396355,0.00644951376427861,0.9,0.899830204470331,1.16184210476162
16,124,1.6e+08,160000124,FALSE,FALSE,FALSE,2,"X3_norm",1,1.1296162555411,0.00433925787884264,0.9,1.01733949434807,1.2417719364118
16,124,1.6e+08,160000124,FALSE,FALSE,FALSE,2,"X4_row",1,1.06387920871328,0.00527641775940757,0.9,0.944421914064133,1.18850387723245
16,124,1.6e+08,160000124,FALSE,TRUE,FALSE,1,"intercept",-1,-0.824925688198186,0.00619594440846056,0.9,-0.943170605121672,-0.693581713076421
16,124,1.6e+08,160000124,FALSE,TRUE,FALSE,1,"X1_groups",1,0.804337138290062,0.00243504559115655,0.9,0.730254879224534,0.887982170506121
16,124,1.6e+08,160000124,FALSE,TRUE,FALSE,1,"X2_dist",1,0.818123661436515,0.00514251997607055,0.9,0.697411604055606,0.935990879040488
16,124,1.6e+08,160000124,FALSE,TRUE,FALSE,1,"X3_norm",1,0.827335353818708,0.00275266309645223,0.9,0.73995089501588,0.915923127016982
16,124,1.6e+08,160000124,FALSE,TRUE,FALSE,1,"X4_row",1,0.828971851037666,0.0036097964389308,0.9,0.731865559751561,0.925490384786725
16,124,1.6e+08,160000124,FALSE,TRUE,FALSE,2,"intercept",-1,-0.934513893839352,0.00938982140229995,0.9,-1.10107582364441,-0.781594081936021
16,124,1.6e+08,160000124,FALSE,TRUE,FALSE,2,"X1_groups",1,0.923375251974748,0.00460143075925428,0.9,0.806154844178046,1.03762511784523
16,124,1.6e+08,160000124,FALSE,TRUE,FALSE,2,"X2_dist",1,0.942221648268708,0.00779246735573743,0.9,0.796643806958918,1.0964847152932
16,124,1.6e+08,160000124,FALSE,TRUE,FALSE,2,"X3_norm",1,0.964311834372832,0.0039514355838927,0.9,0.867752653042812,1.06994475919121
16,124,1.6e+08,160000124,FALSE,TRUE,FALSE,2,"X4_row",1,0.982094654880112,0.0054894771919835,0.9,0.864002829218782,1.10351799297506
16,125,1.6e+08,160000125,FALSE,FALSE,FALSE,0,"intercept",-1,-1.08355766989283,0.00766588422828469,0.9,-1.2261474027048,-0.945056726046348
16,125,1.6e+08,160000125,FALSE,FALSE,FALSE,0,"X1_groups",1,1.11002166381086,0.00324230408210318,0.9,1.01486344550398,1.20561068182443
16,125,1.6e+08,160000125,FALSE,FALSE,FALSE,0,"X2_dist",1,1.11204133657103,0.00579109767691536,0.9,0.993185646012055,1.23600741477392
16,125,1.6e+08,160000125,FALSE,FALSE,FALSE,0,"X3_norm",1,1.09066381601422,0.00394823159026163,0.9,0.981534754101381,1.19824592663229
16,125,1.6e+08,160000125,FALSE,FALSE,FALSE,0,"X4_row",1,1.0857824157445,0.00494898688419976,0.9,0.975972604907006,1.19762466288473
16,125,1.6e+08,160000125,FALSE,TRUE,FALSE,0,"intercept",-1,-0.713054944424791,0.00471843544734573,0.9,-0.826016595615195,-0.607844759086146
16,125,1.6e+08,160000125,FALSE,TRUE,FALSE,0,"X1_groups",1,0.615131138055324,0.00160946848104699,0.9,0.55013624748946,0.684024262835008
16,125,1.6e+08,160000125,FALSE,TRUE,FALSE,0,"X2_dist",1,0.676926263931727,0.00351661549753138,0.9,0.579750805128296,0.771350875812471
16,125,1.6e+08,160000125,FALSE,TRUE,FALSE,0,"X3_norm",1,0.624802143849787,0.00175713703468867,0.9,0.560835911810835,0.69556790310459
16,125,1.6e+08,160000125,FALSE,TRUE,FALSE,0,"X4_row",1,0.634635750976855,0.00242252369125778,0.9,0.553242815563582,0.709880107813648
16,125,1.6e+08,160000125,FALSE,FALSE,FALSE,1,"intercept",-1,-1.12728792573345,0.00778718361582027,0.9,-1.27684518831604,-0.989073267545365
16,125,1.6e+08,160000125,FALSE,FALSE,FALSE,1,"X1_groups",1,1.15432202912415,0.00381467759894063,0.9,1.05560308892052,1.25900269463849
16,125,1.6e+08,160000125,FALSE,FALSE,FALSE,1,"X2_dist",1,1.15388561472351,0.00671529736149781,0.9,1.02471139590511,1.29441095485617
16,125,1.6e+08,160000125,FALSE,FALSE,FALSE,1,"X3_norm",1,1.12419294291719,0.00480850322524989,0.9,1.01508262785531,1.24010626105791
16,125,1.6e+08,160000125,FALSE,FALSE,FALSE,1,"X4_row",1,1.13125045710969,0.00499309207658973,0.9,1.02363961112674,1.24826219336677
16,125,1.6e+08,160000125,FALSE,FALSE,FALSE,2,"intercept",-1,-1.16819772556727,0.00962751693225149,0.9,-1.32388513001253,-1.00147997097998
16,125,1.6e+08,160000125,FALSE,FALSE,FALSE,2,"X1_groups",1,1.1900860850142,0.00474745880702362,0.9,1.08515893835614,1.3157531071263
16,125,1.6e+08,160000125,FALSE,FALSE,FALSE,2,"X2_dist",1,1.19168875958532,0.0081151218652024,0.9,1.05642764018623,1.34003236987146
16,125,1.6e+08,160000125,FALSE,FALSE,FALSE,2,"X3_norm",1,1.16239662984498,0.00502993756130032,0.9,1.04249459402912,1.28290762991822
16,125,1.6e+08,160000125,FALSE,FALSE,FALSE,2,"X4_row",1,1.16494008587582,0.00637036756798392,0.9,1.03785146728457,1.29941816724689
16,125,1.6e+08,160000125,FALSE,TRUE,FALSE,1,"intercept",-1,-0.925364892097799,0.00673621012976029,0.9,-1.06162799202086,-0.776307535788589
16,125,1.6e+08,160000125,FALSE,TRUE,FALSE,1,"X1_groups",1,0.823091229734118,0.00259272357511989,0.9,0.745584252846708,0.904961314108819
16,125,1.6e+08,160000125,FALSE,TRUE,FALSE,1,"X2_dist",1,0.887681592774766,0.00546851673052278,0.9,0.768654772760878,1.0121074953407
16,125,1.6e+08,160000125,FALSE,TRUE,FALSE,1,"X3_norm",1,0.816702522436401,0.00269336133283319,0.9,0.732054120983058,0.907368707356978
16,125,1.6e+08,160000125,FALSE,TRUE,FALSE,1,"X4_row",1,0.847417472176914,0.00396422728568484,0.9,0.74324650531839,0.95594593060086
16,125,1.6e+08,160000125,FALSE,TRUE,FALSE,2,"intercept",-1,-1.1119618412144,0.0111190006037916,0.9,-1.28272011390843,-0.944305997141921
16,125,1.6e+08,160000125,FALSE,TRUE,FALSE,2,"X1_groups",1,1.01938715606802,0.00551169476029013,0.9,0.90071774937449,1.14687445166716
16,125,1.6e+08,160000125,FALSE,TRUE,FALSE,2,"X2_dist",1,1.08243413914577,0.009217663340662,0.9,0.927121195733636,1.24312980880601
16,125,1.6e+08,160000125,FALSE,TRUE,FALSE,2,"X3_norm",1,1.00784266322142,0.00479160980220405,0.9,0.892640622237319,1.11774399202547
16,125,1.6e+08,160000125,FALSE,TRUE,FALSE,2,"X4_row",1,1.04984721991834,0.00575579238568194,0.9,0.925381983551005,1.1795038603726
16,126,1.6e+08,160000126,FALSE,FALSE,FALSE,0,"intercept",-1,-1.0032020684509,0.00699952041973843,0.9,-1.13965480964708,-0.862043911094743
16,126,1.6e+08,160000126,FALSE,FALSE,FALSE,0,"X1_groups",1,1.0424366618926,0.00313950817864171,0.9,0.95017236912742,1.13284915774385
16,126,1.6e+08,160000126,FALSE,FALSE,FALSE,0,"X2_dist",1,0.995668550580055,0.00558959482281159,0.9,0.869200026903111,1.12198918898182
16,126,1.6e+08,160000126,FALSE,FALSE,FALSE,0,"X3_norm",1,0.943845298032146,0.00303940840525841,0.9,0.860248371078788,1.03512984242788
16,126,1.6e+08,160000126,FALSE,FALSE,FALSE,0,"X4_row",1,1.16558552934126,0.0049491787281969,0.9,1.04639100911149,1.27500065289839
16,126,1.6e+08,160000126,FALSE,TRUE,FALSE,0,"intercept",-1,-0.700899870110526,0.00444199311762969,0.9,-0.812134708774058,-0.595295024607823
16,126,1.6e+08,160000126,FALSE,TRUE,FALSE,0,"X1_groups",1,0.579507312898578,0.0016541446518558,0.9,0.514440857922203,0.64794664947194
16,126,1.6e+08,160000126,FALSE,TRUE,FALSE,0,"X2_dist",1,0.653845186703152,0.00339856111721927,0.9,0.559821795788584,0.74717905391599
16,126,1.6e+08,160000126,FALSE,TRUE,FALSE,0,"X3_norm",1,0.551874662798464,0.0016792667634748,0.9,0.487602554312596,0.624819929454976
16,126,1.6e+08,160000126,FALSE,TRUE,FALSE,0,"X4_row",1,0.617090588357586,0.00250838736481921,0.9,0.527313762304032,0.688381647970729
16,126,1.6e+08,160000126,FALSE,FALSE,FALSE,1,"intercept",-1,-1.0348225612895,0.00761936185041317,0.9,-1.17969011885926,-0.896074120500222
16,126,1.6e+08,160000126,FALSE,FALSE,FALSE,1,"X1_groups",1,1.07803310035174,0.00337662027476815,0.9,0.986828516691427,1.17268527229816
16,126,1.6e+08,160000126,FALSE,FALSE,FALSE,1,"X2_dist",1,1.02360611842698,0.00641884721605402,0.9,0.892842005791021,1.17088586949308
16,126,1.6e+08,160000126,FALSE,FALSE,FALSE,1,"X3_norm",1,0.96864786294496,0.00379148013207293,0.9,0.872344827687016,1.07617416406081
16,126,1.6e+08,160000126,FALSE,FALSE,FALSE,1,"X4_row",1,1.20545624623673,0.00525771050666492,0.9,1.087051569784,1.31928157620253
16,126,1.6e+08,160000126,FALSE,FALSE,FALSE,2,"intercept",-1,-1.0737752460116,0.00828732109187219,0.9,-1.23430566700951,-0.92305521784549
16,126,1.6e+08,160000126,FALSE,FALSE,FALSE,2,"X1_groups",1,1.10967604292076,0.00458567208855663,0.9,1.0058138073007,1.22439809964689
16,126,1.6e+08,160000126,FALSE,FALSE,FALSE,2,"X2_dist",1,1.05954758458662,0.00692798429925411,0.9,0.921125986595003,1.20915450633847
16,126,1.6e+08,160000126,FALSE,FALSE,FALSE,2,"X3_norm",1,1.00051167417153,0.00436188606340031,0.9,0.891342976328706,1.11152949876327
16,126,1.6e+08,160000126,FALSE,FALSE,FALSE,2,"X4_row",1,1.24618541407604,0.00580996392725984,0.9,1.12996576433042,1.38465629562601
16,126,1.6e+08,160000126,FALSE,TRUE,FALSE,1,"intercept",-1,-0.864086565779081,0.00587128910946686,0.9,-0.994512034940189,-0.744862552458232
16,126,1.6e+08,160000126,FALSE,TRUE,FALSE,1,"X1_groups",1,0.74757305876028,0.00227078606690007,0.9,0.673065066272814,0.826130834160929
16,126,1.6e+08,160000126,FALSE,TRUE,FALSE,1,"X2_dist",1,0.796903112275585,0.00436956083523158,0.9,0.694413490337535,0.904191932403625
16,126,1.6e+08,160000126,FALSE,TRUE,FALSE,1,"X3_norm",1,0.67357171597919,0.00224514488696581,0.9,0.596931140990528,0.758001042790088
16,126,1.6e+08,160000126,FALSE,TRUE,FALSE,1,"X4_row",1,0.752455510903772,0.00334173424049258,0.9,0.657063561852924,0.843664384770601
16,126,1.6e+08,160000126,FALSE,TRUE,FALSE,2,"intercept",-1,-1.05420911848773,0.00932224549974556,0.9,-1.21239347208629,-0.900324793111743
16,126,1.6e+08,160000126,FALSE,TRUE,FALSE,2,"X1_groups",1,0.919985311517367,0.00415507776603539,0.9,0.816256029282548,1.02554064910654
16,126,1.6e+08,160000126,FALSE,TRUE,FALSE,2,"X2_dist",1,0.974698201249698,0.00779534106157883,0.9,0.835297933690869,1.1069779124954
16,126,1.6e+08,160000126,FALSE,TRUE,FALSE,2,"X3_norm",1,0.811845284395768,0.00371508355441928,0.9,0.711764183913282,0.911564272847021
16,126,1.6e+08,160000126,FALSE,TRUE,FALSE,2,"X4_row",1,0.934936204766858,0.00452749986088123,0.9,0.82544871401443,1.05071462089086
16,127,1.6e+08,160000127,FALSE,FALSE,FALSE,0,"intercept",-1,-1.16130985059384,0.00765998819103618,0.9,-1.30471553500603,-1.01209900914749
16,127,1.6e+08,160000127,FALSE,FALSE,FALSE,0,"X1_groups",1,0.973166867966006,0.00317020696380222,0.9,0.883716228955918,1.05923241238615
16,127,1.6e+08,160000127,FALSE,FALSE,FALSE,0,"X2_dist",1,1.127288369019,0.00619748497702509,0.9,1.0034665939624,1.25203806454111
16,127,1.6e+08,160000127,FALSE,FALSE,FALSE,0,"X3_norm",1,0.95078008429717,0.00317997189435497,0.9,0.856896539543106,1.04749099518764
16,127,1.6e+08,160000127,FALSE,FALSE,FALSE,0,"X4_row",1,0.974691790325214,0.00405140717932302,0.9,0.869239844013064,1.083019358634
16,127,1.6e+08,160000127,FALSE,TRUE,FALSE,0,"intercept",-1,-0.669386033605634,0.00445158446316562,0.9,-0.779533652844461,-0.561319454580545
16,127,1.6e+08,160000127,FALSE,TRUE,FALSE,0,"X1_groups",1,0.56535217530479,0.00134828227963684,0.9,0.509131401439183,0.627463716844382
16,127,1.6e+08,160000127,FALSE,TRUE,FALSE,0,"X2_dist",1,0.601010521657896,0.00308909994227036,0.9,0.513309238548591,0.690508509059959
16,127,1.6e+08,160000127,FALSE,TRUE,FALSE,0,"X3_norm",1,0.573962766291338,0.00144357155810282,0.9,0.514805405548476,0.640853794021194
16,127,1.6e+08,160000127,FALSE,TRUE,FALSE,0,"X4_row",1,0.556076362495284,0.00234509083610759,0.9,0.478146939471321,0.63909095499411
16,127,1.6e+08,160000127,FALSE,FALSE,FALSE,1,"intercept",-1,-1.21191716641164,0.00845084768218088,0.9,-1.35409062949721,-1.06352890882202
16,127,1.6e+08,160000127,FALSE,FALSE,FALSE,1,"X1_groups",1,1.00962502732009,0.00338656626489473,0.9,0.911115866513769,1.10582292310815
16,127,1.6e+08,160000127,FALSE,FALSE,FALSE,1,"X2_dist",1,1.16973833873166,0.0070674558753039,0.9,1.0393356885734,1.31246633419451
16,127,1.6e+08,160000127,FALSE,FALSE,FALSE,1,"X3_norm",1,0.985936149673254,0.00399298279335837,0.9,0.88487899416051,1.08853622455644
16,127,1.6e+08,160000127,FALSE,FALSE,FALSE,1,"X4_row",1,1.00905466786967,0.00449776942719584,0.9,0.905903675637638,1.12240034784104
16,127,1.6e+08,160000127,FALSE,FALSE,FALSE,2,"intercept",-1,-1.25938600509952,0.0097102719111316,0.9,-1.41805883036876,-1.11258046401281
16,127,1.6e+08,160000127,FALSE,FALSE,FALSE,2,"X1_groups",1,1.04208754120756,0.00393098262274564,0.9,0.939431598842405,1.14843032944347
16,127,1.6e+08,160000127,FALSE,FALSE,FALSE,2,"X2_dist",1,1.21336627076949,0.00796887588774761,0.9,1.06436046755045,1.35988294991576
16,127,1.6e+08,160000127,FALSE,FALSE,FALSE,2,"X3_norm",1,1.02148843692827,0.0045539907362479,0.9,0.907487002541334,1.13124370230854
16,127,1.6e+08,160000127,FALSE,FALSE,FALSE,2,"X4_row",1,1.04460389906653,0.00528850321313079,0.9,0.935510588825771,1.17402923550274
16,127,1.6e+08,160000127,FALSE,TRUE,FALSE,1,"intercept",-1,-0.814878719877832,0.00606249079873894,0.9,-0.94693697699606,-0.683374990246426
16,127,1.6e+08,160000127,FALSE,TRUE,FALSE,1,"X1_groups",1,0.706006215199558,0.00216181036169877,0.9,0.629230949294112,0.781913432543861
16,127,1.6e+08,160000127,FALSE,TRUE,FALSE,1,"X2_dist",1,0.73442362509149,0.00468566654288808,0.9,0.621024446310624,0.85169459024692
16,127,1.6e+08,160000127,FALSE,TRUE,FALSE,1,"X3_norm",1,0.707022979723899,0.00230875145212908,0.9,0.629194089395582,0.788028878235111
16,127,1.6e+08,160000127,FALSE,TRUE,FALSE,1,"X4_row",1,0.713415853636701,0.00340547336483104,0.9,0.612381613042934,0.806292401204898
16,127,1.6e+08,160000127,FALSE,TRUE,FALSE,2,"intercept",-1,-0.970405857011957,0.00903367923835143,0.9,-1.12711099757232,-0.819355650416664
16,127,1.6e+08,160000127,FALSE,TRUE,FALSE,2,"X1_groups",1,0.862636891072974,0.00391625840874605,0.9,0.757553556159837,0.963869428619717
16,127,1.6e+08,160000127,FALSE,TRUE,FALSE,2,"X2_dist",1,0.87452041004729,0.00702051693779011,0.9,0.740031996904047,1.02359505990679
16,127,1.6e+08,160000127,FALSE,TRUE,FALSE,2,"X3_norm",1,0.848886502112283,0.00388174263326518,0.9,0.751464760826449,0.953224634443864
16,127,1.6e+08,160000127,FALSE,TRUE,FALSE,2,"X4_row",1,0.866115817985222,0.00459683518373014,0.9,0.760842440524684,0.981905977437634
16,128,1.6e+08,160000128,FALSE,FALSE,FALSE,0,"intercept",-1,-1.00738571027518,0.00662500551073209,0.9,-1.13129178127591,-0.871406014154935
16,128,1.6e+08,160000128,FALSE,FALSE,FALSE,0,"X1_groups",1,0.957718499649872,0.00269691954091856,0.9,0.878391595554956,1.04707261012214
16,128,1.6e+08,160000128,FALSE,FALSE,FALSE,0,"X2_dist",1,0.968691535216355,0.00489540579196166,0.9,0.851271469545681,1.07692246709188
16,128,1.6e+08,160000128,FALSE,FALSE,FALSE,0,"X3_norm",1,0.978364939553971,0.00320139633489389,0.9,0.879648430273648,1.07169212853567
16,128,1.6e+08,160000128,FALSE,FALSE,FALSE,0,"X4_row",1,0.918947145979983,0.00385864129116768,0.9,0.817957702076941,1.02344395528697
16,128,1.6e+08,160000128,FALSE,TRUE,FALSE,0,"intercept",-1,-0.559371354580479,0.00428158319748229,0.9,-0.668515906117734,-0.456619758973782
16,128,1.6e+08,160000128,FALSE,TRUE,FALSE,0,"X1_groups",1,0.591692190424751,0.0013959826407328,0.9,0.534892134883966,0.651179487602181
16,128,1.6e+08,160000128,FALSE,TRUE,FALSE,0,"X2_dist",1,0.554787551377915,0.00322126352792251,0.9,0.462643891096212,0.650685310691899
16,128,1.6e+08,160000128,FALSE,TRUE,FALSE,0,"X3_norm",1,0.62131271488304,0.00159967102300618,0.9,0.554777175928106,0.686150824876696
16,128,1.6e+08,160000128,FALSE,TRUE,FALSE,0,"X4_row",1,0.561420227969115,0.00222801852663433,0.9,0.478335109458504,0.634820166611771
16,128,1.6e+08,160000128,FALSE,FALSE,FALSE,1,"intercept",-1,-1.04654574324457,0.00705414846613882,0.9,-1.18363133449979,-0.915763728456509
16,128,1.6e+08,160000128,FALSE,FALSE,FALSE,1,"X1_groups",1,0.997530007108759,0.00330371716777385,0.9,0.912750109861267,1.10170258225573
16,128,1.6e+08,160000128,FALSE,FALSE,FALSE,1,"X2_dist",1,0.998339131243036,0.0054536130681336,0.9,0.883516116445792,1.12230450863035
16,128,1.6e+08,160000128,FALSE,FALSE,FALSE,1,"X3_norm",1,1.01395687044912,0.0036661388713626,0.9,0.912351530998311,1.11039602575675
16,128,1.6e+08,160000128,FALSE,FALSE,FALSE,1,"X4_row",1,0.952679465039809,0.00411170071529641,0.9,0.843157802866441,1.05932227781481
16,128,1.6e+08,160000128,FALSE,FALSE,FALSE,2,"intercept",-1,-1.10981811543083,0.00927217733957756,0.9,-1.27040521409849,-0.953363229860426
16,128,1.6e+08,160000128,FALSE,FALSE,FALSE,2,"X1_groups",1,1.04414648491293,0.0047195130154312,0.9,0.935570148991318,1.15673217081494
16,128,1.6e+08,160000128,FALSE,FALSE,FALSE,2,"X2_dist",1,1.05050075012706,0.00789195971661691,0.9,0.914227293397208,1.20519004525507
16,128,1.6e+08,160000128,FALSE,FALSE,FALSE,2,"X3_norm",1,1.06000811135786,0.00478640718638835,0.9,0.955545213490947,1.1796487027645
16,128,1.6e+08,160000128,FALSE,FALSE,FALSE,2,"X4_row",1,0.995031708920152,0.00572117247107853,0.9,0.870847709050785,1.12910589482622
16,128,1.6e+08,160000128,FALSE,TRUE,FALSE,1,"intercept",-1,-0.702800969339316,0.00565991566070881,0.9,-0.818662016888448,-0.580133944218291
16,128,1.6e+08,160000128,FALSE,TRUE,FALSE,1,"X1_groups",1,0.787929422262692,0.00233243704799684,0.9,0.707923497251439,0.867438340097997
16,128,1.6e+08,160000128,FALSE,TRUE,FALSE,1,"X2_dist",1,0.708329190077836,0.00467240907083182,0.9,0.602593923434294,0.818984338934548
16,128,1.6e+08,160000128,FALSE,TRUE,FALSE,1,"X3_norm",1,0.814301372747451,0.00267974668104496,0.9,0.728935639006664,0.900472680744324
16,128,1.6e+08,160000128,FALSE,TRUE,FALSE,1,"X4_row",1,0.725851513642224,0.00312641798009817,0.9,0.627057077550275,0.813465387809309
16,128,1.6e+08,160000128,FALSE,TRUE,FALSE,2,"intercept",-1,-0.833919533699075,0.00831821518844468,0.9,-0.992765587869668,-0.692790055495994
16,128,1.6e+08,160000128,FALSE,TRUE,FALSE,2,"X1_groups",1,0.946694560597723,0.00465703288812928,0.9,0.833516401861459,1.05925083364048
16,128,1.6e+08,160000128,FALSE,TRUE,FALSE,2,"X2_dist",1,0.848357078119457,0.00699805436288477,0.9,0.728898170021057,0.995417666260875
16,128,1.6e+08,160000128,FALSE,TRUE,FALSE,2,"X3_norm",1,0.979971354655495,0.00415882117249284,0.9,0.870842429520117,1.08506939276588
16,128,1.6e+08,160000128,FALSE,TRUE,FALSE,2,"X4_row",1,0.894142509832872,0.00469738607912442,0.9,0.788806583601458,1.01345602563324
16,129,1.6e+08,160000129,FALSE,FALSE,FALSE,0,"intercept",-1,-0.919487346209726,0.00686123378788143,0.9,-1.05852869853375,-0.790676109943538
16,129,1.6e+08,160000129,FALSE,FALSE,FALSE,0,"X1_groups",1,1.00339251801536,0.00272383756744499,0.9,0.919720677121686,1.09447129790111
16,129,1.6e+08,160000129,FALSE,FALSE,FALSE,0,"X2_dist",1,0.920839357011494,0.00513140200939187,0.9,0.810260511010322,1.03806578790357
16,129,1.6e+08,160000129,FALSE,FALSE,FALSE,0,"X3_norm",1,0.922243355034007,0.00278391160916634,0.9,0.84521171122837,1.01268770612399
16,129,1.6e+08,160000129,FALSE,FALSE,FALSE,0,"X4_row",1,0.925619199430077,0.00367004444459128,0.9,0.819554746887927,1.02304458986948
16,129,1.6e+08,160000129,FALSE,TRUE,FALSE,0,"intercept",-1,-0.55023913463158,0.00407595103171055,0.9,-0.657235363610096,-0.452683308066234
16,129,1.6e+08,160000129,FALSE,TRUE,FALSE,0,"X1_groups",1,0.58488381146579,0.00150943680070746,0.9,0.52555381635,0.649148186284838
16,129,1.6e+08,160000129,FALSE,TRUE,FALSE,0,"X2_dist",1,0.593089785434644,0.0031591108363081,0.9,0.511197568633478,0.684514185685382
16,129,1.6e+08,160000129,FALSE,TRUE,FALSE,0,"X3_norm",1,0.599096436400356,0.00167616010328991,0.9,0.53571039318448,0.66766715454883
16,129,1.6e+08,160000129,FALSE,TRUE,FALSE,0,"X4_row",1,0.577964739525987,0.00212239692475871,0.9,0.49679695516255,0.653740639414573
16,129,1.6e+08,160000129,FALSE,FALSE,FALSE,1,"intercept",-1,-0.964132523930675,0.00683559074665085,0.9,-1.09151375915368,-0.819321068677854
16,129,1.6e+08,160000129,FALSE,FALSE,FALSE,1,"X1_groups",1,1.053965281308,0.00323298642718308,0.9,0.957108887012851,1.14889763815398
16,129,1.6e+08,160000129,FALSE,FALSE,FALSE,1,"X2_dist",1,0.956568817646619,0.00530674592398019,0.9,0.839369820449996,1.0833011148746
16,129,1.6e+08,160000129,FALSE,FALSE,FALSE,1,"X3_norm",1,0.95900176411158,0.0037880007215232,0.9,0.862864876372381,1.06540362933314
16,129,1.6e+08,160000129,FALSE,FALSE,FALSE,1,"X4_row",1,0.967802065108416,0.00425727383706025,0.9,0.861777259865845,1.07355302824541
16,129,1.6e+08,160000129,FALSE,FALSE,FALSE,2,"intercept",-1,-1.01283681691802,0.00788803900398455,0.9,-1.16696876932775,-0.889120677995193
16,129,1.6e+08,160000129,FALSE,FALSE,FALSE,2,"X1_groups",1,1.09138143181577,0.00422813048389232,0.9,0.990654494973069,1.2000972312348
16,129,1.6e+08,160000129,FALSE,FALSE,FALSE,2,"X2_dist",1,0.997791255084074,0.00622050905932419,0.9,0.883324308190238,1.13050223088757
16,129,1.6e+08,160000129,FALSE,FALSE,FALSE,2,"X3_norm",1,0.995640555309876,0.00404998846089511,0.9,0.897351459963162,1.10221325081788
16,129,1.6e+08,160000129,FALSE,FALSE,FALSE,2,"X4_row",1,1.00533441965963,0.00518799951067508,0.9,0.89301045568985,1.12201643326604
16,129,1.6e+08,160000129,FALSE,TRUE,FALSE,1,"intercept",-1,-0.649102136077343,0.00516588946995861,0.9,-0.760267147227133,-0.538432415651668
16,129,1.6e+08,160000129,FALSE,TRUE,FALSE,1,"X1_groups",1,0.7053032207425,0.00222566268896483,0.9,0.629364782147647,0.779229347461494
16,129,1.6e+08,160000129,FALSE,TRUE,FALSE,1,"X2_dist",1,0.710873654598162,0.00440018426361083,0.9,0.597842575945345,0.825689865718908
16,129,1.6e+08,160000129,FALSE,TRUE,FALSE,1,"X3_norm",1,0.724267305681523,0.00235539650581889,0.9,0.64788557703543,0.809851398847592
16,129,1.6e+08,160000129,FALSE,TRUE,FALSE,1,"X4_row",1,0.699700863806685,0.00273064219350509,0.9,0.612680448323322,0.788588514188116
16,129,1.6e+08,160000129,FALSE,TRUE,FALSE,2,"intercept",-1,-0.836946338734791,0.00786401681841961,0.9,-0.986542765140029,-0.701112663699051
16,129,1.6e+08,160000129,FALSE,TRUE,FALSE,2,"X1_groups",1,0.913298948591138,0.0042472414265362,0.9,0.813940664720732,1.01557425325784
16,129,1.6e+08,160000129,FALSE,TRUE,FALSE,2,"X2_dist",1,0.924538819704081,0.00681859807387864,0.9,0.79136509932574,1.06743912602065
16,129,1.6e+08,160000129,FALSE,TRUE,FALSE,2,"X3_norm",1,0.931801506735996,0.00419676735024548,0.9,0.831815614306286,1.03576297382492
16,129,1.6e+08,160000129,FALSE,TRUE,FALSE,2,"X4_row",1,0.898625504431898,0.00494488871160972,0.9,0.790208562905545,1.0190704199993
16,130,1.6e+08,160000130,FALSE,FALSE,FALSE,0,"intercept",-1,-0.80851037059865,0.00679850129609443,0.9,-0.938651719639605,-0.688347281935154
16,130,1.6e+08,160000130,FALSE,FALSE,FALSE,0,"X1_groups",1,0.923986636530661,0.0028544368387667,0.9,0.839951797625045,1.01556988787891
16,130,1.6e+08,160000130,FALSE,FALSE,FALSE,0,"X2_dist",1,0.869360615919944,0.00531819383052964,0.9,0.757901777359327,1.00104486617275
16,130,1.6e+08,160000130,FALSE,FALSE,FALSE,0,"X3_norm",1,1.10409900281555,0.00337048990621945,0.9,1.00500280504854,1.19199997977366
16,130,1.6e+08,160000130,FALSE,FALSE,FALSE,0,"X4_row",1,0.993064153893888,0.00386639522256837,0.9,0.896630165694224,1.09501375214323
16,130,1.6e+08,160000130,FALSE,TRUE,FALSE,0,"intercept",-1,-0.634375561071006,0.00432680203666553,0.9,-0.743115078320912,-0.526482371238427
16,130,1.6e+08,160000130,FALSE,TRUE,FALSE,0,"X1_groups",1,0.615964375221008,0.00146351887009242,0.9,0.557125753576214,0.678917179237931
16,130,1.6e+08,160000130,FALSE,TRUE,FALSE,0,"X2_dist",1,0.62796478570914,0.00334504835241584,0.9,0.532208937257905,0.729388385216465
16,130,1.6e+08,160000130,FALSE,TRUE,FALSE,0,"X3_norm",1,0.644232140145198,0.0015933925495277,0.9,0.57737206923231,0.707658287616818
16,130,1.6e+08,160000130,FALSE,TRUE,FALSE,0,"X4_row",1,0.524392674948899,0.00234364842527229,0.9,0.443173004910577,0.602256693280084
16,130,1.6e+08,160000130,FALSE,FALSE,FALSE,1,"intercept",-1,-0.845257723245981,0.00690435916810954,0.9,-0.994805756158468,-0.718512957454294
16,130,1.6e+08,160000130,FALSE,FALSE,FALSE,1,"X1_groups",1,0.964489258932775,0.00331549738966913,0.9,0.877965734249662,1.05671049602625
16,130,1.6e+08,160000130,FALSE,FALSE,FALSE,1,"X2_dist",1,0.906810353970042,0.00626654573300209,0.9,0.788279215827667,1.0433165162504
16,130,1.6e+08,160000130,FALSE,FALSE,FALSE,1,"X3_norm",1,1.14743499128768,0.00407077913301726,0.9,1.03945181502568,1.25611147958679
16,130,1.6e+08,160000130,FALSE,FALSE,FALSE,1,"X4_row",1,1.04278974052557,0.00489362826993075,0.9,0.924098804602572,1.15720574775716
16,130,1.6e+08,160000130,FALSE,FALSE,FALSE,2,"intercept",-1,-0.884847987151115,0.00841478475244514,0.9,-1.05194521706311,-0.741960771532568
16,130,1.6e+08,160000130,FALSE,FALSE,FALSE,2,"X1_groups",1,0.995718053250661,0.00396391331934208,0.9,0.892484782805035,1.09514689336601
16,130,1.6e+08,160000130,FALSE,FALSE,FALSE,2,"X2_dist",1,0.948381804755564,0.0074953472996911,0.9,0.809559041155126,1.09238467254602
16,130,1.6e+08,160000130,FALSE,FALSE,FALSE,2,"X3_norm",1,1.18806093216078,0.00553750112988702,0.9,1.06708526782656,1.3093386060477
16,130,1.6e+08,160000130,FALSE,FALSE,FALSE,2,"X4_row",1,1.0814596614077,0.00608971867441897,0.9,0.964782058486919,1.21229770863565
16,130,1.6e+08,160000130,FALSE,TRUE,FALSE,1,"intercept",-1,-0.755147700767206,0.00548647321525195,0.9,-0.867149742920853,-0.631647471379563
16,130,1.6e+08,160000130,FALSE,TRUE,FALSE,1,"X1_groups",1,0.761169017843696,0.00240333997271032,0.9,0.676923077361067,0.840546454880531
16,130,1.6e+08,160000130,FALSE,TRUE,FALSE,1,"X2_dist",1,0.746238816786953,0.0048648208132291,0.9,0.627265908971561,0.867226017864187
16,130,1.6e+08,160000130,FALSE,TRUE,FALSE,1,"X3_norm",1,0.782936261447543,0.00241655441661674,0.9,0.699112633611675,0.853940305826545
16,130,1.6e+08,160000130,FALSE,TRUE,FALSE,1,"X4_row",1,0.647741538089671,0.00304962335253675,0.9,0.559893705423624,0.737964634104057
16,130,1.6e+08,160000130,FALSE,TRUE,FALSE,2,"intercept",-1,-0.958759195181167,0.00917860895774502,0.9,-1.11761814149143,-0.800862998712243
16,130,1.6e+08,160000130,FALSE,TRUE,FALSE,2,"X1_groups",1,0.977157010556331,0.00498819709701456,0.9,0.86451751601093,1.09871609803194
16,130,1.6e+08,160000130,FALSE,TRUE,FALSE,2,"X2_dist",1,0.948852406012959,0.00791011256698257,0.9,0.803564225593172,1.08943828180094
16,130,1.6e+08,160000130,FALSE,TRUE,FALSE,2,"X3_norm",1,1.01925746352632,0.00433296686640749,0.9,0.918605692404885,1.12735029630558
16,130,1.6e+08,160000130,FALSE,TRUE,FALSE,2,"X4_row",1,0.89941062792125,0.00567296189441638,0.9,0.778143953973019,1.02228318590921
16,131,1.6e+08,160000131,FALSE,FALSE,FALSE,0,"intercept",-1,-0.899479899810174,0.00768325094825573,0.9,-1.04820294673231,-0.759667989830276
16,131,1.6e+08,160000131,FALSE,FALSE,FALSE,0,"X1_groups",1,1.08134866405819,0.00353529589890572,0.9,0.989006434099331,1.18142737424953
16,131,1.6e+08,160000131,FALSE,FALSE,FALSE,0,"X2_dist",1,0.989192983258377,0.00612748214391319,0.9,0.859539964577674,1.11797037808716
16,131,1.6e+08,160000131,FALSE,FALSE,FALSE,0,"X3_norm",1,1.06705286755101,0.00362550087864438,0.9,0.971171932870833,1.17318959117619
16,131,1.6e+08,160000131,FALSE,FALSE,FALSE,0,"X4_row",1,1.25061628099501,0.00545999684787283,0.9,1.13324740376729,1.38141812460364
16,131,1.6e+08,160000131,FALSE,TRUE,FALSE,0,"intercept",-1,-0.664581651532242,0.00460077367876975,0.9,-0.78532127691971,-0.551641527723957
16,131,1.6e+08,160000131,FALSE,TRUE,FALSE,0,"X1_groups",1,0.618119607257732,0.00171954125191781,0.9,0.551928020661721,0.687227625814897
16,131,1.6e+08,160000131,FALSE,TRUE,FALSE,0,"X2_dist",1,0.664407716856427,0.00370207185525827,0.9,0.567129109560918,0.762552339214743
16,131,1.6e+08,160000131,FALSE,TRUE,FALSE,0,"X3_norm",1,0.693210278939797,0.00190922040237866,0.9,0.621664716180725,0.767854445731811
16,131,1.6e+08,160000131,FALSE,TRUE,FALSE,0,"X4_row",1,0.681966601673453,0.00266563226922452,0.9,0.588750918422907,0.769073288007233
16,131,1.6e+08,160000131,FALSE,FALSE,FALSE,1,"intercept",-1,-0.940393289082669,0.00791776357068902,0.9,-1.07940805063161,-0.804939626652482
16,131,1.6e+08,160000131,FALSE,FALSE,FALSE,1,"X1_groups",1,1.1227068072788,0.00404352590461519,0.9,1.02339243631233,1.23324810839082
16,131,1.6e+08,160000131,FALSE,FALSE,FALSE,1,"X2_dist",1,1.02934007008776,0.00708662075447633,0.9,0.883930258385115,1.16255228186901
16,131,1.6e+08,160000131,FALSE,FALSE,FALSE,1,"X3_norm",1,1.10214556189134,0.00487801626941333,0.9,0.984870694165148,1.20738907409955
16,131,1.6e+08,160000131,FALSE,FALSE,FALSE,1,"X4_row",1,1.29724705668949,0.00617514397542259,0.9,1.15942036694436,1.43137089510971
16,131,1.6e+08,160000131,FALSE,FALSE,FALSE,2,"intercept",-1,-0.968807529248457,0.00763320387131027,0.9,-1.11298729587673,-0.829358895553695
16,131,1.6e+08,160000131,FALSE,FALSE,FALSE,2,"X1_groups",1,1.15098683850025,0.00417265309685496,0.9,1.0525974768257,1.26627908527739
16,131,1.6e+08,160000131,FALSE,FALSE,FALSE,2,"X2_dist",1,1.05860137552214,0.00683894846097589,0.9,0.935243826319589,1.19755154769222
16,131,1.6e+08,160000131,FALSE,FALSE,FALSE,2,"X3_norm",1,1.13154804342914,0.00475318325115103,0.9,1.01629680401924,1.2472937005045
16,131,1.6e+08,160000131,FALSE,FALSE,FALSE,2,"X4_row",1,1.33192304861614,0.0065238505062768,0.9,1.20377538304889,1.47002994219585
16,131,1.6e+08,160000131,FALSE,TRUE,FALSE,1,"intercept",-1,-0.777782036159762,0.00571156213319743,0.9,-0.898685110973033,-0.650164531893219
16,131,1.6e+08,160000131,FALSE,TRUE,FALSE,1,"X1_groups",1,0.765557088653015,0.00230253567046692,0.9,0.691469264697183,0.839826777950692
16,131,1.6e+08,160000131,FALSE,TRUE,FALSE,1,"X2_dist",1,0.793390652359021,0.00467125470615993,0.9,0.689887259032279,0.905586649237224
16,131,1.6e+08,160000131,FALSE,TRUE,FALSE,1,"X3_norm",1,0.837271635012572,0.0029533574215926,0.9,0.750752002516472,0.931965852564972
16,131,1.6e+08,160000131,FALSE,TRUE,FALSE,1,"X4_row",1,0.853519562299987,0.0036651672383287,0.9,0.754820769323882,0.949730743275471
16,131,1.6e+08,160000131,FALSE,TRUE,FALSE,2,"intercept",-1,-0.944205305489336,0.00947177010884569,0.9,-1.12343291268335,-0.793786716196812
16,131,1.6e+08,160000131,FALSE,TRUE,FALSE,2,"X1_groups",1,0.913894526288279,0.00451535876345015,0.9,0.798659297243067,1.02282836983183
16,131,1.6e+08,160000131,FALSE,TRUE,FALSE,2,"X2_dist",1,0.969356513053798,0.00783151318924785,0.9,0.823451559623107,1.11681194328907
16,131,1.6e+08,160000131,FALSE,TRUE,FALSE,2,"X3_norm",1,1.00387040471927,0.00456829221362617,0.9,0.899203275081447,1.10961513080007
16,131,1.6e+08,160000131,FALSE,TRUE,FALSE,2,"X4_row",1,1.05081119911933,0.00634910541132451,0.9,0.927386788826834,1.18746581483818
16,132,1.6e+08,160000132,FALSE,FALSE,FALSE,0,"intercept",-1,-0.985381672451725,0.00713589082651951,0.9,-1.1259993463695,-0.84027685997826
16,132,1.6e+08,160000132,FALSE,FALSE,FALSE,0,"X1_groups",1,0.9747408206816,0.00299150323914569,0.9,0.88925068997205,1.06333362485758
16,132,1.6e+08,160000132,FALSE,FALSE,FALSE,0,"X2_dist",1,1.0145842510543,0.00537129973497007,0.9,0.89778799123398,1.13213370207278
16,132,1.6e+08,160000132,FALSE,FALSE,FALSE,0,"X3_norm",1,0.996676832234215,0.00349826361559792,0.9,0.901380501021911,1.09546496509805
16,132,1.6e+08,160000132,FALSE,FALSE,FALSE,0,"X4_row",1,1.00393247568178,0.00433718120782532,0.9,0.892455689513228,1.11277176899995
16,132,1.6e+08,160000132,FALSE,TRUE,FALSE,0,"intercept",-1,-0.715252596033447,0.00456137059263948,0.9,-0.828869346572483,-0.6108168395121
16,132,1.6e+08,160000132,FALSE,TRUE,FALSE,0,"X1_groups",1,0.604476009629602,0.00155089457907209,0.9,0.542138496582967,0.668316577526701
16,132,1.6e+08,160000132,FALSE,TRUE,FALSE,0,"X2_dist",1,0.713931831796845,0.00345675863665073,0.9,0.620232022945361,0.80928129594939
16,132,1.6e+08,160000132,FALSE,TRUE,FALSE,0,"X3_norm",1,0.643073506654403,0.00166835338001856,0.9,0.580892715455011,0.71444678941174
16,132,1.6e+08,160000132,FALSE,TRUE,FALSE,0,"X4_row",1,0.603499926393593,0.00203312185361498,0.9,0.52565020623668,0.677367922930331
16,132,1.6e+08,160000132,FALSE,FALSE,FALSE,1,"intercept",-1,-1.01422567620034,0.00726841274782326,0.9,-1.15378180012925,-0.872547786738504
16,132,1.6e+08,160000132,FALSE,FALSE,FALSE,1,"X1_groups",1,1.00636641800123,0.00306616397117272,0.9,0.918609499973482,1.09990779961129
16,132,1.6e+08,160000132,FALSE,FALSE,FALSE,1,"X2_dist",1,1.04000624980285,0.00597326681829516,0.9,0.919636284944926,1.18011008022642
16,132,1.6e+08,160000132,FALSE,FALSE,FALSE,1,"X3_norm",1,1.0235606740304,0.00380798098417971,0.9,0.925523833502024,1.12231988745602
16,132,1.6e+08,160000132,FALSE,FALSE,FALSE,1,"X4_row",1,1.03657267673957,0.00464704919001999,0.9,0.92011859745054,1.13698935429013
16,132,1.6e+08,160000132,FALSE,FALSE,FALSE,2,"intercept",-1,-1.05262908367715,0.00929681883093454,0.9,-1.23258418860568,-0.899221168478706
16,132,1.6e+08,160000132,FALSE,FALSE,FALSE,2,"X1_groups",1,1.03773151127809,0.00399574050124242,0.9,0.938212220345809,1.13830931833599
16,132,1.6e+08,160000132,FALSE,FALSE,FALSE,2,"X2_dist",1,1.0766868725454,0.00786658253620598,0.9,0.944031167771352,1.23219974491546
16,132,1.6e+08,160000132,FALSE,FALSE,FALSE,2,"X3_norm",1,1.05560217355016,0.00433611226980624,0.9,0.946270503326119,1.16199773213939
16,132,1.6e+08,160000132,FALSE,FALSE,FALSE,2,"X4_row",1,1.06405277393759,0.00488276685074242,0.9,0.95620784503742,1.17790631116937
16,132,1.6e+08,160000132,FALSE,TRUE,FALSE,1,"intercept",-1,-0.888820444653315,0.0060196457662579,0.9,-1.00870011690704,-0.762720440590271
16,132,1.6e+08,160000132,FALSE,TRUE,FALSE,1,"X1_groups",1,0.76483897284634,0.00226286532998666,0.9,0.692866624771242,0.838830365986692
16,132,1.6e+08,160000132,FALSE,TRUE,FALSE,1,"X2_dist",1,0.895726101738001,0.00516528477436095,0.9,0.779863934056194,1.0158510929865
16,132,1.6e+08,160000132,FALSE,TRUE,FALSE,1,"X3_norm",1,0.823594498108988,0.00306124346560279,0.9,0.733909481476929,0.915122634822843
16,132,1.6e+08,160000132,FALSE,TRUE,FALSE,1,"X4_row",1,0.789646843623698,0.00346477935862726,0.9,0.693730501413821,0.888039220903928
16,132,1.6e+08,160000132,FALSE,TRUE,FALSE,2,"intercept",-1,-1.11399600063367,0.0107576200975722,0.9,-1.29115333944467,-0.959998312174315
16,132,1.6e+08,160000132,FALSE,TRUE,FALSE,2,"X1_groups",1,0.949719172930258,0.00493427705226563,0.9,0.839788508847005,1.06103535870349
16,132,1.6e+08,160000132,FALSE,TRUE,FALSE,2,"X2_dist",1,1.12480070434592,0.00911032212027001,0.9,0.971549470622732,1.27638898930708
16,132,1.6e+08,160000132,FALSE,TRUE,FALSE,2,"X3_norm",1,1.03643206006837,0.00534321124249393,0.9,0.918506350017625,1.17652138962706
16,132,1.6e+08,160000132,FALSE,TRUE,FALSE,2,"X4_row",1,0.991535033099212,0.00584685855236481,0.9,0.868050622137986,1.12798833720776
16,133,1.6e+08,160000133,FALSE,FALSE,FALSE,0,"intercept",-1,-0.794613375143777,0.00632447609001604,0.9,-0.922253209744972,-0.657594956880388
16,133,1.6e+08,160000133,FALSE,FALSE,FALSE,0,"X1_groups",1,1.0030838177098,0.00285126606642718,0.9,0.919584058196316,1.09560170563832
16,133,1.6e+08,160000133,FALSE,FALSE,FALSE,0,"X2_dist",1,0.841599753222689,0.00500475709119195,0.9,0.726647114581197,0.951507425214986
16,133,1.6e+08,160000133,FALSE,FALSE,FALSE,0,"X3_norm",1,0.872639555992577,0.002912924189473,0.9,0.782910766762241,0.96237092453738
16,133,1.6e+08,160000133,FALSE,FALSE,FALSE,0,"X4_row",1,1.06514591735681,0.00432564285131891,0.9,0.951516446337913,1.16857886884137
16,133,1.6e+08,160000133,FALSE,TRUE,FALSE,0,"intercept",-1,-0.71947956660988,0.0044768023055845,0.9,-0.836815427229153,-0.620517224931868
16,133,1.6e+08,160000133,FALSE,TRUE,FALSE,0,"X1_groups",1,0.606841411424472,0.00152614015805498,0.9,0.54458301412472,0.669519926501909
16,133,1.6e+08,160000133,FALSE,TRUE,FALSE,0,"X2_dist",1,0.637951515133476,0.00340245616387739,0.9,0.551056213838605,0.732475492568354
16,133,1.6e+08,160000133,FALSE,TRUE,FALSE,0,"X3_norm",1,0.607064279787927,0.001737605498483,0.9,0.536723885592661,0.677770689253218
16,133,1.6e+08,160000133,FALSE,TRUE,FALSE,0,"X4_row",1,0.616333794836638,0.00232823845957596,0.9,0.53101641395436,0.690449118712633
16,133,1.6e+08,160000133,FALSE,FALSE,FALSE,1,"intercept",-1,-0.830582814542583,0.00641647508371145,0.9,-0.963040744217912,-0.714140422253652
16,133,1.6e+08,160000133,FALSE,FALSE,FALSE,1,"X1_groups",1,1.03904980552096,0.00327386644010309,0.9,0.950230121025577,1.14016845978348
16,133,1.6e+08,160000133,FALSE,FALSE,FALSE,1,"X2_dist",1,0.875230310093283,0.00547042608053025,0.9,0.760650426969401,0.997368909754158
16,133,1.6e+08,160000133,FALSE,FALSE,FALSE,1,"X3_norm",1,0.899287707688181,0.003370715339358,0.9,0.807212613965683,0.99789780337691
16,133,1.6e+08,160000133,FALSE,FALSE,FALSE,1,"X4_row",1,1.10429458476564,0.00435285288237326,0.9,0.990066145266073,1.20279556342022
16,133,1.6e+08,160000133,FALSE,FALSE,FALSE,2,"intercept",-1,-0.853777554020942,0.00768330116570528,0.9,-1.00034417863736,-0.714960860965435
16,133,1.6e+08,160000133,FALSE,FALSE,FALSE,2,"X1_groups",1,1.0600616744555,0.0036114239956983,0.9,0.965446974165634,1.16204649568211
16,133,1.6e+08,160000133,FALSE,FALSE,FALSE,2,"X2_dist",1,0.896488836028033,0.0062471765540604,0.9,0.767262171141057,1.03955705267237
16,133,1.6e+08,160000133,FALSE,FALSE,FALSE,2,"X3_norm",1,0.923141195600962,0.00376668869388575,0.9,0.828277013021519,1.02599626005527
16,133,1.6e+08,160000133,FALSE,FALSE,FALSE,2,"X4_row",1,1.12975834080697,0.00523698251654625,0.9,1.01590733846815,1.26898378011842
16,133,1.6e+08,160000133,FALSE,TRUE,FALSE,1,"intercept",-1,-0.880495067343074,0.00627716903301085,0.9,-1.01368854422576,-0.752625368862864
16,133,1.6e+08,160000133,FALSE,TRUE,FALSE,1,"X1_groups",1,0.784580402712831,0.00269620643083326,0.9,0.701325826394829,0.87135567365592
16,133,1.6e+08,160000133,FALSE,TRUE,FALSE,1,"X2_dist",1,0.782438784620077,0.00480253475242608,0.9,0.669592776687873,0.895957971080167
16,133,1.6e+08,160000133,FALSE,TRUE,FALSE,1,"X3_norm",1,0.77996481981351,0.00270902270795798,0.9,0.694816534498805,0.864035676273434
16,133,1.6e+08,160000133,FALSE,TRUE,FALSE,1,"X4_row",1,0.834248880909004,0.00355290821710991,0.9,0.737042539361466,0.932636691672833
16,133,1.6e+08,160000133,FALSE,TRUE,FALSE,2,"intercept",-1,-1.04026291122084,0.00876614197239023,0.9,-1.20219641705355,-0.894881328830538
16,133,1.6e+08,160000133,FALSE,TRUE,FALSE,2,"X1_groups",1,0.954073123141255,0.00411442661691632,0.9,0.847709802736639,1.05637160048763
16,133,1.6e+08,160000133,FALSE,TRUE,FALSE,2,"X2_dist",1,0.937895329304851,0.00657079188536012,0.9,0.809832670005368,1.0765307703299
16,133,1.6e+08,160000133,FALSE,TRUE,FALSE,2,"X3_norm",1,0.936063867517358,0.00382517180247978,0.9,0.837501469899464,1.03283098148216
16,133,1.6e+08,160000133,FALSE,TRUE,FALSE,2,"X4_row",1,1.02376234007658,0.00548026976542907,0.9,0.911479022710139,1.15368519104129
16,134,1.6e+08,160000134,FALSE,FALSE,FALSE,0,"intercept",-1,-1.08408815533669,0.00757293778167855,0.9,-1.23991191001502,-0.951095330817649
16,134,1.6e+08,160000134,FALSE,FALSE,FALSE,0,"X1_groups",1,1.04691051133598,0.0032700821349729,0.9,0.952350156996041,1.14146761256392
16,134,1.6e+08,160000134,FALSE,FALSE,FALSE,0,"X2_dist",1,1.0388149059913,0.00594222815651606,0.9,0.918662666901629,1.16773151357841
16,134,1.6e+08,160000134,FALSE,FALSE,FALSE,0,"X3_norm",1,1.06257225036439,0.00360647855738854,0.9,0.965877972501221,1.1549923969954
16,134,1.6e+08,160000134,FALSE,FALSE,FALSE,0,"X4_row",1,0.975416482073282,0.00450004291675348,0.9,0.865632858652234,1.08393385235126
16,134,1.6e+08,160000134,FALSE,TRUE,FALSE,0,"intercept",-1,-0.727022816331988,0.00448393415775303,0.9,-0.839497234664421,-0.615060104109295
16,134,1.6e+08,160000134,FALSE,TRUE,FALSE,0,"X1_groups",1,0.582641900447577,0.00154510512801695,0.9,0.510893555807062,0.646190433762125
16,134,1.6e+08,160000134,FALSE,TRUE,FALSE,0,"X2_dist",1,0.664964640050798,0.00335262201353123,0.9,0.568638852576073,0.755458936787287
16,134,1.6e+08,160000134,FALSE,TRUE,FALSE,0,"X3_norm",1,0.603082626760482,0.00162422675165108,0.9,0.54307370009134,0.672517922187561
16,134,1.6e+08,160000134,FALSE,TRUE,FALSE,0,"X4_row",1,0.502314825969711,0.00202955314636662,0.9,0.426229037430889,0.571478809284234
16,134,1.6e+08,160000134,FALSE,FALSE,FALSE,1,"intercept",-1,-1.12292093492997,0.00771243972757272,0.9,-1.26460521139403,-0.993279934555501
16,134,1.6e+08,160000134,FALSE,FALSE,FALSE,1,"X1_groups",1,1.08409939410711,0.00330386979288593,0.9,0.982991078677453,1.17411551694656
16,134,1.6e+08,160000134,FALSE,FALSE,FALSE,1,"X2_dist",1,1.07108067009133,0.0062208787661733,0.9,0.953653132262494,1.20106661668803
16,134,1.6e+08,160000134,FALSE,FALSE,FALSE,1,"X3_norm",1,1.0909834053052,0.00411738648517949,0.9,0.991665500366582,1.19575406589909
16,134,1.6e+08,160000134,FALSE,FALSE,FALSE,1,"X4_row",1,1.01253556514118,0.00457289960464662,0.9,0.901805303432817,1.1241841125357
16,134,1.6e+08,160000134,FALSE,FALSE,FALSE,2,"intercept",-1,-1.16097563997821,0.00881816944311377,0.9,-1.32271142071906,-1.00683016776147
16,134,1.6e+08,160000134,FALSE,FALSE,FALSE,2,"X1_groups",1,1.11222989479119,0.00413900836126695,0.9,1.0105493475061,1.21854697846853
16,134,1.6e+08,160000134,FALSE,FALSE,FALSE,2,"X2_dist",1,1.10430777732042,0.00747097012754687,0.9,0.964896549129556,1.25433636065926
16,134,1.6e+08,160000134,FALSE,FALSE,FALSE,2,"X3_norm",1,1.12288324695114,0.00462758145349859,0.9,1.00785087434921,1.23055727357212
16,134,1.6e+08,160000134,FALSE,FALSE,FALSE,2,"X4_row",1,1.04168381397449,0.00512978655666112,0.9,0.930600235748251,1.16074198086553
16,134,1.6e+08,160000134,FALSE,TRUE,FALSE,1,"intercept",-1,-0.934725694961461,0.00641088086469028,0.9,-1.06355373269532,-0.801076927864212
16,134,1.6e+08,160000134,FALSE,TRUE,FALSE,1,"X1_groups",1,0.745930790934072,0.0023895758864978,0.9,0.663580073856741,0.823359102038514
16,134,1.6e+08,160000134,FALSE,TRUE,FALSE,1,"X2_dist",1,0.866432506046212,0.0051636612578118,0.9,0.750038105680198,0.984834614827865
16,134,1.6e+08,160000134,FALSE,TRUE,FALSE,1,"X3_norm",1,0.790693564617699,0.00255349911571402,0.9,0.706653988272175,0.864615985470325
16,134,1.6e+08,160000134,FALSE,TRUE,FALSE,1,"X4_row",1,0.692615473274619,0.00312494368325835,0.9,0.597881069146161,0.787669621363889
16,134,1.6e+08,160000134,FALSE,TRUE,FALSE,2,"intercept",-1,-1.18636912599727,0.0101991606831619,0.9,-1.34793711765621,-1.02946733071358
16,134,1.6e+08,160000134,FALSE,TRUE,FALSE,2,"X1_groups",1,0.955508373636595,0.00445204628790686,0.9,0.854085500334751,1.06443765919245
16,134,1.6e+08,160000134,FALSE,TRUE,FALSE,2,"X2_dist",1,1.07615276426781,0.00804006580027509,0.9,0.942624237200606,1.22810988541922
16,134,1.6e+08,160000134,FALSE,TRUE,FALSE,2,"X3_norm",1,0.991308916198373,0.00468648355951705,0.9,0.879446471455683,1.10153798520066
16,134,1.6e+08,160000134,FALSE,TRUE,FALSE,2,"X4_row",1,0.897321621950959,0.00524944468121127,0.9,0.777015202793502,1.02141232555955
16,135,1.6e+08,160000135,FALSE,FALSE,FALSE,0,"intercept",-1,-0.960335524591072,0.00696072151051607,0.9,-1.10308725150147,-0.818052431889722
16,135,1.6e+08,160000135,FALSE,FALSE,FALSE,0,"X1_groups",1,0.973987653714785,0.00302009285372486,0.9,0.886313824216992,1.07510017570247
16,135,1.6e+08,160000135,FALSE,FALSE,FALSE,0,"X2_dist",1,0.905740790959356,0.0051867841889804,0.9,0.785255530296728,1.02454455549377
16,135,1.6e+08,160000135,FALSE,FALSE,FALSE,0,"X3_norm",1,0.976274126332166,0.003323061174108,0.9,0.883681771648209,1.06582537613199
16,135,1.6e+08,160000135,FALSE,FALSE,FALSE,0,"X4_row",1,1.01555256447849,0.00427683547669443,0.9,0.906031925610376,1.11734525321761
16,135,1.6e+08,160000135,FALSE,TRUE,FALSE,0,"intercept",-1,-0.671775719815103,0.00463945336427809,0.9,-0.790099343872866,-0.56556034896133
16,135,1.6e+08,160000135,FALSE,TRUE,FALSE,0,"X1_groups",1,0.593871566653757,0.00158195058448722,0.9,0.531457429126915,0.659526846846168
16,135,1.6e+08,160000135,FALSE,TRUE,FALSE,0,"X2_dist",1,0.645922733620506,0.00331375325257266,0.9,0.557444888615802,0.739166781521119
16,135,1.6e+08,160000135,FALSE,TRUE,FALSE,0,"X3_norm",1,0.676439432247993,0.00164091574033466,0.9,0.609959155948811,0.741426594406877
16,135,1.6e+08,160000135,FALSE,TRUE,FALSE,0,"X4_row",1,0.610271864121562,0.0023703556468929,0.9,0.529952860018583,0.687942328840908
16,135,1.6e+08,160000135,FALSE,FALSE,FALSE,1,"intercept",-1,-0.988231504598954,0.00717201242670007,0.9,-1.13208534574102,-0.85680914884566
16,135,1.6e+08,160000135,FALSE,FALSE,FALSE,1,"X1_groups",1,1.00199165527197,0.00307631394475938,0.9,0.908007413010477,1.09362377056227
16,135,1.6e+08,160000135,FALSE,FALSE,FALSE,1,"X2_dist",1,0.928472250344102,0.00589958849846549,0.9,0.813527368249948,1.05117069779553
16,135,1.6e+08,160000135,FALSE,FALSE,FALSE,1,"X3_norm",1,1.00045682386122,0.00360165745026055,0.9,0.900158086212988,1.10008501245831
16,135,1.6e+08,160000135,FALSE,FALSE,FALSE,1,"X4_row",1,1.04394387228936,0.0043838071702918,0.9,0.941846711853561,1.1561014782392
16,135,1.6e+08,160000135,FALSE,FALSE,FALSE,2,"intercept",-1,-1.02393660694204,0.00866311328440565,0.9,-1.17673102447215,-0.873174367078801
16,135,1.6e+08,160000135,FALSE,FALSE,FALSE,2,"X1_groups",1,1.03115980519003,0.00404927858141465,0.9,0.930122540645944,1.141374174493
16,135,1.6e+08,160000135,FALSE,FALSE,FALSE,2,"X2_dist",1,0.960994528360031,0.00693840435280961,0.9,0.826217965312161,1.1039590722599
16,135,1.6e+08,160000135,FALSE,FALSE,FALSE,2,"X3_norm",1,1.0291141426131,0.00367542148884541,0.9,0.927494703082346,1.12750961450631
16,135,1.6e+08,160000135,FALSE,FALSE,FALSE,2,"X4_row",1,1.0754634611932,0.00526601248834579,0.9,0.965572436049071,1.19437913895135
16,135,1.6e+08,160000135,FALSE,TRUE,FALSE,1,"intercept",-1,-0.801808424839151,0.00626047101657137,0.9,-0.924383935922237,-0.673688525521401
16,135,1.6e+08,160000135,FALSE,TRUE,FALSE,1,"X1_groups",1,0.758528704120666,0.00254078517149017,0.9,0.673018042446907,0.837118529918526
16,135,1.6e+08,160000135,FALSE,TRUE,FALSE,1,"X2_dist",1,0.775373348030085,0.00515245991310953,0.9,0.66659358943059,0.896397914555325
16,135,1.6e+08,160000135,FALSE,TRUE,FALSE,1,"X3_norm",1,0.834296002126973,0.00312236131188472,0.9,0.736543861024271,0.919769404036332
16,135,1.6e+08,160000135,FALSE,TRUE,FALSE,1,"X4_row",1,0.798070143797675,0.00361727830343167,0.9,0.700977410417285,0.901331349633777
16,135,1.6e+08,160000135,FALSE,TRUE,FALSE,2,"intercept",-1,-1.01537736437933,0.00932379777951312,0.9,-1.17904117669778,-0.866899013557384
16,135,1.6e+08,160000135,FALSE,TRUE,FALSE,2,"X1_groups",1,0.939634147667631,0.00430628939262278,0.9,0.825687002377761,1.04927407521
16,135,1.6e+08,160000135,FALSE,TRUE,FALSE,2,"X2_dist",1,0.992635818548366,0.00749773458994149,0.9,0.856301185495805,1.13525340354922
16,135,1.6e+08,160000135,FALSE,TRUE,FALSE,2,"X3_norm",1,1.04590228245382,0.00481842939622794,0.9,0.939113865927765,1.1644810048423
16,135,1.6e+08,160000135,FALSE,TRUE,FALSE,2,"X4_row",1,1.0104762911991,0.00510323560904905,0.9,0.89780817379993,1.12784080380931
16,136,1.6e+08,160000136,FALSE,FALSE,FALSE,0,"intercept",-1,-0.970676174319512,0.00639642848829943,0.9,-1.10043956760045,-0.845241775367161
16,136,1.6e+08,160000136,FALSE,FALSE,FALSE,0,"X1_groups",1,0.929976316136513,0.00280081822115357,0.9,0.839462676313801,1.01021976321272
16,136,1.6e+08,160000136,FALSE,FALSE,FALSE,0,"X2_dist",1,0.997284719391613,0.00497163836062236,0.9,0.885536788291266,1.11197323110772
16,136,1.6e+08,160000136,FALSE,FALSE,FALSE,0,"X3_norm",1,0.960594120630952,0.00351349553115205,0.9,0.869606203413841,1.05400376727216
16,136,1.6e+08,160000136,FALSE,FALSE,FALSE,0,"X4_row",1,1.00112093885532,0.00423401136129533,0.9,0.89485956331662,1.10143402183496
16,136,1.6e+08,160000136,FALSE,TRUE,FALSE,0,"intercept",-1,-0.592452912727581,0.00456239740675456,0.9,-0.704241867297286,-0.484045495986009
16,136,1.6e+08,160000136,FALSE,TRUE,FALSE,0,"X1_groups",1,0.56770689680298,0.00137124081448577,0.9,0.511014741976567,0.630624531634547
16,136,1.6e+08,160000136,FALSE,TRUE,FALSE,0,"X2_dist",1,0.581668753767157,0.00352310180316138,0.9,0.484024200368775,0.679216176570753
16,136,1.6e+08,160000136,FALSE,TRUE,FALSE,0,"X3_norm",1,0.59053205392623,0.00155772625193351,0.9,0.524052335520679,0.654963571257032
16,136,1.6e+08,160000136,FALSE,TRUE,FALSE,0,"X4_row",1,0.548206192346402,0.00225850345877436,0.9,0.467657837692321,0.619944808879978
16,136,1.6e+08,160000136,FALSE,FALSE,FALSE,1,"intercept",-1,-1.01096245762782,0.00714755311679249,0.9,-1.1429735523597,-0.880744736949463
16,136,1.6e+08,160000136,FALSE,FALSE,FALSE,1,"X1_groups",1,0.970692549269451,0.00357534201777047,0.9,0.87192006730285,1.06863681087938
16,136,1.6e+08,160000136,FALSE,FALSE,FALSE,1,"X2_dist",1,1.03379932443454,0.00613102132554456,0.9,0.906692289692164,1.17974597279632
16,136,1.6e+08,160000136,FALSE,FALSE,FALSE,1,"X3_norm",1,0.990141083915358,0.0036552291515099,0.9,0.896016431970788,1.0944070740451
16,136,1.6e+08,160000136,FALSE,FALSE,FALSE,1,"X4_row",1,1.03893246634057,0.00472670633642423,0.9,0.93158804609111,1.15950083127817
16,136,1.6e+08,160000136,FALSE,FALSE,FALSE,2,"intercept",-1,-1.04268806247651,0.00781345334666914,0.9,-1.19269465627791,-0.898531782037437
16,136,1.6e+08,160000136,FALSE,FALSE,FALSE,2,"X1_groups",1,1.00416994437116,0.00447062898344585,0.9,0.900194980599295,1.12413182881614
16,136,1.6e+08,160000136,FALSE,FALSE,FALSE,2,"X2_dist",1,1.06753016413397,0.00678640247658756,0.9,0.934673205505404,1.20528257848592
16,136,1.6e+08,160000136,FALSE,FALSE,FALSE,2,"X3_norm",1,1.02112171672021,0.00429668415681719,0.9,0.910425009877747,1.13465958419802
16,136,1.6e+08,160000136,FALSE,FALSE,FALSE,2,"X4_row",1,1.07855371649958,0.00578607421718181,0.9,0.960698993603109,1.21438143235766
16,136,1.6e+08,160000136,FALSE,TRUE,FALSE,1,"intercept",-1,-0.73240749114077,0.00572598633189871,0.9,-0.860240412334151,-0.611496427080938
16,136,1.6e+08,160000136,FALSE,TRUE,FALSE,1,"X1_groups",1,0.738411475522363,0.00246269789250865,0.9,0.655906573602463,0.823349959848507
16,136,1.6e+08,160000136,FALSE,TRUE,FALSE,1,"X2_dist",1,0.709798841721488,0.00439662626827289,0.9,0.598915512204494,0.826035828154425
16,136,1.6e+08,160000136,FALSE,TRUE,FALSE,1,"X3_norm",1,0.749082092408464,0.00254410610380037,0.9,0.659000903804258,0.826623404846122
16,136,1.6e+08,160000136,FALSE,TRUE,FALSE,1,"X4_row",1,0.706122785507598,0.00338224546924768,0.9,0.615643194141866,0.800641114609493
16,136,1.6e+08,160000136,FALSE,TRUE,FALSE,2,"intercept",-1,-0.880935330345167,0.0100490594932276,0.9,-1.0599078115465,-0.726465324074829
16,136,1.6e+08,160000136,FALSE,TRUE,FALSE,2,"X1_groups",1,0.920564574417937,0.00448198056344117,0.9,0.810449400916551,1.0317913967637
16,136,1.6e+08,160000136,FALSE,TRUE,FALSE,2,"X2_dist",1,0.893714805935067,0.00797513139000148,0.9,0.756384029924919,1.03959061656203
16,136,1.6e+08,160000136,FALSE,TRUE,FALSE,2,"X3_norm",1,0.956429404882721,0.00416308889582733,0.9,0.847334131673512,1.06208763219956
16,136,1.6e+08,160000136,FALSE,TRUE,FALSE,2,"X4_row",1,0.890659938208472,0.00479172502411084,0.9,0.773536886352224,1.00780577030038
16,137,1.6e+08,160000137,FALSE,FALSE,FALSE,0,"intercept",-1,-1.11058198953552,0.00800860307191367,0.9,-1.2492892573352,-0.971902878238899
16,137,1.6e+08,160000137,FALSE,FALSE,FALSE,0,"X1_groups",1,1.04952237784099,0.00345397242875007,0.9,0.958676206948746,1.14398755429783
16,137,1.6e+08,160000137,FALSE,FALSE,FALSE,0,"X2_dist",1,1.08410890888485,0.00620227786410444,0.9,0.951507353953943,1.21356619914261
16,137,1.6e+08,160000137,FALSE,FALSE,FALSE,0,"X3_norm",1,1.02384276745745,0.00366052818066144,0.9,0.917516959184034,1.11901993920219
16,137,1.6e+08,160000137,FALSE,FALSE,FALSE,0,"X4_row",1,1.051706289187,0.0044507119000945,0.9,0.94378348836354,1.15446150493527
16,137,1.6e+08,160000137,FALSE,TRUE,FALSE,0,"intercept",-1,-0.679333935323691,0.00453509216119667,0.9,-0.79002947349055,-0.57258205586194
16,137,1.6e+08,160000137,FALSE,TRUE,FALSE,0,"X1_groups",1,0.60462298250325,0.00148748315884657,0.9,0.546415439367038,0.676215005153668
16,137,1.6e+08,160000137,FALSE,TRUE,FALSE,0,"X2_dist",1,0.615326692663298,0.00320694666014762,0.9,0.525755100597369,0.706201451141879
16,137,1.6e+08,160000137,FALSE,TRUE,FALSE,0,"X3_norm",1,0.595081755375964,0.0018447875961784,0.9,0.526220935119569,0.66914201762171
16,137,1.6e+08,160000137,FALSE,TRUE,FALSE,0,"X4_row",1,0.602761474769922,0.0022237182118926,0.9,0.521877455064032,0.676244574733721
16,137,1.6e+08,160000137,FALSE,FALSE,FALSE,1,"intercept",-1,-1.15675019257531,0.00823731769102873,0.9,-1.29723090525254,-1.01492319574905
16,137,1.6e+08,160000137,FALSE,FALSE,FALSE,1,"X1_groups",1,1.09010956767844,0.00344644471644551,0.9,0.994320962352293,1.18322995422337
16,137,1.6e+08,160000137,FALSE,FALSE,FALSE,1,"X2_dist",1,1.12268411300372,0.00646099208754488,0.9,0.995879345083678,1.24924398498457
16,137,1.6e+08,160000137,FALSE,FALSE,FALSE,1,"X3_norm",1,1.05996728291448,0.0040428801107904,0.9,0.951664488521812,1.16448398773419
16,137,1.6e+08,160000137,FALSE,FALSE,FALSE,1,"X4_row",1,1.09311065467478,0.00454138031605765,0.9,0.988138039427717,1.19829034336141
16,137,1.6e+08,160000137,FALSE,FALSE,FALSE,2,"intercept",-1,-1.20211674982602,0.00915597850941106,0.9,-1.36743124931513,-1.05244122769168
16,137,1.6e+08,160000137,FALSE,FALSE,FALSE,2,"X1_groups",1,1.12279596820718,0.00431246102972922,0.9,1.02273278188719,1.23366940104835
16,137,1.6e+08,160000137,FALSE,FALSE,FALSE,2,"X2_dist",1,1.16337721209038,0.00749305156572106,0.9,1.02749032612413,1.30741697309493
16,137,1.6e+08,160000137,FALSE,FALSE,FALSE,2,"X3_norm",1,1.09885464330974,0.00459165241940025,0.9,0.991111935975209,1.21368169213948
16,137,1.6e+08,160000137,FALSE,FALSE,FALSE,2,"X4_row",1,1.12740695478789,0.00608710638161742,0.9,1.00854912749872,1.25930727790792
16,137,1.6e+08,160000137,FALSE,TRUE,FALSE,1,"intercept",-1,-0.808661971142527,0.0054790421549379,0.9,-0.931136202798506,-0.690672374233533
16,137,1.6e+08,160000137,FALSE,TRUE,FALSE,1,"X1_groups",1,0.766701400663395,0.00224315904559118,0.9,0.691539030852539,0.851137211870335
16,137,1.6e+08,160000137,FALSE,TRUE,FALSE,1,"X2_dist",1,0.734027189648598,0.00434197299679771,0.9,0.627283792705241,0.835166078671688
16,137,1.6e+08,160000137,FALSE,TRUE,FALSE,1,"X3_norm",1,0.72104444930438,0.00213054839001315,0.9,0.6528147154889,0.799035571234096
16,137,1.6e+08,160000137,FALSE,TRUE,FALSE,1,"X4_row",1,0.776978892384168,0.00345531132438606,0.9,0.678281370751694,0.875293655012628
16,137,1.6e+08,160000137,FALSE,TRUE,FALSE,2,"intercept",-1,-1.08847129836633,0.0104866106111359,0.9,-1.26223568654582,-0.922576493789906
16,137,1.6e+08,160000137,FALSE,TRUE,FALSE,2,"X1_groups",1,1.03536549736895,0.00521796578607134,0.9,0.915389019175946,1.15562212788315
16,137,1.6e+08,160000137,FALSE,TRUE,FALSE,2,"X2_dist",1,0.978919166980328,0.00877472899898054,0.9,0.829861760903129,1.13486543598287
16,137,1.6e+08,160000137,FALSE,TRUE,FALSE,2,"X3_norm",1,0.97895063062777,0.00505278448043655,0.9,0.865742016558039,1.09325499834925
16,137,1.6e+08,160000137,FALSE,TRUE,FALSE,2,"X4_row",1,1.01408163404978,0.00594521638192346,0.9,0.895985989945055,1.14881366900922
16,138,1.6e+08,160000138,FALSE,FALSE,FALSE,0,"intercept",-1,-0.947777936811854,0.00736936868026319,0.9,-1.09774506053889,-0.81164433588033
16,138,1.6e+08,160000138,FALSE,FALSE,FALSE,0,"X1_groups",1,1.04789378645139,0.00332822790906413,0.9,0.958292757789902,1.13663915863456
16,138,1.6e+08,160000138,FALSE,FALSE,FALSE,0,"X2_dist",1,0.972571091550702,0.00589932981852253,0.9,0.847327596069884,1.08986006350166
16,138,1.6e+08,160000138,FALSE,FALSE,FALSE,0,"X3_norm",1,1.02882524539413,0.0032994490118627,0.9,0.937530876714574,1.12061707586884
16,138,1.6e+08,160000138,FALSE,FALSE,FALSE,0,"X4_row",1,1.05150327052018,0.0046307295172053,0.9,0.94083122369915,1.15927312356465
16,138,1.6e+08,160000138,FALSE,TRUE,FALSE,0,"intercept",-1,-0.595430699835097,0.00487200272039461,0.9,-0.724396232019128,-0.476659897394929
16,138,1.6e+08,160000138,FALSE,TRUE,FALSE,0,"X1_groups",1,0.636133994683008,0.00161344438429689,0.9,0.57503957910938,0.710986784282192
16,138,1.6e+08,160000138,FALSE,TRUE,FALSE,0,"X2_dist",1,0.602517997253754,0.00361374831283347,0.9,0.498239184859478,0.699838893270631
16,138,1.6e+08,160000138,FALSE,TRUE,FALSE,0,"X3_norm",1,0.617638634679038,0.00166261238005814,0.9,0.551355368260178,0.686174739281146
16,138,1.6e+08,160000138,FALSE,TRUE,FALSE,0,"X4_row",1,0.575516477011697,0.00235121723595034,0.9,0.498756467039554,0.646727543064344
16,138,1.6e+08,160000138,FALSE,FALSE,FALSE,1,"intercept",-1,-1.00499859866702,0.00808321915051534,0.9,-1.14867916355535,-0.869128930099301
16,138,1.6e+08,160000138,FALSE,FALSE,FALSE,1,"X1_groups",1,1.1064084924309,0.00390474276691282,0.9,1.00807339048952,1.2135670095723
16,138,1.6e+08,160000138,FALSE,FALSE,FALSE,1,"X2_dist",1,1.02587161876227,0.00653321163401352,0.9,0.905128521833187,1.16398709820695
16,138,1.6e+08,160000138,FALSE,FALSE,FALSE,1,"X3_norm",1,1.08592242717226,0.00464236854333285,0.9,0.976943116694378,1.19755045946658
16,138,1.6e+08,160000138,FALSE,FALSE,FALSE,1,"X4_row",1,1.11529508483463,0.00517309736299426,0.9,0.990461548303391,1.23607314116322
16,138,1.6e+08,160000138,FALSE,FALSE,FALSE,2,"intercept",-1,-1.04381121038174,0.00930401732084833,0.9,-1.20433830199337,-0.888305457860599
16,138,1.6e+08,160000138,FALSE,FALSE,FALSE,2,"X1_groups",1,1.1465626249783,0.00471306921609152,0.9,1.03492198510507,1.25675270252887
16,138,1.6e+08,160000138,FALSE,FALSE,FALSE,2,"X2_dist",1,1.06475584865985,0.00806979213671438,0.9,0.92115665827058,1.21484445325543
16,138,1.6e+08,160000138,FALSE,FALSE,FALSE,2,"X3_norm",1,1.12596722569274,0.00569484866997661,0.9,0.997993131465252,1.2557411037284
16,138,1.6e+08,160000138,FALSE,FALSE,FALSE,2,"X4_row",1,1.15631916140438,0.00667172241848448,0.9,1.02698562868341,1.29307843153278
16,138,1.6e+08,160000138,FALSE,TRUE,FALSE,1,"intercept",-1,-0.722827593645956,0.00528337805523941,0.9,-0.842960555495473,-0.603134918469524
16,138,1.6e+08,160000138,FALSE,TRUE,FALSE,1,"X1_groups",1,0.792843895298792,0.00224866259224963,0.9,0.717548457053606,0.862041009166017
16,138,1.6e+08,160000138,FALSE,TRUE,FALSE,1,"X2_dist",1,0.738576615288657,0.00426246245642647,0.9,0.634084265565119,0.850421025977058
16,138,1.6e+08,160000138,FALSE,TRUE,FALSE,1,"X3_norm",1,0.785117091259224,0.00270994375853707,0.9,0.699510015489589,0.871815436546085
16,138,1.6e+08,160000138,FALSE,TRUE,FALSE,1,"X4_row",1,0.738215582759642,0.00339665837220451,0.9,0.641147616201608,0.843946776052691
16,138,1.6e+08,160000138,FALSE,TRUE,FALSE,2,"intercept",-1,-0.860158331879642,0.00889367128374815,0.9,-1.01542573034082,-0.707070283489741
16,138,1.6e+08,160000138,FALSE,TRUE,FALSE,2,"X1_groups",1,0.983732663772653,0.0047970996629377,0.9,0.870604273927544,1.10097702125746
16,138,1.6e+08,160000138,FALSE,TRUE,FALSE,2,"X2_dist",1,0.892756132574485,0.00745802151937155,0.9,0.765086806811079,1.0440456418152
16,138,1.6e+08,160000138,FALSE,TRUE,FALSE,2,"X3_norm",1,0.994730506386121,0.00566355836194951,0.9,0.873509250633043,1.11658441421931
16,138,1.6e+08,160000138,FALSE,TRUE,FALSE,2,"X4_row",1,0.913965169607108,0.00489205231915514,0.9,0.810495612558684,1.02845033485136
16,139,1.6e+08,160000139,FALSE,FALSE,FALSE,0,"intercept",-1,-0.97280701096505,0.00641790528197968,0.9,-1.10570445053391,-0.847982806225132
16,139,1.6e+08,160000139,FALSE,FALSE,FALSE,0,"X1_groups",1,0.993620603756195,0.00307092233536993,0.9,0.906216134385449,1.0852550825819
16,139,1.6e+08,160000139,FALSE,FALSE,FALSE,0,"X2_dist",1,1.0496855881854,0.00523117522032412,0.9,0.935337463881933,1.17042620827958
16,139,1.6e+08,160000139,FALSE,FALSE,FALSE,0,"X3_norm",1,0.935904923842963,0.00284911202566551,0.9,0.851191423764693,1.01982666313575
16,139,1.6e+08,160000139,FALSE,FALSE,FALSE,0,"X4_row",1,1.01383848011488,0.00451195560004874,0.9,0.900983634193187,1.11985224943519
16,139,1.6e+08,160000139,FALSE,TRUE,FALSE,0,"intercept",-1,-0.607003502894548,0.00433940780380869,0.9,-0.714402512720617,-0.497251308873832
16,139,1.6e+08,160000139,FALSE,TRUE,FALSE,0,"X1_groups",1,0.622519916901655,0.00148372454998268,0.9,0.562324817954621,0.687812405822118
16,139,1.6e+08,160000139,FALSE,TRUE,FALSE,0,"X2_dist",1,0.608345058662495,0.00346499080243454,0.9,0.512809726725613,0.702891921455833
16,139,1.6e+08,160000139,FALSE,TRUE,FALSE,0,"X3_norm",1,0.611554810765248,0.00168987307855391,0.9,0.546600842859574,0.676175519600702
16,139,1.6e+08,160000139,FALSE,TRUE,FALSE,0,"X4_row",1,0.601454224044765,0.00240936459605981,0.9,0.519079093218901,0.684138598840297
16,139,1.6e+08,160000139,FALSE,FALSE,FALSE,1,"intercept",-1,-1.0134165785035,0.00695543402994045,0.9,-1.13799449875008,-0.869760585101166
16,139,1.6e+08,160000139,FALSE,FALSE,FALSE,1,"X1_groups",1,1.03804316569496,0.00371556628022222,0.9,0.933666972319902,1.13840773619898
16,139,1.6e+08,160000139,FALSE,FALSE,FALSE,1,"X2_dist",1,1.09013574836721,0.00564965116987,0.9,0.980719656450373,1.21530673096036
16,139,1.6e+08,160000139,FALSE,FALSE,FALSE,1,"X3_norm",1,0.974916134892436,0.00354613388613374,0.9,0.874227368919192,1.07137038875621
16,139,1.6e+08,160000139,FALSE,FALSE,FALSE,1,"X4_row",1,1.0568540756112,0.0044459095777872,0.9,0.954002083891719,1.16716613140801
16,139,1.6e+08,160000139,FALSE,FALSE,FALSE,2,"intercept",-1,-1.06052768839664,0.00789986116766798,0.9,-1.20073936145384,-0.918897677850274
16,139,1.6e+08,160000139,FALSE,FALSE,FALSE,2,"X1_groups",1,1.07877279823079,0.0047023097383455,0.9,0.971132665204898,1.19547204818818
16,139,1.6e+08,160000139,FALSE,FALSE,FALSE,2,"X2_dist",1,1.14104566672447,0.00772645328656292,0.9,1.0008501825332,1.28117117948216
16,139,1.6e+08,160000139,FALSE,FALSE,FALSE,2,"X3_norm",1,1.00911228472285,0.00398623507802306,0.9,0.908677488374902,1.12071287998905
16,139,1.6e+08,160000139,FALSE,FALSE,FALSE,2,"X4_row",1,1.09873973268153,0.00539245475781269,0.9,0.97657384021915,1.21766969429978
16,139,1.6e+08,160000139,FALSE,TRUE,FALSE,1,"intercept",-1,-0.743787645622017,0.00578946500557341,0.9,-0.874903078976358,-0.623180386170727
16,139,1.6e+08,160000139,FALSE,TRUE,FALSE,1,"X1_groups",1,0.792388494901906,0.00225632837435983,0.9,0.717326765712747,0.866681255851649
16,139,1.6e+08,160000139,FALSE,TRUE,FALSE,1,"X2_dist",1,0.756497507861689,0.0047460192755486,0.9,0.646268528935747,0.880739016480533
16,139,1.6e+08,160000139,FALSE,TRUE,FALSE,1,"X3_norm",1,0.784794938433573,0.00233523748266747,0.9,0.698161714761818,0.86024610910386
16,139,1.6e+08,160000139,FALSE,TRUE,FALSE,1,"X4_row",1,0.786377509582334,0.00341335624494278,0.9,0.68748880001056,0.881149633029798
16,139,1.6e+08,160000139,FALSE,TRUE,FALSE,2,"intercept",-1,-0.948238179025901,0.0108368888110691,0.9,-1.1355332014058,-0.783428153091021
16,139,1.6e+08,160000139,FALSE,TRUE,FALSE,2,"X1_groups",1,1.05309385338691,0.00553425824650452,0.9,0.938955613572073,1.17265060899533
16,139,1.6e+08,160000139,FALSE,TRUE,FALSE,2,"X2_dist",1,0.992204916168311,0.00889957699840811,0.9,0.847125590530189,1.16616562973348
16,139,1.6e+08,160000139,FALSE,TRUE,FALSE,2,"X3_norm",1,1.04164043059094,0.00498289443696393,0.9,0.927690473347308,1.15866373072145
16,139,1.6e+08,160000139,FALSE,TRUE,FALSE,2,"X4_row",1,1.06358822745291,0.00694525190772138,0.9,0.925704782340722,1.19730250761208
16,140,1.6e+08,160000140,FALSE,FALSE,FALSE,0,"intercept",-1,-1.03392684317598,0.00764834032493178,0.9,-1.17941224106536,-0.889320291968324
16,140,1.6e+08,160000140,FALSE,FALSE,FALSE,0,"X1_groups",1,0.9994636446291,0.0035679524576502,0.9,0.901076669871286,1.1038048886081
16,140,1.6e+08,160000140,FALSE,FALSE,FALSE,0,"X2_dist",1,1.08320377261767,0.00623582420596818,0.9,0.952464025963597,1.21194821915249
16,140,1.6e+08,160000140,FALSE,FALSE,FALSE,0,"X3_norm",1,1.1083544504751,0.00398127727265388,0.9,1.00153970144728,1.21473629306074
16,140,1.6e+08,160000140,FALSE,FALSE,FALSE,0,"X4_row",1,1.18389030927002,0.00593408655592163,0.9,1.05302686260772,1.30346894389118
16,140,1.6e+08,160000140,FALSE,TRUE,FALSE,0,"intercept",-1,-0.694296123501935,0.00467680088833956,0.9,-0.807509038326297,-0.588249037570302
16,140,1.6e+08,160000140,FALSE,TRUE,FALSE,0,"X1_groups",1,0.557407650402656,0.00145085907752183,0.9,0.497164048435418,0.615707839165906
16,140,1.6e+08,160000140,FALSE,TRUE,FALSE,0,"X2_dist",1,0.615650569454698,0.00334715663775477,0.9,0.521465068840854,0.711517600798446
16,140,1.6e+08,160000140,FALSE,TRUE,FALSE,0,"X3_norm",1,0.647864526401808,0.00164572798402564,0.9,0.584021243493165,0.71456783833134
16,140,1.6e+08,160000140,FALSE,TRUE,FALSE,0,"X4_row",1,0.603107267982975,0.00227114833990557,0.9,0.522006577083528,0.682322461929844
16,140,1.6e+08,160000140,FALSE,FALSE,FALSE,1,"intercept",-1,-1.08217812047161,0.00828918246772611,0.9,-1.23303981235532,-0.936390258411725
16,140,1.6e+08,160000140,FALSE,FALSE,FALSE,1,"X1_groups",1,1.04574400689307,0.00447668152691088,0.9,0.943477224032882,1.15854186478765
16,140,1.6e+08,160000140,FALSE,FALSE,FALSE,1,"X2_dist",1,1.12674456007785,0.00732266975152589,0.9,0.995141970120614,1.27778251157737
16,140,1.6e+08,160000140,FALSE,FALSE,FALSE,1,"X3_norm",1,1.15893973565801,0.00500362618601678,0.9,1.0424417873344,1.28112117785143
16,140,1.6e+08,160000140,FALSE,FALSE,FALSE,1,"X4_row",1,1.23435759187815,0.00645124333488133,0.9,1.10592965604102,1.36923288979505
16,140,1.6e+08,160000140,FALSE,FALSE,FALSE,2,"intercept",-1,-1.13386304834428,0.00985117222864661,0.9,-1.30040054840654,-0.971618119800729
16,140,1.6e+08,160000140,FALSE,FALSE,FALSE,2,"X1_groups",1,1.08795222382688,0.00516927603973634,0.9,0.969879163835775,1.21203389412307
16,140,1.6e+08,160000140,FALSE,FALSE,FALSE,2,"X2_dist",1,1.18006255997494,0.00890197643182821,0.9,1.01918994327635,1.33280978629669
16,140,1.6e+08,160000140,FALSE,FALSE,FALSE,2,"X3_norm",1,1.20857111354101,0.00663055989665415,0.9,1.08757949028557,1.35221598909165
16,140,1.6e+08,160000140,FALSE,FALSE,FALSE,2,"X4_row",1,1.29546172657265,0.00856833254392439,0.9,1.15608162396928,1.46061997951118
16,140,1.6e+08,160000140,FALSE,TRUE,FALSE,1,"intercept",-1,-0.840104164476474,0.00596226209567847,0.9,-0.97232424486095,-0.712595293692321
16,140,1.6e+08,160000140,FALSE,TRUE,FALSE,1,"X1_groups",1,0.704045090744007,0.00203620994897794,0.9,0.630110401025099,0.775123244167889
16,140,1.6e+08,160000140,FALSE,TRUE,FALSE,1,"X2_dist",1,0.753266011847426,0.00479021534397346,0.9,0.635907338307067,0.87208055424466
16,140,1.6e+08,160000140,FALSE,TRUE,FALSE,1,"X3_norm",1,0.820159958764532,0.00237235698628585,0.9,0.739089123402092,0.896772067742353
16,140,1.6e+08,160000140,FALSE,TRUE,FALSE,1,"X4_row",1,0.771731009565175,0.00306469310526974,0.9,0.677690561545019,0.863258241757199
16,140,1.6e+08,160000140,FALSE,TRUE,FALSE,2,"intercept",-1,-1.02742779153637,0.00917949655142074,0.9,-1.17777534432098,-0.870108124517967
16,140,1.6e+08,160000140,FALSE,TRUE,FALSE,2,"X1_groups",1,0.851116362706984,0.00414751182019713,0.9,0.745294537280648,0.949617725244451
16,140,1.6e+08,160000140,FALSE,TRUE,FALSE,2,"X2_dist",1,0.935426064193501,0.00764208549906308,0.9,0.795504196381079,1.07812948682321
16,140,1.6e+08,160000140,FALSE,TRUE,FALSE,2,"X3_norm",1,0.992499605083611,0.00454325659058127,0.9,0.881680903764306,1.10161519825948
16,140,1.6e+08,160000140,FALSE,TRUE,FALSE,2,"X4_row",1,0.952650161970185,0.00527132076378858,0.9,0.835179924662485,1.05931939972938
16,141,1.6e+08,160000141,FALSE,FALSE,FALSE,0,"intercept",-1,-0.852334332930481,0.00645972288468557,0.9,-0.991124060274183,-0.722550179722366
16,141,1.6e+08,160000141,FALSE,FALSE,FALSE,0,"X1_groups",1,0.952589436660461,0.00274664543020222,0.9,0.869912144939524,1.03848740071202
16,141,1.6e+08,160000141,FALSE,FALSE,FALSE,0,"X2_dist",1,0.925910935159553,0.00508048790422359,0.9,0.80195601229723,1.04061805730953
16,141,1.6e+08,160000141,FALSE,FALSE,FALSE,0,"X3_norm",1,0.953441306905352,0.00302566825392165,0.9,0.861181269332422,1.04864579668161
16,141,1.6e+08,160000141,FALSE,FALSE,FALSE,0,"X4_row",1,1.06077226608107,0.00432438521163902,0.9,0.950263862178325,1.16199152308816
16,141,1.6e+08,160000141,FALSE,TRUE,FALSE,0,"intercept",-1,-0.569561782848834,0.00422095534326687,0.9,-0.67349756737081,-0.469573113114937
16,141,1.6e+08,160000141,FALSE,TRUE,FALSE,0,"X1_groups",1,0.609016731148944,0.00152293007634424,0.9,0.54748938121574,0.678391801963123
16,141,1.6e+08,160000141,FALSE,TRUE,FALSE,0,"X2_dist",1,0.548156993989367,0.00318996590476924,0.9,0.460454395646118,0.63725986238367
16,141,1.6e+08,160000141,FALSE,TRUE,FALSE,0,"X3_norm",1,0.60477998244936,0.00151935016002626,0.9,0.540992704335021,0.671159642016718
16,141,1.6e+08,160000141,FALSE,TRUE,FALSE,0,"X4_row",1,0.578171183688495,0.00213033746373642,0.9,0.492221326987587,0.650913742039837
16,141,1.6e+08,160000141,FALSE,FALSE,FALSE,1,"intercept",-1,-0.901317080361426,0.00661956165584242,0.9,-1.02963815909387,-0.777307160117213
16,141,1.6e+08,160000141,FALSE,FALSE,FALSE,1,"X1_groups",1,1.00886032819171,0.0035718192101984,0.9,0.908711769816727,1.11643349726076
16,141,1.6e+08,160000141,FALSE,FALSE,FALSE,1,"X2_dist",1,0.973261693445954,0.00587740943863288,0.9,0.858841793846285,1.10727689471521
16,141,1.6e+08,160000141,FALSE,FALSE,FALSE,1,"X3_norm",1,1.00423448233292,0.00394166565316105,0.9,0.902790485567018,1.10249057938021
16,141,1.6e+08,160000141,FALSE,FALSE,FALSE,1,"X4_row",1,1.11773074318435,0.00500273261797929,0.9,1.01323232391174,1.24532966368821
16,141,1.6e+08,160000141,FALSE,FALSE,FALSE,2,"intercept",-1,-0.936496340452101,0.00774810622185998,0.9,-1.08754765641823,-0.794276326575238
16,141,1.6e+08,160000141,FALSE,FALSE,FALSE,2,"X1_groups",1,1.04892173708562,0.00470804087113458,0.9,0.934692394558681,1.16074075746863
16,141,1.6e+08,160000141,FALSE,FALSE,FALSE,2,"X2_dist",1,1.00826831189434,0.00686943892448143,0.9,0.876630669636286,1.14096220405792
16,141,1.6e+08,160000141,FALSE,FALSE,FALSE,2,"X3_norm",1,1.04017308363599,0.00431509819942444,0.9,0.94394654636878,1.14608538121179
16,141,1.6e+08,160000141,FALSE,FALSE,FALSE,2,"X4_row",1,1.15710276881041,0.0059346987040956,0.9,1.03286684025091,1.28423645473423
16,141,1.6e+08,160000141,FALSE,TRUE,FALSE,1,"intercept",-1,-0.717952680071851,0.00576014722262117,0.9,-0.833758309613795,-0.59639319644235
16,141,1.6e+08,160000141,FALSE,TRUE,FALSE,1,"X1_groups",1,0.798188688513878,0.00254711162002242,0.9,0.716981874571131,0.873633111093611
16,141,1.6e+08,160000141,FALSE,TRUE,FALSE,1,"X2_dist",1,0.702866522232568,0.00475269334594295,0.9,0.603813828640873,0.816056793232528
16,141,1.6e+08,160000141,FALSE,TRUE,FALSE,1,"X3_norm",1,0.803756458268457,0.00264865109155667,0.9,0.715985767883142,0.884405911985315
16,141,1.6e+08,160000141,FALSE,TRUE,FALSE,1,"X4_row",1,0.786555211441169,0.0034206724119011,0.9,0.690754316112067,0.879479447486584
16,141,1.6e+08,160000141,FALSE,TRUE,FALSE,2,"intercept",-1,-0.857882881638351,0.00879961407223433,0.9,-1.03285489074502,-0.716968942277959
16,141,1.6e+08,160000141,FALSE,TRUE,FALSE,2,"X1_groups",1,0.98142525701681,0.00460200043234972,0.9,0.8714849472731,1.08963303151971
16,141,1.6e+08,160000141,FALSE,TRUE,FALSE,2,"X2_dist",1,0.842787289317714,0.00722959690369426,0.9,0.708472546953654,0.993408585826858
16,141,1.6e+08,160000141,FALSE,TRUE,FALSE,2,"X3_norm",1,0.973919274793003,0.00448776539396216,0.9,0.865510251839364,1.08579462573742
16,141,1.6e+08,160000141,FALSE,TRUE,FALSE,2,"X4_row",1,0.948830456349705,0.00507172812977354,0.9,0.843923785348083,1.0696201430713
16,142,1.6e+08,160000142,FALSE,FALSE,FALSE,0,"intercept",-1,-1.07168430711179,0.00746522409498401,0.9,-1.21529155309107,-0.937269437689355
16,142,1.6e+08,160000142,FALSE,FALSE,FALSE,0,"X1_groups",1,1.03608372447937,0.00315718792777428,0.9,0.944655138188292,1.13064912149372
16,142,1.6e+08,160000142,FALSE,FALSE,FALSE,0,"X2_dist",1,1.12076227328779,0.0061300131641576,0.9,0.996513649323415,1.24891070540505
16,142,1.6e+08,160000142,FALSE,FALSE,FALSE,0,"X3_norm",1,1.03057944058432,0.003785075452919,0.9,0.929392111411519,1.12814364400766
16,142,1.6e+08,160000142,FALSE,FALSE,FALSE,0,"X4_row",1,1.10594207951929,0.00508437137148928,0.9,0.985637734138832,1.21593893528396
16,142,1.6e+08,160000142,FALSE,TRUE,FALSE,0,"intercept",-1,-0.571192632675328,0.00461234114306335,0.9,-0.67867001224313,-0.461574970860017
16,142,1.6e+08,160000142,FALSE,TRUE,FALSE,0,"X1_groups",1,0.546031981586912,0.00140593886816392,0.9,0.484657371382167,0.606157358772363
16,142,1.6e+08,160000142,FALSE,TRUE,FALSE,0,"X2_dist",1,0.608755779079789,0.0034972444426119,0.9,0.517575009646777,0.704520372657544
16,142,1.6e+08,160000142,FALSE,TRUE,FALSE,0,"X3_norm",1,0.622556111687265,0.00167109930842371,0.9,0.559274539376304,0.692116243729022
16,142,1.6e+08,160000142,FALSE,TRUE,FALSE,0,"X4_row",1,0.59491001319833,0.002219629060834,0.9,0.512227771411019,0.671301877757391
16,142,1.6e+08,160000142,FALSE,FALSE,FALSE,1,"intercept",-1,-1.12045546966579,0.00843270232657034,0.9,-1.26672004755659,-0.973849039061579
16,142,1.6e+08,160000142,FALSE,FALSE,FALSE,1,"X1_groups",1,1.08825151048071,0.00414479785035667,0.9,0.987466136915716,1.20072324140993
16,142,1.6e+08,160000142,FALSE,FALSE,FALSE,1,"X2_dist",1,1.16675614576395,0.0077572256606446,0.9,1.02321925112019,1.30999703020429
16,142,1.6e+08,160000142,FALSE,FALSE,FALSE,1,"X3_norm",1,1.07395626917136,0.00484071744956039,0.9,0.958214379558403,1.20094948724548
16,142,1.6e+08,160000142,FALSE,FALSE,FALSE,1,"X4_row",1,1.15901306509447,0.00545517228876522,0.9,1.05114736918329,1.29840950575858
16,142,1.6e+08,160000142,FALSE,FALSE,FALSE,2,"intercept",-1,-1.17737921347565,0.00958415861644003,0.9,-1.34530662879844,-1.01744628398317
16,142,1.6e+08,160000142,FALSE,FALSE,FALSE,2,"X1_groups",1,1.13772565286472,0.00567652058183719,0.9,1.02161616391085,1.2677744089507
16,142,1.6e+08,160000142,FALSE,FALSE,FALSE,2,"X2_dist",1,1.22441080845849,0.00867098555962388,0.9,1.08570037650226,1.38033375278253
16,142,1.6e+08,160000142,FALSE,FALSE,FALSE,2,"X3_norm",1,1.12361243063558,0.00571937055540088,0.9,1.00424370934048,1.24584751516568
16,142,1.6e+08,160000142,FALSE,FALSE,FALSE,2,"X4_row",1,1.21405482456187,0.00745593233106271,0.9,1.08143728752117,1.36608515319308
16,142,1.6e+08,160000142,FALSE,TRUE,FALSE,1,"intercept",-1,-0.699572198804084,0.00562191941319839,0.9,-0.821496331491198,-0.57187296904764
16,142,1.6e+08,160000142,FALSE,TRUE,FALSE,1,"X1_groups",1,0.702814675528962,0.00232491712123313,0.9,0.623790858521689,0.779883912304197
16,142,1.6e+08,160000142,FALSE,TRUE,FALSE,1,"X2_dist",1,0.731749479638983,0.00482932231048812,0.9,0.625246528514812,0.848007563915662
16,142,1.6e+08,160000142,FALSE,TRUE,FALSE,1,"X3_norm",1,0.788114081915296,0.00268379687543581,0.9,0.705277832503872,0.878332299419566
16,142,1.6e+08,160000142,FALSE,TRUE,FALSE,1,"X4_row",1,0.770763166429208,0.00350000520950549,0.9,0.669585628601204,0.868019487443015
16,142,1.6e+08,160000142,FALSE,TRUE,FALSE,2,"intercept",-1,-0.929229204595671,0.00891443421142334,0.9,-1.07996319451751,-0.770706471735431
16,142,1.6e+08,160000142,FALSE,TRUE,FALSE,2,"X1_groups",1,0.911980293257411,0.00480826920071441,0.9,0.808951954705734,1.03051580608737
16,142,1.6e+08,160000142,FALSE,TRUE,FALSE,2,"X2_dist",1,0.967786747363157,0.00762792710818105,0.9,0.833314089956644,1.11054999596188
16,142,1.6e+08,160000142,FALSE,TRUE,FALSE,2,"X3_norm",1,1.04125967363479,0.00480983802400824,0.9,0.929994920615657,1.15961067302599
16,142,1.6e+08,160000142,FALSE,TRUE,FALSE,2,"X4_row",1,1.0217706284992,0.00554701944214839,0.9,0.904837953086984,1.14430733213173
16,143,1.6e+08,160000143,FALSE,FALSE,FALSE,0,"intercept",-1,-0.968722126194676,0.00717415451726452,0.9,-1.10293755214538,-0.821733057249835
16,143,1.6e+08,160000143,FALSE,FALSE,FALSE,0,"X1_groups",1,0.955052512806309,0.00296524633671004,0.9,0.864698097688901,1.04180620826032
16,143,1.6e+08,160000143,FALSE,FALSE,FALSE,0,"X2_dist",1,0.981722344988378,0.00569594202620318,0.9,0.853788451790681,1.10217258766018
16,143,1.6e+08,160000143,FALSE,FALSE,FALSE,0,"X3_norm",1,0.99048041275611,0.00323244532365346,0.9,0.908081035943843,1.08513464348298
16,143,1.6e+08,160000143,FALSE,FALSE,FALSE,0,"X4_row",1,1.02223591328082,0.00447919226418798,0.9,0.913367562671484,1.13395399411744
16,143,1.6e+08,160000143,FALSE,TRUE,FALSE,0,"intercept",-1,-0.618376886771947,0.00469929170036058,0.9,-0.733400758681961,-0.506844014105712
16,143,1.6e+08,160000143,FALSE,TRUE,FALSE,0,"X1_groups",1,0.624040256012447,0.00155248962792675,0.9,0.564130005334793,0.689928109086641
16,143,1.6e+08,160000143,FALSE,TRUE,FALSE,0,"X2_dist",1,0.601322627913676,0.00365570775589393,0.9,0.496268702268924,0.703526626107126
16,143,1.6e+08,160000143,FALSE,TRUE,FALSE,0,"X3_norm",1,0.625368024677002,0.00165079303674982,0.9,0.559757945542068,0.691446437490428
16,143,1.6e+08,160000143,FALSE,TRUE,FALSE,0,"X4_row",1,0.584538183959999,0.0022380874939728,0.9,0.509676915277261,0.654405680311526
16,143,1.6e+08,160000143,FALSE,FALSE,FALSE,1,"intercept",-1,-1.00450571133523,0.00703966244305662,0.9,-1.14784848832323,-0.873321015826482
16,143,1.6e+08,160000143,FALSE,FALSE,FALSE,1,"X1_groups",1,0.993102940248913,0.0031535265690012,0.9,0.899163424480807,1.08193814086727
16,143,1.6e+08,160000143,FALSE,FALSE,FALSE,1,"X2_dist",1,1.01255720452061,0.00620708082840864,0.9,0.894409399157311,1.1496512721623
16,143,1.6e+08,160000143,FALSE,FALSE,FALSE,1,"X3_norm",1,1.01808992629621,0.0040422274583028,0.9,0.904837797014906,1.12695424249365
16,143,1.6e+08,160000143,FALSE,FALSE,FALSE,1,"X4_row",1,1.05890766178175,0.00468228330321672,0.9,0.946837280763678,1.17042816016077
16,143,1.6e+08,160000143,FALSE,FALSE,FALSE,2,"intercept",-1,-1.04041893568751,0.00788298786893874,0.9,-1.19370125243876,-0.902413123664448
16,143,1.6e+08,160000143,FALSE,FALSE,FALSE,2,"X1_groups",1,1.0243131954089,0.00400533712806618,0.9,0.92518263580652,1.12987671823959
16,143,1.6e+08,160000143,FALSE,FALSE,FALSE,2,"X2_dist",1,1.04444654423799,0.00668669289593154,0.9,0.913663532054553,1.18992455122374
16,143,1.6e+08,160000143,FALSE,FALSE,FALSE,2,"X3_norm",1,1.05058934389991,0.00468695263035755,0.9,0.942746546459094,1.1519529473427
16,143,1.6e+08,160000143,FALSE,FALSE,FALSE,2,"X4_row",1,1.09300824963609,0.00556058818991417,0.9,0.971754679894031,1.21519551220522
16,143,1.6e+08,160000143,FALSE,TRUE,FALSE,1,"intercept",-1,-0.754901019148268,0.0059428660621991,0.9,-0.876576293128273,-0.625729653942905
16,143,1.6e+08,160000143,FALSE,TRUE,FALSE,1,"X1_groups",1,0.791397849605663,0.00216914149970723,0.9,0.717030419609259,0.865396708541705
16,143,1.6e+08,160000143,FALSE,TRUE,FALSE,1,"X2_dist",1,0.71538463290392,0.00456861320426503,0.9,0.606010395236926,0.827188042024623
16,143,1.6e+08,160000143,FALSE,TRUE,FALSE,1,"X3_norm",1,0.765643278486908,0.00239433788954547,0.9,0.680747882624323,0.847731000708574
16,143,1.6e+08,160000143,FALSE,TRUE,FALSE,1,"X4_row",1,0.745489899043314,0.00356642597516685,0.9,0.642656037010038,0.839653088559291
16,143,1.6e+08,160000143,FALSE,TRUE,FALSE,2,"intercept",-1,-0.879850662815652,0.00965741212498154,0.9,-1.05414430344108,-0.730497449049561
16,143,1.6e+08,160000143,FALSE,TRUE,FALSE,2,"X1_groups",1,0.935325150034378,0.0042345238233798,0.9,0.829739598212728,1.02999209074153
16,143,1.6e+08,160000143,FALSE,TRUE,FALSE,2,"X2_dist",1,0.852051800792266,0.0076058827029586,0.9,0.721406390265459,1.00301208450638
16,143,1.6e+08,160000143,FALSE,TRUE,FALSE,2,"X3_norm",1,0.919778857378489,0.00385352620751446,0.9,0.820573989870424,1.0214280252379
16,143,1.6e+08,160000143,FALSE,TRUE,FALSE,2,"X4_row",1,0.923299437784535,0.00523494966736038,0.9,0.803969821074068,1.05068608833551
16,144,1.6e+08,160000144,FALSE,FALSE,FALSE,0,"intercept",-1,-1.0058370009873,0.00709623522136941,0.9,-1.1299906956256,-0.860185193537454
16,144,1.6e+08,160000144,FALSE,FALSE,FALSE,0,"X1_groups",1,0.991973238478113,0.00272901012090185,0.9,0.905784324751827,1.07490308877282
16,144,1.6e+08,160000144,FALSE,FALSE,FALSE,0,"X2_dist",1,0.986848447508448,0.00533464450499866,0.9,0.866984869722014,1.10609172365861
16,144,1.6e+08,160000144,FALSE,FALSE,FALSE,0,"X3_norm",1,0.986926722551754,0.00319511348454464,0.9,0.895626875528192,1.08162372058994
16,144,1.6e+08,160000144,FALSE,FALSE,FALSE,0,"X4_row",1,1.00142907951523,0.00417703533073059,0.9,0.893448087118675,1.1027079930154
16,144,1.6e+08,160000144,FALSE,TRUE,FALSE,0,"intercept",-1,-0.685286698187651,0.00468402623764933,0.9,-0.800695867030277,-0.57931471520743
16,144,1.6e+08,160000144,FALSE,TRUE,FALSE,0,"X1_groups",1,0.622959819673618,0.00148740417483826,0.9,0.560862302936431,0.688180523003386
16,144,1.6e+08,160000144,FALSE,TRUE,FALSE,0,"X2_dist",1,0.658145564793056,0.00335634904453752,0.9,0.569062624867362,0.75210282171587
16,144,1.6e+08,160000144,FALSE,TRUE,FALSE,0,"X3_norm",1,0.610762516289476,0.00179497728357262,0.9,0.543720649639853,0.678663061338301
16,144,1.6e+08,160000144,FALSE,TRUE,FALSE,0,"X4_row",1,0.608409385784667,0.00230981889173173,0.9,0.533279420520474,0.689415430668266
16,144,1.6e+08,160000144,FALSE,FALSE,FALSE,1,"intercept",-1,-1.04527559323063,0.00790506812722435,0.9,-1.19188200772082,-0.900331079663041
16,144,1.6e+08,160000144,FALSE,FALSE,FALSE,1,"X1_groups",1,1.03133946470571,0.00326053530223443,0.9,0.938390976367717,1.11926705559551
16,144,1.6e+08,160000144,FALSE,FALSE,FALSE,1,"X2_dist",1,1.02217961255834,0.00657533093159224,0.9,0.896302319207975,1.17159319132025
16,144,1.6e+08,160000144,FALSE,FALSE,FALSE,1,"X3_norm",1,1.01893381721638,0.00377813881748212,0.9,0.922493700072147,1.13050423044017
16,144,1.6e+08,160000144,FALSE,FALSE,FALSE,1,"X4_row",1,1.03830718076028,0.00415927931278194,0.9,0.93840335216737,1.14913271079749
16,144,1.6e+08,160000144,FALSE,FALSE,FALSE,2,"intercept",-1,-1.0822456725469,0.00838687252915557,0.9,-1.23995283109078,-0.934504916888028
16,144,1.6e+08,160000144,FALSE,FALSE,FALSE,2,"X1_groups",1,1.0592959222384,0.00403587582821726,0.9,0.960478837288693,1.16256848539452
16,144,1.6e+08,160000144,FALSE,FALSE,FALSE,2,"X2_dist",1,1.05677396398217,0.00691896586572162,0.9,0.925809241773816,1.19904449339057
16,144,1.6e+08,160000144,FALSE,FALSE,FALSE,2,"X3_norm",1,1.04252904036328,0.00410940027465687,0.9,0.943486658309759,1.14666173133786
16,144,1.6e+08,160000144,FALSE,FALSE,FALSE,2,"X4_row",1,1.06605971554602,0.00560495836362679,0.9,0.945324088892187,1.19980833627404
16,144,1.6e+08,160000144,FALSE,TRUE,FALSE,1,"intercept",-1,-0.804161520672121,0.00550551203969988,0.9,-0.928477977385178,-0.681154281993408
16,144,1.6e+08,160000144,FALSE,TRUE,FALSE,1,"X1_groups",1,0.756969980543556,0.00221214294286291,0.9,0.684114903665292,0.835699597422843
16,144,1.6e+08,160000144,FALSE,TRUE,FALSE,1,"X2_dist",1,0.789133808274518,0.00452074457081321,0.9,0.687289645701968,0.899770280367386
16,144,1.6e+08,160000144,FALSE,TRUE,FALSE,1,"X3_norm",1,0.751398487638827,0.00273923036295196,0.9,0.669401451223462,0.837248460239695
16,144,1.6e+08,160000144,FALSE,TRUE,FALSE,1,"X4_row",1,0.757887761409159,0.00366077053276798,0.9,0.656563154616364,0.856470376030607
16,144,1.6e+08,160000144,FALSE,TRUE,FALSE,2,"intercept",-1,-0.929798492914206,0.00867714491635763,0.9,-1.08601115141956,-0.775008531025308
16,144,1.6e+08,160000144,FALSE,TRUE,FALSE,2,"X1_groups",1,0.885922422399434,0.00404346349668815,0.9,0.783931592263199,0.990542707595949
16,144,1.6e+08,160000144,FALSE,TRUE,FALSE,2,"X2_dist",1,0.942328795546065,0.00760619813623128,0.9,0.810972250840833,1.07480566245801
16,144,1.6e+08,160000144,FALSE,TRUE,FALSE,2,"X3_norm",1,0.888445100634655,0.00399640940001952,0.9,0.793488405787645,1.00314838285071
16,144,1.6e+08,160000144,FALSE,TRUE,FALSE,2,"X4_row",1,0.919222061166141,0.00494099626330948,0.9,0.81151381598138,1.03859129219833
16,145,1.6e+08,160000145,FALSE,FALSE,FALSE,0,"intercept",-1,-1.0947657264117,0.00761032187621126,0.9,-1.24429823654018,-0.95957450732789
16,145,1.6e+08,160000145,FALSE,FALSE,FALSE,0,"X1_groups",1,1.093606104072,0.00396350036678001,0.9,0.995068583178195,1.21032520339329
16,145,1.6e+08,160000145,FALSE,FALSE,FALSE,0,"X2_dist",1,1.17224186632091,0.00614090894626602,0.9,1.04676759235426,1.30458645467528
16,145,1.6e+08,160000145,FALSE,FALSE,FALSE,0,"X3_norm",1,1.10304581713264,0.00394572433176719,0.9,1.00041740279167,1.21136258861985
16,145,1.6e+08,160000145,FALSE,FALSE,FALSE,0,"X4_row",1,1.19046733817258,0.00563425118820958,0.9,1.06522417898017,1.31339069531201
16,145,1.6e+08,160000145,FALSE,TRUE,FALSE,0,"intercept",-1,-0.712075817065215,0.00481630307107096,0.9,-0.830482134042062,-0.599481474460285
16,145,1.6e+08,160000145,FALSE,TRUE,FALSE,0,"X1_groups",1,0.632964745260876,0.00163704413549846,0.9,0.56703369517219,0.70183377423254
16,145,1.6e+08,160000145,FALSE,TRUE,FALSE,0,"X2_dist",1,0.685446320518641,0.00354714986907151,0.9,0.585583615450002,0.777765268066753
16,145,1.6e+08,160000145,FALSE,TRUE,FALSE,0,"X3_norm",1,0.623004301979158,0.00173038410937292,0.9,0.553943912350732,0.689180815685456
16,145,1.6e+08,160000145,FALSE,TRUE,FALSE,0,"X4_row",1,0.665119946597879,0.00235902961164626,0.9,0.582617278238006,0.743677335507516
16,145,1.6e+08,160000145,FALSE,FALSE,FALSE,1,"intercept",-1,-1.19199973172698,0.00986250716093028,0.9,-1.34541531521389,-1.03510787775103
16,145,1.6e+08,160000145,FALSE,FALSE,FALSE,1,"X1_groups",1,1.18823492410661,0.00520383559890266,0.9,1.07103663706968,1.31014288126092
16,145,1.6e+08,160000145,FALSE,FALSE,FALSE,1,"X2_dist",1,1.26900141369765,0.00852576790379403,0.9,1.11925575274718,1.43291012148893
16,145,1.6e+08,160000145,FALSE,FALSE,FALSE,1,"X3_norm",1,1.18936012703833,0.00600016480875652,0.9,1.06545110990401,1.31194941100977
16,145,1.6e+08,160000145,FALSE,FALSE,FALSE,1,"X4_row",1,1.28674452967369,0.00724803636083886,0.9,1.15031627745535,1.4253988466603
16,145,1.6e+08,160000145,FALSE,FALSE,FALSE,2,"intercept",-1,-1.24106711808862,0.0110252628304321,0.9,-1.40918415576979,-1.06083098112511
16,145,1.6e+08,160000145,FALSE,FALSE,FALSE,2,"X1_groups",1,1.22502396774395,0.00654884735098859,0.9,1.10032514003124,1.36163221401344
16,145,1.6e+08,160000145,FALSE,FALSE,FALSE,2,"X2_dist",1,1.31906552432495,0.0110594255950822,0.9,1.14765173049795,1.47949245501674
16,145,1.6e+08,160000145,FALSE,FALSE,FALSE,2,"X3_norm",1,1.23005436662,0.00668609904810943,0.9,1.09610183884592,1.36948995590488
16,145,1.6e+08,160000145,FALSE,FALSE,FALSE,2,"X4_row",1,1.33154813360203,0.00819311181046674,0.9,1.19108803511091,1.49071195757164
16,145,1.6e+08,160000145,FALSE,TRUE,FALSE,1,"intercept",-1,-0.861380732904799,0.00619769937071886,0.9,-0.997168693738603,-0.726871548272569
16,145,1.6e+08,160000145,FALSE,TRUE,FALSE,1,"X1_groups",1,0.765277435044213,0.00222512088452406,0.9,0.688595630483795,0.836228968388417
16,145,1.6e+08,160000145,FALSE,TRUE,FALSE,1,"X2_dist",1,0.842733920447381,0.00508656176930896,0.9,0.732859127032663,0.971035647299384
16,145,1.6e+08,160000145,FALSE,TRUE,FALSE,1,"X3_norm",1,0.768066800896654,0.00259203619179686,0.9,0.687372358342555,0.850777490565505
16,145,1.6e+08,160000145,FALSE,TRUE,FALSE,1,"X4_row",1,0.836145849083496,0.00343908469235386,0.9,0.739731129616721,0.929376104386556
16,145,1.6e+08,160000145,FALSE,TRUE,FALSE,2,"intercept",-1,-1.11023327998824,0.0103273089840069,0.9,-1.28340179047949,-0.945696239304811
16,145,1.6e+08,160000145,FALSE,TRUE,FALSE,2,"X1_groups",1,0.973175614141489,0.00446370121609426,0.9,0.863724553530069,1.08210806997331
16,145,1.6e+08,160000145,FALSE,TRUE,FALSE,2,"X2_dist",1,1.0706639762672,0.00894384313345197,0.9,0.926587983722633,1.23821940584582
16,145,1.6e+08,160000145,FALSE,TRUE,FALSE,2,"X3_norm",1,0.965247299985804,0.00501983542184961,0.9,0.855293220829437,1.08363969411616
16,145,1.6e+08,160000145,FALSE,TRUE,FALSE,2,"X4_row",1,1.05997960373771,0.00639719570444602,0.9,0.930628395194218,1.1966950813807
16,146,1.6e+08,160000146,FALSE,FALSE,FALSE,0,"intercept",-1,-1.00875056011347,0.00786398553373553,0.9,-1.15268479658907,-0.866298206648404
16,146,1.6e+08,160000146,FALSE,FALSE,FALSE,0,"X1_groups",1,1.04105925906674,0.00312372035737825,0.9,0.956287995641678,1.13784636326687
16,146,1.6e+08,160000146,FALSE,FALSE,FALSE,0,"X2_dist",1,0.931190541834354,0.00616093211173673,0.9,0.804787689782392,1.05829916639611
16,146,1.6e+08,160000146,FALSE,FALSE,FALSE,0,"X3_norm",1,1.0669496906083,0.00361980792196887,0.9,0.968590725708699,1.16522546592471
16,146,1.6e+08,160000146,FALSE,FALSE,FALSE,0,"X4_row",1,1.03000333209859,0.0046325391980484,0.9,0.919510775921403,1.13980326153905
16,146,1.6e+08,160000146,FALSE,TRUE,FALSE,0,"intercept",-1,-0.669649442510889,0.00448884251067594,0.9,-0.781544955652958,-0.56046595488631
16,146,1.6e+08,160000146,FALSE,TRUE,FALSE,0,"X1_groups",1,0.610366976690839,0.00151777106832164,0.9,0.547909221939773,0.676438790205655
16,146,1.6e+08,160000146,FALSE,TRUE,FALSE,0,"X2_dist",1,0.603151808582084,0.00314581550202524,0.9,0.510003379393666,0.692096753558012
16,146,1.6e+08,160000146,FALSE,TRUE,FALSE,0,"X3_norm",1,0.607790029659696,0.00170860876960742,0.9,0.538921600856075,0.67872265301302
16,146,1.6e+08,160000146,FALSE,TRUE,FALSE,0,"X4_row",1,0.568417207089516,0.00209586597456302,0.9,0.491333532975129,0.640869031714854
16,146,1.6e+08,160000146,FALSE,FALSE,FALSE,1,"intercept",-1,-1.03853743747497,0.0075349223060547,0.9,-1.18533743987776,-0.898824268431353
16,146,1.6e+08,160000146,FALSE,FALSE,FALSE,1,"X1_groups",1,1.07836505551967,0.00356398790367385,0.9,0.976978474495683,1.17788466620622
16,146,1.6e+08,160000146,FALSE,FALSE,FALSE,1,"X2_dist",1,0.956262515181852,0.0060352592535068,0.9,0.842694888146412,1.10503322379279
16,146,1.6e+08,160000146,FALSE,FALSE,FALSE,1,"X3_norm",1,1.10328442364145,0.00394616388160288,0.9,1.00096036346501,1.21063333457506
16,146,1.6e+08,160000146,FALSE,FALSE,FALSE,1,"X4_row",1,1.07037248540919,0.00496662505723338,0.9,0.951958301547173,1.18139701113391
16,146,1.6e+08,160000146,FALSE,FALSE,FALSE,2,"intercept",-1,-1.08094145522616,0.00837693180793248,0.9,-1.24808095677757,-0.932315405985346
16,146,1.6e+08,160000146,FALSE,FALSE,FALSE,2,"X1_groups",1,1.11488898000159,0.00435038705105173,0.9,1.00640039849253,1.22007317690818
16,146,1.6e+08,160000146,FALSE,FALSE,FALSE,2,"X2_dist",1,0.9953198346452,0.00701875511172878,0.9,0.862539883530792,1.14070521021875
16,146,1.6e+08,160000146,FALSE,FALSE,FALSE,2,"X3_norm",1,1.13423722499537,0.00459130396533665,0.9,1.02751999495165,1.24374788660836
16,146,1.6e+08,160000146,FALSE,FALSE,FALSE,2,"X4_row",1,1.10448289157348,0.0054303341347882,0.9,0.986874741560311,1.23383249391456
16,146,1.6e+08,160000146,FALSE,TRUE,FALSE,1,"intercept",-1,-0.7949988604003,0.00547820304671019,0.9,-0.922151098979254,-0.681298548130272
16,146,1.6e+08,160000146,FALSE,TRUE,FALSE,1,"X1_groups",1,0.75197331262555,0.00210501039381041,0.9,0.678196167838823,0.825070580073784
16,146,1.6e+08,160000146,FALSE,TRUE,FALSE,1,"X2_dist",1,0.716823524488276,0.00431352073480366,0.9,0.612749580721965,0.828634947225553
16,146,1.6e+08,160000146,FALSE,TRUE,FALSE,1,"X3_norm",1,0.72748305760187,0.00242459438299614,0.9,0.644788548789901,0.804010873292742
16,146,1.6e+08,160000146,FALSE,TRUE,FALSE,1,"X4_row",1,0.694550129121884,0.00309518992313302,0.9,0.606505003902946,0.784356608791866
16,146,1.6e+08,160000146,FALSE,TRUE,FALSE,2,"intercept",-1,-0.997217665635864,0.00825582042182975,0.9,-1.15100556953782,-0.853402659415103
16,146,1.6e+08,160000146,FALSE,TRUE,FALSE,2,"X1_groups",1,0.936922217107869,0.00393307909395742,0.9,0.840479918785998,1.04508242865643
16,146,1.6e+08,160000146,FALSE,TRUE,FALSE,2,"X2_dist",1,0.922588294073846,0.0070630071914688,0.9,0.782016831031012,1.06401038256953
16,146,1.6e+08,160000146,FALSE,TRUE,FALSE,2,"X3_norm",1,0.932380834287862,0.00441302822539082,0.9,0.827992199448276,1.04759656789316
16,146,1.6e+08,160000146,FALSE,TRUE,FALSE,2,"X4_row",1,0.893936656193116,0.00507246584070729,0.9,0.778320104215716,1.00855566050506
16,147,1.6e+08,160000147,FALSE,FALSE,FALSE,0,"intercept",-1,-0.981996228946421,0.00681359902221087,0.9,-1.12372297451754,-0.85584385898539
16,147,1.6e+08,160000147,FALSE,FALSE,FALSE,0,"X1_groups",1,0.984795441513697,0.00285734357898068,0.9,0.906344948054354,1.07194508973529
16,147,1.6e+08,160000147,FALSE,FALSE,FALSE,0,"X2_dist",1,1.00975103243414,0.00542206752406178,0.9,0.887953692144373,1.13295260361611
16,147,1.6e+08,160000147,FALSE,FALSE,FALSE,0,"X3_norm",1,0.886713730716079,0.00301836949716475,0.9,0.796499231870003,0.972930205120314
16,147,1.6e+08,160000147,FALSE,FALSE,FALSE,0,"X4_row",1,0.987183077573373,0.0044340364569996,0.9,0.885207379897437,1.1009694243324
16,147,1.6e+08,160000147,FALSE,TRUE,FALSE,0,"intercept",-1,-0.632618969470644,0.00440126860409628,0.9,-0.737147545267177,-0.520474967589954
16,147,1.6e+08,160000147,FALSE,TRUE,FALSE,0,"X1_groups",1,0.580746201246854,0.00134320536488297,0.9,0.524740288011011,0.641428524090406
16,147,1.6e+08,160000147,FALSE,TRUE,FALSE,0,"X2_dist",1,0.627746288322428,0.00342582311668949,0.9,0.533695138554686,0.716347785186783
16,147,1.6e+08,160000147,FALSE,TRUE,FALSE,0,"X3_norm",1,0.550742494994261,0.00154100800914821,0.9,0.484312236195744,0.61621894488636
16,147,1.6e+08,160000147,FALSE,TRUE,FALSE,0,"X4_row",1,0.529600803483898,0.00203981615985175,0.9,0.451127482767552,0.600415144843676
16,147,1.6e+08,160000147,FALSE,FALSE,FALSE,1,"intercept",-1,-1.02226711928887,0.00696251739351635,0.9,-1.15878023176502,-0.88766702550615
16,147,1.6e+08,160000147,FALSE,FALSE,FALSE,1,"X1_groups",1,1.02186361558284,0.00319050200162889,0.9,0.931140629455723,1.11709179371988
16,147,1.6e+08,160000147,FALSE,FALSE,FALSE,1,"X2_dist",1,1.04482520719594,0.00561891228728144,0.9,0.915854618881711,1.1699425533071
16,147,1.6e+08,160000147,FALSE,FALSE,FALSE,1,"X3_norm",1,0.912477333465402,0.00336833113460318,0.9,0.822073059202401,1.00650590520527
16,147,1.6e+08,160000147,FALSE,FALSE,FALSE,1,"X4_row",1,1.0204869090174,0.00426064299475428,0.9,0.91109239316059,1.12402172032933
16,147,1.6e+08,160000147,FALSE,FALSE,FALSE,2,"intercept",-1,-1.0617133292702,0.00848438903289883,0.9,-1.22257868692588,-0.916498985397737
16,147,1.6e+08,160000147,FALSE,FALSE,FALSE,2,"X1_groups",1,1.0559340935423,0.00375242308757237,0.9,0.952000248750764,1.16567738271445
16,147,1.6e+08,160000147,FALSE,FALSE,FALSE,2,"X2_dist",1,1.08417048913993,0.00751485085986666,0.9,0.943872370179601,1.22386943840612
16,147,1.6e+08,160000147,FALSE,FALSE,FALSE,2,"X3_norm",1,0.943539292506371,0.00377719839846575,0.9,0.844616955798661,1.05070318162174
16,147,1.6e+08,160000147,FALSE,FALSE,FALSE,2,"X4_row",1,1.0591632476705,0.00479670621169763,0.9,0.950766907001136,1.17502576753327
16,147,1.6e+08,160000147,FALSE,TRUE,FALSE,1,"intercept",-1,-0.761181328621195,0.00530762246079876,0.9,-0.869278826398008,-0.643409663580591
16,147,1.6e+08,160000147,FALSE,TRUE,FALSE,1,"X1_groups",1,0.728788259453358,0.00220733193596077,0.9,0.64965156178171,0.804979546381407
16,147,1.6e+08,160000147,FALSE,TRUE,FALSE,1,"X2_dist",1,0.755309201169647,0.00416603180675775,0.9,0.649587160127175,0.854838608188412
16,147,1.6e+08,160000147,FALSE,TRUE,FALSE,1,"X3_norm",1,0.680831155483764,0.00215234036905507,0.9,0.602936534504613,0.757307996584954
16,147,1.6e+08,160000147,FALSE,TRUE,FALSE,1,"X4_row",1,0.672717852818768,0.00294527537256658,0.9,0.587028483822367,0.763434247534213
16,147,1.6e+08,160000147,FALSE,TRUE,FALSE,2,"intercept",-1,-0.963198781537682,0.00942453752630779,0.9,-1.12472332943803,-0.814276610769787
16,147,1.6e+08,160000147,FALSE,TRUE,FALSE,2,"X1_groups",1,0.919129556822253,0.0042207018605633,0.9,0.809525207478748,1.02580513332314
16,147,1.6e+08,160000147,FALSE,TRUE,FALSE,2,"X2_dist",1,0.978588779019958,0.00908652332235612,0.9,0.830186793778672,1.14631556032089
16,147,1.6e+08,160000147,FALSE,TRUE,FALSE,2,"X3_norm",1,0.838863774339812,0.00415713937746965,0.9,0.738772117796929,0.949046419380498
16,147,1.6e+08,160000147,FALSE,TRUE,FALSE,2,"X4_row",1,0.857901924401519,0.00473675623583588,0.9,0.741717326276332,0.975293683274354
16,148,1.6e+08,160000148,FALSE,FALSE,FALSE,0,"intercept",-1,-0.931868506487826,0.00665534849156793,0.9,-1.06869953208472,-0.797484098541816
16,148,1.6e+08,160000148,FALSE,FALSE,FALSE,0,"X1_groups",1,0.987104493157527,0.00277790825969577,0.9,0.905768865970936,1.07861230054264
16,148,1.6e+08,160000148,FALSE,FALSE,FALSE,0,"X2_dist",1,0.921984503405892,0.00506375415372563,0.9,0.807392348394882,1.04244063218046
16,148,1.6e+08,160000148,FALSE,FALSE,FALSE,0,"X3_norm",1,0.996187679687834,0.00340960649209485,0.9,0.906321162286342,1.09296047388866
16,148,1.6e+08,160000148,FALSE,FALSE,FALSE,0,"X4_row",1,0.966337574084754,0.00421574723190787,0.9,0.863462441646026,1.07732844083271
16,148,1.6e+08,160000148,FALSE,TRUE,FALSE,0,"intercept",-1,-0.611891037476216,0.00455318328605623,0.9,-0.72588281674523,-0.500669762904767
16,148,1.6e+08,160000148,FALSE,TRUE,FALSE,0,"X1_groups",1,0.608799006340425,0.00154497642516644,0.9,0.545404971748655,0.671049796259564
16,148,1.6e+08,160000148,FALSE,TRUE,FALSE,0,"X2_dist",1,0.607897947817208,0.00342952876829611,0.9,0.513156017311162,0.707438100740192
16,148,1.6e+08,160000148,FALSE,TRUE,FALSE,0,"X3_norm",1,0.63099853700855,0.00159910036266272,0.9,0.566707628788204,0.699633841270387
16,148,1.6e+08,160000148,FALSE,TRUE,FALSE,0,"X4_row",1,0.583677129919612,0.00220410723244404,0.9,0.503991222966283,0.662405019484571
16,148,1.6e+08,160000148,FALSE,FALSE,FALSE,1,"intercept",-1,-0.992655968612716,0.00731936790593922,0.9,-1.12544666446359,-0.856055572096457
16,148,1.6e+08,160000148,FALSE,FALSE,FALSE,1,"X1_groups",1,1.04226813818003,0.00366315922866606,0.9,0.946649504989639,1.14132059147763
16,148,1.6e+08,160000148,FALSE,FALSE,FALSE,1,"X2_dist",1,0.983159421611468,0.0062930689671956,0.9,0.857323188612033,1.10409817484351
16,148,1.6e+08,160000148,FALSE,FALSE,FALSE,1,"X3_norm",1,1.04373819260844,0.00386553689492431,0.9,0.946388759823299,1.14595767152898
16,148,1.6e+08,160000148,FALSE,FALSE,FALSE,1,"X4_row",1,1.01837106922013,0.00453697795105544,0.9,0.906780002518446,1.12906322374246
16,148,1.6e+08,160000148,FALSE,FALSE,FALSE,2,"intercept",-1,-1.02480545821737,0.00846733184454254,0.9,-1.18742253514844,-0.872299433503973
16,148,1.6e+08,160000148,FALSE,FALSE,FALSE,2,"X1_groups",1,1.07309715581325,0.00419830356046262,0.9,0.97318524356041,1.18535091245393
16,148,1.6e+08,160000148,FALSE,FALSE,FALSE,2,"X2_dist",1,1.01469244722477,0.00742820449208459,0.9,0.879013444968128,1.15479172478406
16,148,1.6e+08,160000148,FALSE,FALSE,FALSE,2,"X3_norm",1,1.07230981667825,0.00429180933429571,0.9,0.974064873184223,1.18310418370006
16,148,1.6e+08,160000148,FALSE,FALSE,FALSE,2,"X4_row",1,1.0482524993584,0.00495250959109152,0.9,0.944326812914197,1.1698400527397
16,148,1.6e+08,160000148,FALSE,TRUE,FALSE,1,"intercept",-1,-0.788629599868358,0.00636926482647722,0.9,-0.918459000394595,-0.664746339091503
16,148,1.6e+08,160000148,FALSE,TRUE,FALSE,1,"X1_groups",1,0.811482561945909,0.00259682826479783,0.9,0.73028480675126,0.895146581667514
16,148,1.6e+08,160000148,FALSE,TRUE,FALSE,1,"X2_dist",1,0.788923079522014,0.00526763575155927,0.9,0.667785633338481,0.900804278678328
16,148,1.6e+08,160000148,FALSE,TRUE,FALSE,1,"X3_norm",1,0.831147550811867,0.00264684399992971,0.9,0.747284450062544,0.917786394039659
16,148,1.6e+08,160000148,FALSE,TRUE,FALSE,1,"X4_row",1,0.771831611836394,0.00367863535110789,0.9,0.673111815815527,0.868779958226533
16,148,1.6e+08,160000148,FALSE,TRUE,FALSE,2,"intercept",-1,-0.950563735964386,0.0101033535227613,0.9,-1.11546540264324,-0.789340101218614
16,148,1.6e+08,160000148,FALSE,TRUE,FALSE,2,"X1_groups",1,1.02748707241526,0.00507429380342074,0.9,0.911080147893355,1.14867486286119
16,148,1.6e+08,160000148,FALSE,TRUE,FALSE,2,"X2_dist",1,0.967681034417463,0.0083185288891328,0.9,0.827980419578205,1.13786856570225
16,148,1.6e+08,160000148,FALSE,TRUE,FALSE,2,"X3_norm",1,1.04023221797791,0.0053370415040028,0.9,0.919612268083576,1.1568682486697
16,148,1.6e+08,160000148,FALSE,TRUE,FALSE,2,"X4_row",1,0.969584648556335,0.0050951355177987,0.9,0.862628859764569,1.09464783358872
16,149,1.6e+08,160000149,FALSE,FALSE,FALSE,0,"intercept",-1,-1.00957993428178,0.00785758203028995,0.9,-1.15969362075741,-0.869417090888443
16,149,1.6e+08,160000149,FALSE,FALSE,FALSE,0,"X1_groups",1,1.05495098027399,0.00337703830561446,0.9,0.965940390519824,1.14999433590356
16,149,1.6e+08,160000149,FALSE,FALSE,FALSE,0,"X2_dist",1,0.997973373925345,0.00577655829248919,0.9,0.87125119364015,1.12656479056621
16,149,1.6e+08,160000149,FALSE,FALSE,FALSE,0,"X3_norm",1,1.04632731192543,0.0037864068951704,0.9,0.953081273486007,1.1570265075296
16,149,1.6e+08,160000149,FALSE,FALSE,FALSE,0,"X4_row",1,0.943601498143232,0.00440399264737919,0.9,0.828604062131786,1.04514494686924
16,149,1.6e+08,160000149,FALSE,TRUE,FALSE,0,"intercept",-1,-0.654422871560614,0.0042967756854775,0.9,-0.767721995683925,-0.548243188954249
16,149,1.6e+08,160000149,FALSE,TRUE,FALSE,0,"X1_groups",1,0.608000968944312,0.00144392747193686,0.9,0.544093117538089,0.668223691057574
16,149,1.6e+08,160000149,FALSE,TRUE,FALSE,0,"X2_dist",1,0.637217805894677,0.0030647744398257,0.9,0.544452292598619,0.727292000664977
16,149,1.6e+08,160000149,FALSE,TRUE,FALSE,0,"X3_norm",1,0.655761306897664,0.00179534370576962,0.9,0.588174614891038,0.726137709798578
16,149,1.6e+08,160000149,FALSE,TRUE,FALSE,0,"X4_row",1,0.547846389416664,0.00217267631296804,0.9,0.465074309845612,0.622649820602084
16,149,1.6e+08,160000149,FALSE,FALSE,FALSE,1,"intercept",-1,-1.04302515426082,0.00764108968650718,0.9,-1.18047100512956,-0.908849181729452
16,149,1.6e+08,160000149,FALSE,FALSE,FALSE,1,"X1_groups",1,1.09377662569606,0.00349170964567741,0.9,1.00254974472172,1.20041483912399
16,149,1.6e+08,160000149,FALSE,FALSE,FALSE,1,"X2_dist",1,1.02695467254162,0.00610825277890766,0.9,0.898319488596799,1.15870046925421
16,149,1.6e+08,160000149,FALSE,FALSE,FALSE,1,"X3_norm",1,1.07708170152377,0.00395304315146314,0.9,0.977077164586064,1.18033880460051
16,149,1.6e+08,160000149,FALSE,FALSE,FALSE,1,"X4_row",1,0.974063445630329,0.00443291453879874,0.9,0.869251729858796,1.08382378068134
16,149,1.6e+08,160000149,FALSE,FALSE,FALSE,2,"intercept",-1,-1.08581367389072,0.00836728607887008,0.9,-1.23980154909375,-0.939205660337564
16,149,1.6e+08,160000149,FALSE,FALSE,FALSE,2,"X1_groups",1,1.1292684148887,0.00428854728988596,0.9,1.02872199479751,1.23021601706551
16,149,1.6e+08,160000149,FALSE,FALSE,FALSE,2,"X2_dist",1,1.06699770820446,0.00675688482179756,0.9,0.932811310477812,1.20833746220344
16,149,1.6e+08,160000149,FALSE,FALSE,FALSE,2,"X3_norm",1,1.11767210098379,0.00457107863106574,0.9,1.01145677962561,1.22861743848823
16,149,1.6e+08,160000149,FALSE,FALSE,FALSE,2,"X4_row",1,1.00724221370709,0.00501349129076155,0.9,0.890023037486176,1.12641678167412
16,149,1.6e+08,160000149,FALSE,TRUE,FALSE,1,"intercept",-1,-0.83097047845343,0.00580996568556843,0.9,-0.955959604053331,-0.713849521304208
16,149,1.6e+08,160000149,FALSE,TRUE,FALSE,1,"X1_groups",1,0.783152051629999,0.00226054824283085,0.9,0.70203854152952,0.860963591026223
16,149,1.6e+08,160000149,FALSE,TRUE,FALSE,1,"X2_dist",1,0.801902772992798,0.00468587192574139,0.9,0.688374776434911,0.917392460517373
16,149,1.6e+08,160000149,FALSE,TRUE,FALSE,1,"X3_norm",1,0.812811331250829,0.00282368836831562,0.9,0.728570067850098,0.897954666467106
16,149,1.6e+08,160000149,FALSE,TRUE,FALSE,1,"X4_row",1,0.693059840499556,0.00309404906562638,0.9,0.601496628557305,0.781474234308902
16,149,1.6e+08,160000149,FALSE,TRUE,FALSE,2,"intercept",-1,-1.10443276723709,0.0117434617051172,0.9,-1.2952709540357,-0.927130463357472
16,149,1.6e+08,160000149,FALSE,TRUE,FALSE,2,"X1_groups",1,1.07831745426983,0.00574704437206463,0.9,0.948644663355964,1.20392552529172
16,149,1.6e+08,160000149,FALSE,TRUE,FALSE,2,"X2_dist",1,1.09300284045384,0.00977527555606683,0.9,0.943696678830953,1.27060009416147
16,149,1.6e+08,160000149,FALSE,TRUE,FALSE,2,"X3_norm",1,1.09532135423078,0.00516386366076142,0.9,0.979016377223805,1.2206868567279
16,149,1.6e+08,160000149,FALSE,TRUE,FALSE,2,"X4_row",1,0.958710956562907,0.00571311381165129,0.9,0.835412661404823,1.08191436450991
16,150,1.6e+08,160000150,FALSE,FALSE,FALSE,0,"intercept",-1,-1.01356662041458,0.00725256993605347,0.9,-1.16195436069724,-0.872453483337995
16,150,1.6e+08,160000150,FALSE,FALSE,FALSE,0,"X1_groups",1,0.980863431739717,0.00288820681541101,0.9,0.891996259397132,1.06671679108418
16,150,1.6e+08,160000150,FALSE,FALSE,FALSE,0,"X2_dist",1,1.03345583279,0.00599634833202832,0.9,0.909107495631506,1.15594928749244
16,150,1.6e+08,160000150,FALSE,FALSE,FALSE,0,"X3_norm",1,1.00293179379149,0.00324518016356411,0.9,0.917163025736675,1.10389008036048
16,150,1.6e+08,160000150,FALSE,FALSE,FALSE,0,"X4_row",1,1.03869740941835,0.00446477660922268,0.9,0.925657164135714,1.14303681905528
16,150,1.6e+08,160000150,FALSE,TRUE,FALSE,0,"intercept",-1,-0.638754026173569,0.00455236268183769,0.9,-0.751162986725597,-0.530688014397491
16,150,1.6e+08,160000150,FALSE,TRUE,FALSE,0,"X1_groups",1,0.676765704256024,0.00156430917976511,0.9,0.610886621562268,0.744676792945515
16,150,1.6e+08,160000150,FALSE,TRUE,FALSE,0,"X2_dist",1,0.656562820245753,0.0034767011788888,0.9,0.566660841746399,0.752282025808427
16,150,1.6e+08,160000150,FALSE,TRUE,FALSE,0,"X3_norm",1,0.657834097732421,0.00170553240056565,0.9,0.594697855903197,0.725705472506808
16,150,1.6e+08,160000150,FALSE,TRUE,FALSE,0,"X4_row",1,0.597418538271169,0.00229567519446451,0.9,0.511794941797237,0.675007995703916
16,150,1.6e+08,160000150,FALSE,FALSE,FALSE,1,"intercept",-1,-1.0743680822227,0.00835409624805986,0.9,-1.24607200673957,-0.922130258297576
16,150,1.6e+08,160000150,FALSE,FALSE,FALSE,1,"X1_groups",1,1.03652793169724,0.00388072775721932,0.9,0.940856434684683,1.13785284987957
16,150,1.6e+08,160000150,FALSE,FALSE,FALSE,1,"X2_dist",1,1.09131212504278,0.00689731623301652,0.9,0.967136995729197,1.25014560572648
16,150,1.6e+08,160000150,FALSE,FALSE,FALSE,1,"X3_norm",1,1.04992187696358,0.00397984797672627,0.9,0.949658950157073,1.14800665729196
16,150,1.6e+08,160000150,FALSE,FALSE,FALSE,1,"X4_row",1,1.09104779299852,0.00471523778340672,0.9,0.97670111155157,1.20101630836943
16,150,1.6e+08,160000150,FALSE,FALSE,FALSE,2,"intercept",-1,-1.12933491498567,0.0103748045036554,0.9,-1.28711963019815,-0.960148400609359
16,150,1.6e+08,160000150,FALSE,FALSE,FALSE,2,"X1_groups",1,1.07433675676088,0.00472185201293798,0.9,0.958703188056124,1.18743796186394
16,150,1.6e+08,160000150,FALSE,FALSE,FALSE,2,"X2_dist",1,1.14371521078104,0.0094020436425088,0.9,0.989854233387815,1.30166264568966
16,150,1.6e+08,160000150,FALSE,FALSE,FALSE,2,"X3_norm",1,1.08798983004296,0.00519648226352573,0.9,0.97244529104805,1.20019690643442
16,150,1.6e+08,160000150,FALSE,FALSE,FALSE,2,"X4_row",1,1.12705881131041,0.0051206936452424,0.9,1.00920987698914,1.24276258831243
16,150,1.6e+08,160000150,FALSE,TRUE,FALSE,1,"intercept",-1,-0.826448054855573,0.00590841049521131,0.9,-0.947781295792072,-0.694520643846358
16,150,1.6e+08,160000150,FALSE,TRUE,FALSE,1,"X1_groups",1,0.898276049243625,0.00284652260527642,0.9,0.807560976849293,0.985012655349233
16,150,1.6e+08,160000150,FALSE,TRUE,FALSE,1,"X2_dist",1,0.826605971226005,0.00463790087409316,0.9,0.712198073720603,0.945917795419368
16,150,1.6e+08,160000150,FALSE,TRUE,FALSE,1,"X3_norm",1,0.822094639247316,0.00277990558363342,0.9,0.737592984748845,0.906442684248175
16,150,1.6e+08,160000150,FALSE,TRUE,FALSE,1,"X4_row",1,0.787766998732491,0.00367934231402757,0.9,0.687962310491058,0.887715598400074
16,150,1.6e+08,160000150,FALSE,TRUE,FALSE,2,"intercept",-1,-1.01254380152695,0.00930382205037356,0.9,-1.17928646754149,-0.861406683459233
16,150,1.6e+08,160000150,FALSE,TRUE,FALSE,2,"X1_groups",1,1.06546522594447,0.00525091048951497,0.9,0.945614234383721,1.18361813161304
16,150,1.6e+08,160000150,FALSE,TRUE,FALSE,2,"X2_dist",1,1.03138894876504,0.00833920108946285,0.9,0.878114375965245,1.18706115535574
16,150,1.6e+08,160000150,FALSE,TRUE,FALSE,2,"X3_norm",1,0.981580695716102,0.00440887095938257,0.9,0.870834745614216,1.0764829967246
16,150,1.6e+08,160000150,FALSE,TRUE,FALSE,2,"X4_row",1,0.956408284106531,0.0053442285550836,0.9,0.829100733627284,1.08141189301502
16,151,1.6e+08,160000151,FALSE,FALSE,FALSE,0,"intercept",-1,-0.950186645828912,0.00647267493385194,0.9,-1.08842253633655,-0.823357417097033
16,151,1.6e+08,160000151,FALSE,FALSE,FALSE,0,"X1_groups",1,0.942931214229216,0.00277762411807159,0.9,0.862393008577343,1.03505389468831
16,151,1.6e+08,160000151,FALSE,FALSE,FALSE,0,"X2_dist",1,0.958079518906728,0.00506369331052211,0.9,0.839235844469078,1.07693516832668
16,151,1.6e+08,160000151,FALSE,FALSE,FALSE,0,"X3_norm",1,0.937485801085993,0.00337282782850926,0.9,0.837462300800676,1.03705694133493
16,151,1.6e+08,160000151,FALSE,FALSE,FALSE,0,"X4_row",1,1.05536237768043,0.00440765924808714,0.9,0.940322985284132,1.16415580182529
16,151,1.6e+08,160000151,FALSE,TRUE,FALSE,0,"intercept",-1,-0.631429901047334,0.00434583860607601,0.9,-0.737553505658163,-0.535828028758647
16,151,1.6e+08,160000151,FALSE,TRUE,FALSE,0,"X1_groups",1,0.575910495404517,0.0014607580653514,0.9,0.519878462555882,0.640148868034213
16,151,1.6e+08,160000151,FALSE,TRUE,FALSE,0,"X2_dist",1,0.62606525539914,0.00325173843264887,0.9,0.536196668335661,0.713521790814285
16,151,1.6e+08,160000151,FALSE,TRUE,FALSE,0,"X3_norm",1,0.580297050771295,0.00165849374054076,0.9,0.514079017489988,0.645717621287558
16,151,1.6e+08,160000151,FALSE,TRUE,FALSE,0,"X4_row",1,0.601866546019017,0.00229080149308074,0.9,0.513456371158625,0.680677051615717
16,151,1.6e+08,160000151,FALSE,FALSE,FALSE,1,"intercept",-1,-1.0160191279323,0.00823453898210315,0.9,-1.16345245002878,-0.870592100973399
16,151,1.6e+08,160000151,FALSE,FALSE,FALSE,1,"X1_groups",1,1.00837331074318,0.00417656495207837,0.9,0.906179611703994,1.11098816574872
16,151,1.6e+08,160000151,FALSE,FALSE,FALSE,1,"X2_dist",1,1.02716675727215,0.00723244800883183,0.9,0.889517328288272,1.16957522387578
16,151,1.6e+08,160000151,FALSE,FALSE,FALSE,1,"X3_norm",1,0.998301287628361,0.00435901697928939,0.9,0.88438912788236,1.10321557654177
16,151,1.6e+08,160000151,FALSE,FALSE,FALSE,1,"X4_row",1,1.12016043301561,0.00506699352314155,0.9,0.995557868258968,1.2390526913794
16,151,1.6e+08,160000151,FALSE,FALSE,FALSE,2,"intercept",-1,-1.0592504178753,0.00896915810577866,0.9,-1.21421061688316,-0.908176013804574
16,151,1.6e+08,160000151,FALSE,FALSE,FALSE,2,"X1_groups",1,1.04410248765284,0.00453852398114524,0.9,0.935165069779446,1.15634200644123
16,151,1.6e+08,160000151,FALSE,FALSE,FALSE,2,"X2_dist",1,1.07087587527142,0.00747612001055008,0.9,0.932510993873756,1.21001188384766
16,151,1.6e+08,160000151,FALSE,FALSE,FALSE,2,"X3_norm",1,1.03428028682455,0.00463177910037978,0.9,0.927931534057997,1.14329849102255
16,151,1.6e+08,160000151,FALSE,FALSE,FALSE,2,"X4_row",1,1.15643448245809,0.00637077268615212,0.9,1.03173799047411,1.29192773324554
16,151,1.6e+08,160000151,FALSE,TRUE,FALSE,1,"intercept",-1,-0.786853838464451,0.00564156021461226,0.9,-0.905996584318836,-0.664052293022684
16,151,1.6e+08,160000151,FALSE,TRUE,FALSE,1,"X1_groups",1,0.742210871934268,0.00243542212234093,0.9,0.659600349152775,0.821561021732435
16,151,1.6e+08,160000151,FALSE,TRUE,FALSE,1,"X2_dist",1,0.783889097402896,0.00448791549151219,0.9,0.670254444251581,0.892004479687567
16,151,1.6e+08,160000151,FALSE,TRUE,FALSE,1,"X3_norm",1,0.736986579732882,0.00251026489420869,0.9,0.657084046018992,0.827827839158792
16,151,1.6e+08,160000151,FALSE,TRUE,FALSE,1,"X4_row",1,0.788676605872051,0.0032568139950207,0.9,0.698834360009106,0.880682483060652
16,151,1.6e+08,160000151,FALSE,TRUE,FALSE,2,"intercept",-1,-0.987137575071897,0.00999566051027167,0.9,-1.16395942348609,-0.822686736626314
16,151,1.6e+08,160000151,FALSE,TRUE,FALSE,2,"X1_groups",1,0.940902260010231,0.00509164582795748,0.9,0.827439725492698,1.06271103987786
16,151,1.6e+08,160000151,FALSE,TRUE,FALSE,2,"X2_dist",1,1.02828696986681,0.00793151635939605,0.9,0.878884387228436,1.17486676430654
16,151,1.6e+08,160000151,FALSE,TRUE,FALSE,2,"X3_norm",1,0.908030265983525,0.00417634873792874,0.9,0.804206166244523,1.01734085353054
16,151,1.6e+08,160000151,FALSE,TRUE,FALSE,2,"X4_row",1,1.04654632752868,0.00598159546053877,0.9,0.923419048707877,1.17469861966532
16,152,1.6e+08,160000152,FALSE,FALSE,FALSE,0,"intercept",-1,-1.08191265906591,0.00777422642778541,0.9,-1.23467511500661,-0.940299649866968
16,152,1.6e+08,160000152,FALSE,FALSE,FALSE,0,"X1_groups",1,1.05764809873405,0.00316585686664065,0.9,0.965925826162963,1.16102835394321
16,152,1.6e+08,160000152,FALSE,FALSE,FALSE,0,"X2_dist",1,1.00159604288171,0.00557681230070809,0.9,0.879150642079938,1.12629237465082
16,152,1.6e+08,160000152,FALSE,FALSE,FALSE,0,"X3_norm",1,1.01061915025249,0.0034277980943862,0.9,0.920376667199903,1.10439248465095
16,152,1.6e+08,160000152,FALSE,FALSE,FALSE,0,"X4_row",1,1.00423945776267,0.00461832877906889,0.9,0.888157670428758,1.11388172241033
16,152,1.6e+08,160000152,FALSE,TRUE,FALSE,0,"intercept",-1,-0.720546373551427,0.00500491560465179,0.9,-0.841759098028411,-0.610186015947166
16,152,1.6e+08,160000152,FALSE,TRUE,FALSE,0,"X1_groups",1,0.685447886040632,0.00161081165936777,0.9,0.619017977372611,0.75375534154168
16,152,1.6e+08,160000152,FALSE,TRUE,FALSE,0,"X2_dist",1,0.652718047436481,0.00345213109572426,0.9,0.557822244901773,0.744361324417905
16,152,1.6e+08,160000152,FALSE,TRUE,FALSE,0,"X3_norm",1,0.652546890890203,0.00190052509574464,0.9,0.58323233715586,0.733222804177343
16,152,1.6e+08,160000152,FALSE,TRUE,FALSE,0,"X4_row",1,0.598703318197975,0.00239659956972647,0.9,0.515109388061884,0.673465047716225
16,152,1.6e+08,160000152,FALSE,FALSE,FALSE,1,"intercept",-1,-1.12231966777297,0.00758587125183546,0.9,-1.27013617545192,-0.985979553163043
16,152,1.6e+08,160000152,FALSE,FALSE,FALSE,1,"X1_groups",1,1.09720087585251,0.00372870647478236,0.9,0.996379935058421,1.19092472262362
16,152,1.6e+08,160000152,FALSE,FALSE,FALSE,1,"X2_dist",1,1.03340629938487,0.00633401783142204,0.9,0.908781088446883,1.16338647529723
16,152,1.6e+08,160000152,FALSE,FALSE,FALSE,1,"X3_norm",1,1.04564666025718,0.00452490236139203,0.9,0.938808802096216,1.15829432350706
16,152,1.6e+08,160000152,FALSE,FALSE,FALSE,1,"X4_row",1,1.04463163347294,0.00499545143994623,0.9,0.927022997026782,1.16435990605611
16,152,1.6e+08,160000152,FALSE,FALSE,FALSE,2,"intercept",-1,-1.16453302290434,0.00852290070374013,0.9,-1.31853206445329,-1.00226101899543
16,152,1.6e+08,160000152,FALSE,FALSE,FALSE,2,"X1_groups",1,1.12843521043986,0.00458175699455708,0.9,1.0241515394111,1.23190125759442
16,152,1.6e+08,160000152,FALSE,FALSE,FALSE,2,"X2_dist",1,1.07019097944419,0.00694256175217822,0.9,0.928436779323248,1.21276073822362
16,152,1.6e+08,160000152,FALSE,FALSE,FALSE,2,"X3_norm",1,1.07417699341335,0.00456741740355695,0.9,0.969479996574286,1.1863693139736
16,152,1.6e+08,160000152,FALSE,FALSE,FALSE,2,"X4_row",1,1.07336025936673,0.00515926214474441,0.9,0.968066515610469,1.19809781439021
16,152,1.6e+08,160000152,FALSE,TRUE,FALSE,1,"intercept",-1,-0.900221459498753,0.00599727894077783,0.9,-1.02496543804743,-0.774131023577784
16,152,1.6e+08,160000152,FALSE,TRUE,FALSE,1,"X1_groups",1,0.859093352931295,0.00250196907465672,0.9,0.780418962502272,0.934329710004514
16,152,1.6e+08,160000152,FALSE,TRUE,FALSE,1,"X2_dist",1,0.815792910872944,0.00479990514852544,0.9,0.708942653829778,0.941697523891094
16,152,1.6e+08,160000152,FALSE,TRUE,FALSE,1,"X3_norm",1,0.816979621402265,0.00270869443062593,0.9,0.727207425182225,0.898959637818803
16,152,1.6e+08,160000152,FALSE,TRUE,FALSE,1,"X4_row",1,0.780925701941076,0.0036506807027434,0.9,0.681072970250491,0.878015427183875
16,152,1.6e+08,160000152,FALSE,TRUE,FALSE,2,"intercept",-1,-1.08736681998458,0.00988731032115498,0.9,-1.2537955529759,-0.926286909363148
16,152,1.6e+08,160000152,FALSE,TRUE,FALSE,2,"X1_groups",1,1.03708864302561,0.00437235063782487,0.9,0.922551676137318,1.15019235893266
16,152,1.6e+08,160000152,FALSE,TRUE,FALSE,2,"X2_dist",1,0.967340635971623,0.00848739763009846,0.9,0.810175738505669,1.11423512080903
16,152,1.6e+08,160000152,FALSE,TRUE,FALSE,2,"X3_norm",1,0.971545685406724,0.00465920904757778,0.9,0.867090168667122,1.07822420916806
16,152,1.6e+08,160000152,FALSE,TRUE,FALSE,2,"X4_row",1,0.9439456176207,0.0051978486566285,0.9,0.824974522435602,1.06718800742886
16,153,1.6e+08,160000153,FALSE,FALSE,FALSE,0,"intercept",-1,-0.952883457777045,0.0073866534586353,0.9,-1.08794655920776,-0.811043787599076
16,153,1.6e+08,160000153,FALSE,FALSE,FALSE,0,"X1_groups",1,1.01573413396318,0.0032155926240017,0.9,0.927984123340745,1.11631442161892
16,153,1.6e+08,160000153,FALSE,FALSE,FALSE,0,"X2_dist",1,0.920583495836778,0.00578555287613679,0.9,0.789784117490994,1.03667248990797
16,153,1.6e+08,160000153,FALSE,FALSE,FALSE,0,"X3_norm",1,1.04779144758011,0.00340362952836941,0.9,0.95220934083062,1.13989751877018
16,153,1.6e+08,160000153,FALSE,FALSE,FALSE,0,"X4_row",1,1.06791217604017,0.00478733854151876,0.9,0.947927784359527,1.17540701802755
16,153,1.6e+08,160000153,FALSE,TRUE,FALSE,0,"intercept",-1,-0.676223213041383,0.0047766271169702,0.9,-0.787365922735551,-0.563586134177035
16,153,1.6e+08,160000153,FALSE,TRUE,FALSE,0,"X1_groups",1,0.618579850915371,0.00136523567591733,0.9,0.562354921648011,0.683596188031127
16,153,1.6e+08,160000153,FALSE,TRUE,FALSE,0,"X2_dist",1,0.618158667777779,0.00362238218927275,0.9,0.514538366490333,0.710109259054477
16,153,1.6e+08,160000153,FALSE,TRUE,FALSE,0,"X3_norm",1,0.644846022900865,0.00170339419506212,0.9,0.573807618653476,0.715558891776476
16,153,1.6e+08,160000153,FALSE,TRUE,FALSE,0,"X4_row",1,0.59809403879901,0.00231184654696656,0.9,0.514731448881253,0.677236129750878
16,153,1.6e+08,160000153,FALSE,FALSE,FALSE,1,"intercept",-1,-1.02041479003137,0.00822742823456718,0.9,-1.17659826118986,-0.869612629617701
16,153,1.6e+08,160000153,FALSE,FALSE,FALSE,1,"X1_groups",1,1.08411701562252,0.00407229367405588,0.9,0.980531858944892,1.1901604517513
16,153,1.6e+08,160000153,FALSE,FALSE,FALSE,1,"X2_dist",1,0.97622291826387,0.00643310963905614,0.9,0.843470722634457,1.11726348651956
16,153,1.6e+08,160000153,FALSE,FALSE,FALSE,1,"X3_norm",1,1.11264111981878,0.00483986606514153,0.9,1.00089889487962,1.21892925289561
16,153,1.6e+08,160000153,FALSE,FALSE,FALSE,1,"X4_row",1,1.13063605233827,0.00556347320919785,0.9,1.01195242872353,1.25077641607498
16,153,1.6e+08,160000153,FALSE,FALSE,FALSE,2,"intercept",-1,-1.06293754894209,0.00911759845062698,0.9,-1.21633636113324,-0.916071437762614
16,153,1.6e+08,160000153,FALSE,FALSE,FALSE,2,"X1_groups",1,1.12143694616084,0.0045651660778537,0.9,1.01204768829185,1.2440133230169
16,153,1.6e+08,160000153,FALSE,FALSE,FALSE,2,"X2_dist",1,1.01350318867742,0.00723314314967225,0.9,0.872327348053886,1.15139849299422
16,153,1.6e+08,160000153,FALSE,FALSE,FALSE,2,"X3_norm",1,1.15039186163594,0.00477004241321903,0.9,1.03829141327867,1.26722042081604
16,153,1.6e+08,160000153,FALSE,FALSE,FALSE,2,"X4_row",1,1.17540166199732,0.00583686474498306,0.9,1.0485743030508,1.31142048989973
16,153,1.6e+08,160000153,FALSE,TRUE,FALSE,1,"intercept",-1,-0.840150541655252,0.00679818442557331,0.9,-0.968702980952637,-0.700886682668601
16,153,1.6e+08,160000153,FALSE,TRUE,FALSE,1,"X1_groups",1,0.795027835087155,0.00262310790455334,0.9,0.710988798193702,0.884568396591582
16,153,1.6e+08,160000153,FALSE,TRUE,FALSE,1,"X2_dist",1,0.75928899099391,0.00521270876847938,0.9,0.641360423236898,0.889344425167146
16,153,1.6e+08,160000153,FALSE,TRUE,FALSE,1,"X3_norm",1,0.83091070584213,0.00272200824754685,0.9,0.742128446935555,0.913975230878426
16,153,1.6e+08,160000153,FALSE,TRUE,FALSE,1,"X4_row",1,0.785899182507996,0.00377662164800688,0.9,0.68073879824732,0.891452561752128
16,153,1.6e+08,160000153,FALSE,TRUE,FALSE,2,"intercept",-1,-1.03567734875643,0.00999302293796812,0.9,-1.19327540674865,-0.87492597589935
16,153,1.6e+08,160000153,FALSE,TRUE,FALSE,2,"X1_groups",1,0.983871876736781,0.00490430987854766,0.9,0.872959174643637,1.09531506814862
16,153,1.6e+08,160000153,FALSE,TRUE,FALSE,2,"X2_dist",1,0.941775450314126,0.00811568479395185,0.9,0.796538800790799,1.0889823273022
16,153,1.6e+08,160000153,FALSE,TRUE,FALSE,2,"X3_norm",1,1.01252676928506,0.00481920332697451,0.9,0.89674001901464,1.1231019547934
16,153,1.6e+08,160000153,FALSE,TRUE,FALSE,2,"X4_row",1,0.961616029032506,0.00555880939163329,0.9,0.847462113396205,1.09279358155235
16,154,1.6e+08,160000154,FALSE,FALSE,FALSE,0,"intercept",-1,-0.874660427591763,0.00637638671426914,0.9,-1.01536712249161,-0.750159883518372
16,154,1.6e+08,160000154,FALSE,FALSE,FALSE,0,"X1_groups",1,0.936805294378182,0.00275122776798081,0.9,0.854776899216481,1.02812491903462
16,154,1.6e+08,160000154,FALSE,FALSE,FALSE,0,"X2_dist",1,0.913216771168129,0.00466413081029902,0.9,0.8094309502243,1.02597079425832
16,154,1.6e+08,160000154,FALSE,FALSE,FALSE,0,"X3_norm",1,1.02085726198335,0.00323257979401349,0.9,0.932055131720362,1.10821136596149
16,154,1.6e+08,160000154,FALSE,FALSE,FALSE,0,"X4_row",1,1.04614058276827,0.00450496105855163,0.9,0.931228160760309,1.15909751343875
16,154,1.6e+08,160000154,FALSE,TRUE,FALSE,0,"intercept",-1,-0.656436077139662,0.0045696814046173,0.9,-0.778137219317243,-0.555396580962177
16,154,1.6e+08,160000154,FALSE,TRUE,FALSE,0,"X1_groups",1,0.567710345992866,0.00137267903056451,0.9,0.510994198308665,0.631838905396143
16,154,1.6e+08,160000154,FALSE,TRUE,FALSE,0,"X2_dist",1,0.659787737921649,0.00340617340430044,0.9,0.571749534845948,0.759390832445538
16,154,1.6e+08,160000154,FALSE,TRUE,FALSE,0,"X3_norm",1,0.542500586045556,0.00150669718240753,0.9,0.486773979766667,0.607258352242024
16,154,1.6e+08,160000154,FALSE,TRUE,FALSE,0,"X4_row",1,0.583223790084819,0.00235767716010184,0.9,0.505732262305511,0.661816709517263
16,154,1.6e+08,160000154,FALSE,FALSE,FALSE,1,"intercept",-1,-0.912314899661068,0.00708630398700954,0.9,-1.05206459141888,-0.771845462934455
16,154,1.6e+08,160000154,FALSE,FALSE,FALSE,1,"X1_groups",1,0.977036596174346,0.00304768254831401,0.9,0.89528824005801,1.06709715772766
16,154,1.6e+08,160000154,FALSE,FALSE,FALSE,1,"X2_dist",1,0.94525724401295,0.00550936590200834,0.9,0.826383758611398,1.06613514658415
16,154,1.6e+08,160000154,FALSE,FALSE,FALSE,1,"X3_norm",1,1.06083985688988,0.00417573963834039,0.9,0.954626620420518,1.17027152726199
16,154,1.6e+08,160000154,FALSE,FALSE,FALSE,1,"X4_row",1,1.08575918444939,0.00496633857287549,0.9,0.961364557835398,1.20517668401549
16,154,1.6e+08,160000154,FALSE,FALSE,FALSE,2,"intercept",-1,-0.950618416909534,0.00860420822535712,0.9,-1.11635558500382,-0.806970058487069
16,154,1.6e+08,160000154,FALSE,FALSE,FALSE,2,"X1_groups",1,1.0122644279899,0.00381574578646102,0.9,0.912019658096412,1.11520925341694
16,154,1.6e+08,160000154,FALSE,FALSE,FALSE,2,"X2_dist",1,0.9831060497322,0.0070017279188247,0.9,0.852274432694014,1.12568037978146
16,154,1.6e+08,160000154,FALSE,FALSE,FALSE,2,"X3_norm",1,1.10060762101129,0.00465556708994625,0.9,0.995130372534778,1.20976867838731
16,154,1.6e+08,160000154,FALSE,FALSE,FALSE,2,"X4_row",1,1.12624934882542,0.00540633475654636,0.9,1.00425580312827,1.24897298143652
16,154,1.6e+08,160000154,FALSE,TRUE,FALSE,1,"intercept",-1,-0.894496919720666,0.00614476544128467,0.9,-1.01826730978119,-0.768884992754512
16,154,1.6e+08,160000154,FALSE,TRUE,FALSE,1,"X1_groups",1,0.779124516364316,0.00244715962875817,0.9,0.705150111659789,0.859025748382082
16,154,1.6e+08,160000154,FALSE,TRUE,FALSE,1,"X2_dist",1,0.935359319827603,0.00556788975746746,0.9,0.816063200764106,1.05708798640073
16,154,1.6e+08,160000154,FALSE,TRUE,FALSE,1,"X3_norm",1,0.749509711776735,0.00270286964335613,0.9,0.667167597827942,0.834459211288313
16,154,1.6e+08,160000154,FALSE,TRUE,FALSE,1,"X4_row",1,0.861510074949306,0.0039742455489434,0.9,0.758498858381453,0.971213386187527
16,154,1.6e+08,160000154,FALSE,TRUE,FALSE,2,"intercept",-1,-1.12415833279817,0.01137743254955,0.9,-1.3010616330908,-0.954756047062487
16,154,1.6e+08,160000154,FALSE,TRUE,FALSE,2,"X1_groups",1,1.02175989128333,0.0051811218936399,0.9,0.910416055962133,1.13958805445529
16,154,1.6e+08,160000154,FALSE,TRUE,FALSE,2,"X2_dist",1,1.19539097612828,0.0102420006851814,0.9,1.02903768693051,1.37392160131698
16,154,1.6e+08,160000154,FALSE,TRUE,FALSE,2,"X3_norm",1,0.961854226964006,0.0053086318795327,0.9,0.848291201449315,1.08039841073827
16,154,1.6e+08,160000154,FALSE,TRUE,FALSE,2,"X4_row",1,1.11146298026865,0.00637565126068515,0.9,0.989102549217894,1.24777457853479
16,155,1.6e+08,160000155,FALSE,FALSE,FALSE,0,"intercept",-1,-0.988301682348142,0.00732335241595612,0.9,-1.13057296383938,-0.852770645886372
16,155,1.6e+08,160000155,FALSE,FALSE,FALSE,0,"X1_groups",1,0.972363943870333,0.00296256600476777,0.9,0.88416380271476,1.063770244594
16,155,1.6e+08,160000155,FALSE,FALSE,FALSE,0,"X2_dist",1,0.962467898758218,0.00571320655707585,0.9,0.834139648813789,1.0904752671101
16,155,1.6e+08,160000155,FALSE,FALSE,FALSE,0,"X3_norm",1,1.00315012094434,0.00351281705852654,0.9,0.903892972562661,1.09880008032338
16,155,1.6e+08,160000155,FALSE,FALSE,FALSE,0,"X4_row",1,0.930601387501741,0.00418664446851448,0.9,0.81235551262137,1.02549607486989
16,155,1.6e+08,160000155,FALSE,TRUE,FALSE,0,"intercept",-1,-0.623262459783715,0.00451611266491174,0.9,-0.737333198526005,-0.5194143332123
16,155,1.6e+08,160000155,FALSE,TRUE,FALSE,0,"X1_groups",1,0.578563143956973,0.00139523379113905,0.9,0.517054565989999,0.639759859414078
16,155,1.6e+08,160000155,FALSE,TRUE,FALSE,0,"X2_dist",1,0.600443030068352,0.00339940885537101,0.9,0.500654887119871,0.691692438294045
16,155,1.6e+08,160000155,FALSE,TRUE,FALSE,0,"X3_norm",1,0.599911356005046,0.00173836426315751,0.9,0.531871026507328,0.666701389568808
16,155,1.6e+08,160000155,FALSE,TRUE,FALSE,0,"X4_row",1,0.559746350371908,0.00232232244732251,0.9,0.477667358084796,0.644193818117892
16,155,1.6e+08,160000155,FALSE,FALSE,FALSE,1,"intercept",-1,-1.02170412191333,0.00733673815072682,0.9,-1.15825449738729,-0.882468496203098
16,155,1.6e+08,160000155,FALSE,FALSE,FALSE,1,"X1_groups",1,1.00471392763355,0.00300941579881752,0.9,0.915628485990589,1.09433516477116
16,155,1.6e+08,160000155,FALSE,FALSE,FALSE,1,"X2_dist",1,0.989742150020902,0.00594799169007583,0.9,0.862279177476797,1.11627822217351
16,155,1.6e+08,160000155,FALSE,FALSE,FALSE,1,"X3_norm",1,1.02433215370255,0.00379176972759389,0.9,0.927784318643549,1.12445617316719
16,155,1.6e+08,160000155,FALSE,FALSE,FALSE,1,"X4_row",1,0.957155066031441,0.00390594406325037,0.9,0.850713625522894,1.05632522195107
16,155,1.6e+08,160000155,FALSE,FALSE,FALSE,2,"intercept",-1,-1.06332285181608,0.00778314887498609,0.9,-1.21691376329838,-0.926438824869007
16,155,1.6e+08,160000155,FALSE,FALSE,FALSE,2,"X1_groups",1,1.03249870861142,0.00352702212582714,0.9,0.936870447236077,1.13140937766898
16,155,1.6e+08,160000155,FALSE,FALSE,FALSE,2,"X2_dist",1,1.02616739281205,0.00651594934444212,0.9,0.894163820327665,1.16580561699579
16,155,1.6e+08,160000155,FALSE,FALSE,FALSE,2,"X3_norm",1,1.05786378091775,0.00435651594017229,0.9,0.950649393717431,1.16832973849844
16,155,1.6e+08,160000155,FALSE,FALSE,FALSE,2,"X4_row",1,0.983629882266634,0.00382474143465499,0.9,0.88327834796739,1.09864663429419
16,155,1.6e+08,160000155,FALSE,TRUE,FALSE,1,"intercept",-1,-0.751847704689562,0.00478916237586003,0.9,-0.862649088872724,-0.639229230506542
16,155,1.6e+08,160000155,FALSE,TRUE,FALSE,1,"X1_groups",1,0.736783195746904,0.00210853757149314,0.9,0.665711299441016,0.811756038117384
16,155,1.6e+08,160000155,FALSE,TRUE,FALSE,1,"X2_dist",1,0.723927801680822,0.00363399929492707,0.9,0.631842744667876,0.825012988972725
16,155,1.6e+08,160000155,FALSE,TRUE,FALSE,1,"X3_norm",1,0.737880759823309,0.00227322641090337,0.9,0.665417122175975,0.814763204413558
16,155,1.6e+08,160000155,FALSE,TRUE,FALSE,1,"X4_row",1,0.706334092432304,0.00307081851324733,0.9,0.617732246283281,0.797152448808977
16,155,1.6e+08,160000155,FALSE,TRUE,FALSE,2,"intercept",-1,-0.926423018899805,0.00805212868644333,0.9,-1.0751518106382,-0.777226290191984
16,155,1.6e+08,160000155,FALSE,TRUE,FALSE,2,"X1_groups",1,0.947145313572086,0.00411662955370833,0.9,0.837164000529441,1.05665918335533
16,155,1.6e+08,160000155,FALSE,TRUE,FALSE,2,"X2_dist",1,0.897065257499398,0.00639164094354899,0.9,0.760570320512315,1.0261886706983
16,155,1.6e+08,160000155,FALSE,TRUE,FALSE,2,"X3_norm",1,0.949460440705502,0.00385379421692536,0.9,0.849418213618743,1.04672966874783
16,155,1.6e+08,160000155,FALSE,TRUE,FALSE,2,"X4_row",1,0.894090163446764,0.00471060738429255,0.9,0.790167835179535,1.00688928099606
16,156,1.6e+08,160000156,FALSE,FALSE,FALSE,0,"intercept",-1,-1.02676253261009,0.00756600526128731,0.9,-1.17393803944591,-0.887455735085582
16,156,1.6e+08,160000156,FALSE,FALSE,FALSE,0,"X1_groups",1,1.01562661641783,0.00295056935884252,0.9,0.92407036452841,1.10675740295368
16,156,1.6e+08,160000156,FALSE,FALSE,FALSE,0,"X2_dist",1,0.969085292509034,0.00567431877826366,0.9,0.844194050216079,1.09666597069217
16,156,1.6e+08,160000156,FALSE,FALSE,FALSE,0,"X3_norm",1,1.01153399047958,0.00360532219869881,0.9,0.921081993772111,1.11448949657192
16,156,1.6e+08,160000156,FALSE,FALSE,FALSE,0,"X4_row",1,1.06570343183091,0.00464040018442163,0.9,0.953940397754217,1.17692123356825
16,156,1.6e+08,160000156,FALSE,TRUE,FALSE,0,"intercept",-1,-0.60337411062521,0.00462555419684281,0.9,-0.711682902578451,-0.498778789256471
16,156,1.6e+08,160000156,FALSE,TRUE,FALSE,0,"X1_groups",1,0.584447856309209,0.00139750331493791,0.9,0.521252887556572,0.650581994823638
16,156,1.6e+08,160000156,FALSE,TRUE,FALSE,0,"X2_dist",1,0.514755039937321,0.00321476093890344,0.9,0.426806078274303,0.605340249342559
16,156,1.6e+08,160000156,FALSE,TRUE,FALSE,0,"X3_norm",1,0.554908550668822,0.0014904658822838,0.9,0.496222165329985,0.622576807720672
16,156,1.6e+08,160000156,FALSE,TRUE,FALSE,0,"X4_row",1,0.548134490004658,0.0021161183179565,0.9,0.46900055757698,0.61873084590763
16,156,1.6e+08,160000156,FALSE,FALSE,FALSE,1,"intercept",-1,-1.06085722556267,0.00780532696308594,0.9,-1.21050019086461,-0.916580795297728
16,156,1.6e+08,160000156,FALSE,FALSE,FALSE,1,"X1_groups",1,1.05409079928082,0.00353288629903798,0.9,0.960466279492772,1.15393457735499
16,156,1.6e+08,160000156,FALSE,FALSE,FALSE,1,"X2_dist",1,0.996496179954502,0.00618585216704314,0.9,0.865245369390705,1.12487988514219
16,156,1.6e+08,160000156,FALSE,FALSE,FALSE,1,"X3_norm",1,1.0411723531237,0.00356113928489742,0.9,0.940930309735501,1.14058743934452
16,156,1.6e+08,160000156,FALSE,FALSE,FALSE,1,"X4_row",1,1.10058183744309,0.00466600753950195,0.9,0.985670453113736,1.20681901068278
16,156,1.6e+08,160000156,FALSE,FALSE,FALSE,2,"intercept",-1,-1.09612300790226,0.00807377557614121,0.9,-1.25006278543934,-0.944876825034325
16,156,1.6e+08,160000156,FALSE,FALSE,FALSE,2,"X1_groups",1,1.08473789291746,0.00423388974097179,0.9,0.984650100234198,1.19410253087988
16,156,1.6e+08,160000156,FALSE,FALSE,FALSE,2,"X2_dist",1,1.02518861966782,0.00651395144420717,0.9,0.904566110766912,1.16229023387132
16,156,1.6e+08,160000156,FALSE,FALSE,FALSE,2,"X3_norm",1,1.06619923124,0.00435855872152767,0.9,0.962357442412657,1.16917246113534
16,156,1.6e+08,160000156,FALSE,FALSE,FALSE,2,"X4_row",1,1.12592787317841,0.00491455702613635,0.9,1.01986642535807,1.25118185157203
16,156,1.6e+08,160000156,FALSE,TRUE,FALSE,1,"intercept",-1,-0.751233455868447,0.00550076277961685,0.9,-0.860866125136864,-0.633645870659884
16,156,1.6e+08,160000156,FALSE,TRUE,FALSE,1,"X1_groups",1,0.7248634636488,0.00201052390408452,0.9,0.649017430608344,0.797406877323793
16,156,1.6e+08,160000156,FALSE,TRUE,FALSE,1,"X2_dist",1,0.653781554541182,0.0041147784850043,0.9,0.546551857206483,0.761882441640694
16,156,1.6e+08,160000156,FALSE,TRUE,FALSE,1,"X3_norm",1,0.712802578609355,0.00207447415749545,0.9,0.638465776956655,0.783409925036248
16,156,1.6e+08,160000156,FALSE,TRUE,FALSE,1,"X4_row",1,0.698275631301933,0.0031681093280232,0.9,0.606966444649386,0.786911275715625
16,156,1.6e+08,160000156,FALSE,TRUE,FALSE,2,"intercept",-1,-0.988469378071966,0.00936182389442057,0.9,-1.15595724582086,-0.83129279255271
16,156,1.6e+08,160000156,FALSE,TRUE,FALSE,2,"X1_groups",1,0.930731892263867,0.0042714751261744,0.9,0.824493989069708,1.03764289511594
16,156,1.6e+08,160000156,FALSE,TRUE,FALSE,2,"X2_dist",1,0.847690255147299,0.00760189503153584,0.9,0.709703841133576,1.00045381411014
16,156,1.6e+08,160000156,FALSE,TRUE,FALSE,2,"X3_norm",1,0.913121036466642,0.00426849086742276,0.9,0.812400026208173,1.02231062851802
16,156,1.6e+08,160000156,FALSE,TRUE,FALSE,2,"X4_row",1,0.89396309713669,0.00455555193860823,0.9,0.785906816702918,1.01063981245662
16,157,1.6e+08,160000157,FALSE,FALSE,FALSE,0,"intercept",-1,-0.929949616982304,0.00755981764132142,0.9,-1.07492631782176,-0.786739077984795
16,157,1.6e+08,160000157,FALSE,FALSE,FALSE,0,"X1_groups",1,1.06142990819345,0.00288255225220037,0.9,0.971632803486587,1.14842824373675
16,157,1.6e+08,160000157,FALSE,FALSE,FALSE,0,"X2_dist",1,0.930825005410216,0.00555193661187959,0.9,0.804481883954333,1.04773960106597
16,157,1.6e+08,160000157,FALSE,FALSE,FALSE,0,"X3_norm",1,0.975136051267315,0.00322329962991235,0.9,0.883474296302368,1.0668287432498
16,157,1.6e+08,160000157,FALSE,FALSE,FALSE,0,"X4_row",1,0.975261556573746,0.00452915074495782,0.9,0.864780500534792,1.10011247952512
16,157,1.6e+08,160000157,FALSE,TRUE,FALSE,0,"intercept",-1,-0.630966638432141,0.004559108816727,0.9,-0.739898944189692,-0.530967593087695
16,157,1.6e+08,160000157,FALSE,TRUE,FALSE,0,"X1_groups",1,0.637122910722928,0.00160205805383949,0.9,0.572653428388331,0.704366518374138
16,157,1.6e+08,160000157,FALSE,TRUE,FALSE,0,"X2_dist",1,0.615707863182901,0.00355258714874958,0.9,0.516247942379067,0.710765193759855
16,157,1.6e+08,160000157,FALSE,TRUE,FALSE,0,"X3_norm",1,0.573961105979177,0.00144744694823912,0.9,0.514456567211707,0.636701727544982
16,157,1.6e+08,160000157,FALSE,TRUE,FALSE,0,"X4_row",1,0.578582605440615,0.00228529420858172,0.9,0.502113296613583,0.658236899091765
16,157,1.6e+08,160000157,FALSE,FALSE,FALSE,1,"intercept",-1,-0.971868634824388,0.00707809733120908,0.9,-1.10805155535576,-0.8416469171534
16,157,1.6e+08,160000157,FALSE,FALSE,FALSE,1,"X1_groups",1,1.10970225368086,0.00374318825932496,0.9,1.01378073221722,1.2073937325222
16,157,1.6e+08,160000157,FALSE,FALSE,FALSE,1,"X2_dist",1,0.966517025585816,0.00578283478788949,0.9,0.84693745940018,1.10329677659707
16,157,1.6e+08,160000157,FALSE,FALSE,FALSE,1,"X3_norm",1,1.01037922863218,0.00376694139635545,0.9,0.915176446785201,1.11165857075642
16,157,1.6e+08,160000157,FALSE,FALSE,FALSE,1,"X4_row",1,1.01543359626557,0.00456647732267099,0.9,0.899550904288309,1.12867180789863
16,157,1.6e+08,160000157,FALSE,FALSE,FALSE,2,"intercept",-1,-1.0282320843504,0.00896259526474776,0.9,-1.19103581313261,-0.870185306831201
16,157,1.6e+08,160000157,FALSE,FALSE,FALSE,2,"X1_groups",1,1.16311836490653,0.00516283393079305,0.9,1.05508394124963,1.28008252894326
16,157,1.6e+08,160000157,FALSE,FALSE,FALSE,2,"X2_dist",1,1.01923434411134,0.00747276600401885,0.9,0.877395139322426,1.15956914504534
16,157,1.6e+08,160000157,FALSE,FALSE,FALSE,2,"X3_norm",1,1.06332220042744,0.00509355584804259,0.9,0.948084859243257,1.17696935488962
16,157,1.6e+08,160000157,FALSE,FALSE,FALSE,2,"X4_row",1,1.06462776491056,0.00573223343459318,0.9,0.940387087485717,1.19131627161345
16,157,1.6e+08,160000157,FALSE,TRUE,FALSE,1,"intercept",-1,-0.814188514414826,0.00596808592139334,0.9,-0.940617095031456,-0.693102455275878
16,157,1.6e+08,160000157,FALSE,TRUE,FALSE,1,"X1_groups",1,0.847001086156639,0.00258113266839247,0.9,0.765660414976552,0.930187277967262
16,157,1.6e+08,160000157,FALSE,TRUE,FALSE,1,"X2_dist",1,0.793676030531383,0.00496304959202287,0.9,0.682834482708626,0.914735377564475
16,157,1.6e+08,160000157,FALSE,TRUE,FALSE,1,"X3_norm",1,0.74266879945715,0.00259589035217456,0.9,0.654026673279944,0.822738931360005
16,157,1.6e+08,160000157,FALSE,TRUE,FALSE,1,"X4_row",1,0.757010532352217,0.0034756795798887,0.9,0.659939476812154,0.859067003655653
16,157,1.6e+08,160000157,FALSE,TRUE,FALSE,2,"intercept",-1,-0.995172534093095,0.0103759773093793,0.9,-1.16637712911641,-0.825180032342412
16,157,1.6e+08,160000157,FALSE,TRUE,FALSE,2,"X1_groups",1,1.06264702614819,0.00520272283194396,0.9,0.945363591289935,1.18341945463191
16,157,1.6e+08,160000157,FALSE,TRUE,FALSE,2,"X2_dist",1,0.97044680178704,0.00794740215814087,0.9,0.8309987681376,1.11631937651392
16,157,1.6e+08,160000157,FALSE,TRUE,FALSE,2,"X3_norm",1,0.934535818605371,0.00476869640216329,0.9,0.828184132295003,1.04358697817518
16,157,1.6e+08,160000157,FALSE,TRUE,FALSE,2,"X4_row",1,0.932662894020582,0.00484813966070475,0.9,0.822000493381409,1.05394687482716
16,158,1.6e+08,160000158,FALSE,FALSE,FALSE,0,"intercept",-1,-1.00785109847389,0.00655484927013933,0.9,-1.14491934086128,-0.886898627754689
16,158,1.6e+08,160000158,FALSE,FALSE,FALSE,0,"X1_groups",1,0.947841535014871,0.00274345694343549,0.9,0.857339998437802,1.0358084495033
16,158,1.6e+08,160000158,FALSE,FALSE,FALSE,0,"X2_dist",1,0.962665506294803,0.00502595536153277,0.9,0.843524390074509,1.07779903722614
16,158,1.6e+08,160000158,FALSE,FALSE,FALSE,0,"X3_norm",1,1.01758356656238,0.00325505176429366,0.9,0.923109775708663,1.10675302883883
16,158,1.6e+08,160000158,FALSE,FALSE,FALSE,0,"X4_row",1,0.909366248901634,0.00405345117044389,0.9,0.797447898185776,1.007659559403
16,158,1.6e+08,160000158,FALSE,TRUE,FALSE,0,"intercept",-1,-0.627401180333707,0.00474943327941193,0.9,-0.743643895666127,-0.518150978847973
16,158,1.6e+08,160000158,FALSE,TRUE,FALSE,0,"X1_groups",1,0.6248704675606,0.00149310433829321,0.9,0.565043549627117,0.686110813260842
16,158,1.6e+08,160000158,FALSE,TRUE,FALSE,0,"X2_dist",1,0.611674867106322,0.00360363020265128,0.9,0.516287074583759,0.706131930479378
16,158,1.6e+08,160000158,FALSE,TRUE,FALSE,0,"X3_norm",1,0.686021963849838,0.00176126093987982,0.9,0.616285839679545,0.75588968692749
16,158,1.6e+08,160000158,FALSE,TRUE,FALSE,0,"X4_row",1,0.594770748544263,0.00222873837348531,0.9,0.515484284905017,0.673072142225689
16,158,1.6e+08,160000158,FALSE,FALSE,FALSE,1,"intercept",-1,-1.04535430913782,0.0070967131845776,0.9,-1.17801585707174,-0.90523940828873
16,158,1.6e+08,160000158,FALSE,FALSE,FALSE,1,"X1_groups",1,0.980192207979352,0.00314262938973644,0.9,0.888200179115022,1.07121070737087
16,158,1.6e+08,160000158,FALSE,FALSE,FALSE,1,"X2_dist",1,0.992721504961847,0.00566494185511509,0.9,0.880602953735631,1.12772991782769
16,158,1.6e+08,160000158,FALSE,FALSE,FALSE,1,"X3_norm",1,1.04629626831629,0.00374443622067846,0.9,0.950041570761937,1.14211146879683
16,158,1.6e+08,160000158,FALSE,FALSE,FALSE,1,"X4_row",1,0.93352557937977,0.00422794356394409,0.9,0.827394276616098,1.03932278259932
16,158,1.6e+08,160000158,FALSE,FALSE,FALSE,2,"intercept",-1,-1.08791399935244,0.00841684841649975,0.9,-1.23864263045674,-0.940127617755369
16,158,1.6e+08,160000158,FALSE,FALSE,FALSE,2,"X1_groups",1,1.00773022023295,0.00378077168148856,0.9,0.903698154274417,1.10831968352568
16,158,1.6e+08,160000158,FALSE,FALSE,FALSE,2,"X2_dist",1,1.03123145915202,0.00703815375191503,0.9,0.883796529339959,1.17918748568568
16,158,1.6e+08,160000158,FALSE,FALSE,FALSE,2,"X3_norm",1,1.07733818851743,0.00394640927315135,0.9,0.980597799638906,1.18611482322632
16,158,1.6e+08,160000158,FALSE,FALSE,FALSE,2,"X4_row",1,0.957925569546601,0.0039384478088951,0.9,0.858379487499208,1.05535238486459
16,158,1.6e+08,160000158,FALSE,TRUE,FALSE,1,"intercept",-1,-0.799869207606529,0.00547294201960659,0.9,-0.926468645420813,-0.682356801846852
16,158,1.6e+08,160000158,FALSE,TRUE,FALSE,1,"X1_groups",1,0.789664483814566,0.00217251806598936,0.9,0.714102917125495,0.869007622855476
16,158,1.6e+08,160000158,FALSE,TRUE,FALSE,1,"X2_dist",1,0.780307578204503,0.00450660158568913,0.9,0.6743335260085,0.893793931594056
16,158,1.6e+08,160000158,FALSE,TRUE,FALSE,1,"X3_norm",1,0.857444691727923,0.00292932866767991,0.9,0.771587459359963,0.943135986804261
16,158,1.6e+08,160000158,FALSE,TRUE,FALSE,1,"X4_row",1,0.748594801928686,0.00352172581093822,0.9,0.64780557677211,0.838291985561674
16,158,1.6e+08,160000158,FALSE,TRUE,FALSE,2,"intercept",-1,-0.951826501726184,0.0085810185653972,0.9,-1.11163901330282,-0.799486289858128
16,158,1.6e+08,160000158,FALSE,TRUE,FALSE,2,"X1_groups",1,0.940189688329349,0.00405015415056067,0.9,0.836594563706938,1.04032006027844
16,158,1.6e+08,160000158,FALSE,TRUE,FALSE,2,"X2_dist",1,0.947107028805589,0.00789282462539105,0.9,0.809609511493327,1.09786125792884
16,158,1.6e+08,160000158,FALSE,TRUE,FALSE,2,"X3_norm",1,1.03543162183655,0.00462401905261192,0.9,0.923891223766326,1.141608018376
16,158,1.6e+08,160000158,FALSE,TRUE,FALSE,2,"X4_row",1,0.912115343775718,0.00507032801881072,0.9,0.795126365795739,1.035209620593
16,159,1.6e+08,160000159,FALSE,FALSE,FALSE,0,"intercept",-1,-0.99066882232209,0.00767045949389941,0.9,-1.13490773735046,-0.854485475690208
16,159,1.6e+08,160000159,FALSE,FALSE,FALSE,0,"X1_groups",1,1.07973762867843,0.00312722500698215,0.9,0.990463192538535,1.17296023826092
16,159,1.6e+08,160000159,FALSE,FALSE,FALSE,0,"X2_dist",1,0.950197376812364,0.00568146202049887,0.9,0.821417562665936,1.07277946462971
16,159,1.6e+08,160000159,FALSE,FALSE,FALSE,0,"X3_norm",1,1.01712903754833,0.00333209536536519,0.9,0.928818704008172,1.1137917783793
16,159,1.6e+08,160000159,FALSE,FALSE,FALSE,0,"X4_row",1,0.951927912089569,0.0041989682473468,0.9,0.843157965040843,1.060656679026
16,159,1.6e+08,160000159,FALSE,TRUE,FALSE,0,"intercept",-1,-0.673912590346219,0.00472598446566565,0.9,-0.793027220992518,-0.566374069570767
16,159,1.6e+08,160000159,FALSE,TRUE,FALSE,0,"X1_groups",1,0.638804972673755,0.00141700215628107,0.9,0.57809806985762,0.704390568947628
16,159,1.6e+08,160000159,FALSE,TRUE,FALSE,0,"X2_dist",1,0.599016994015872,0.00340737615340421,0.9,0.502202111606543,0.694807812714083
16,159,1.6e+08,160000159,FALSE,TRUE,FALSE,0,"X3_norm",1,0.610414230435915,0.00164637582872205,0.9,0.542918356329874,0.677319965090399
16,159,1.6e+08,160000159,FALSE,TRUE,FALSE,0,"X4_row",1,0.538285092290238,0.00217205878734927,0.9,0.451787726182661,0.609028434216317
16,159,1.6e+08,160000159,FALSE,FALSE,FALSE,1,"intercept",-1,-1.02703379656349,0.00736143495620064,0.9,-1.15961963236306,-0.880934641119616
16,159,1.6e+08,160000159,FALSE,FALSE,FALSE,1,"X1_groups",1,1.11867687692985,0.00361081661888855,0.9,1.02354594852481,1.2224298274553
16,159,1.6e+08,160000159,FALSE,FALSE,FALSE,1,"X2_dist",1,0.981906430948091,0.00574860010019339,0.9,0.854931034839045,1.11489180456055
16,159,1.6e+08,160000159,FALSE,FALSE,FALSE,1,"X3_norm",1,1.04975066412241,0.00373939685653772,0.9,0.945037954781692,1.14982969029298
16,159,1.6e+08,160000159,FALSE,FALSE,FALSE,1,"X4_row",1,0.987773958508565,0.00453465880627589,0.9,0.878562099938825,1.09888980508933
16,159,1.6e+08,160000159,FALSE,FALSE,FALSE,2,"intercept",-1,-1.06036298494975,0.00808402888042443,0.9,-1.21804264999772,-0.912976527243733
16,159,1.6e+08,160000159,FALSE,FALSE,FALSE,2,"X1_groups",1,1.14767401646657,0.00410522582990211,0.9,1.05444043097353,1.25609590617367
16,159,1.6e+08,160000159,FALSE,FALSE,FALSE,2,"X2_dist",1,1.0108595984083,0.00685753181733837,0.9,0.885866814187513,1.14499931827184
16,159,1.6e+08,160000159,FALSE,FALSE,FALSE,2,"X3_norm",1,1.08072218233048,0.00451266918555391,0.9,0.967380230750897,1.19528791398559
16,159,1.6e+08,160000159,FALSE,FALSE,FALSE,2,"X4_row",1,1.01768039709169,0.00491719239992758,0.9,0.910254023244348,1.13506119060694
16,159,1.6e+08,160000159,FALSE,TRUE,FALSE,1,"intercept",-1,-0.810347943863111,0.0061655743220876,0.9,-0.935834171594906,-0.686940095688394
16,159,1.6e+08,160000159,FALSE,TRUE,FALSE,1,"X1_groups",1,0.794405303193962,0.0022210397016785,0.9,0.726736590448102,0.870603062937734
16,159,1.6e+08,160000159,FALSE,TRUE,FALSE,1,"X2_dist",1,0.70992163436441,0.00478203988950015,0.9,0.600420626377801,0.819858359164566
16,159,1.6e+08,160000159,FALSE,TRUE,FALSE,1,"X3_norm",1,0.730244140732879,0.00232975904304069,0.9,0.65442826278643,0.813827188103775
16,159,1.6e+08,160000159,FALSE,TRUE,FALSE,1,"X4_row",1,0.6649042102153,0.00306186857434196,0.9,0.572137916201395,0.753775161755664
16,159,1.6e+08,160000159,FALSE,TRUE,FALSE,2,"intercept",-1,-1.02345459022208,0.0093374832946592,0.9,-1.19872453177122,-0.866589344699105
16,159,1.6e+08,160000159,FALSE,TRUE,FALSE,2,"X1_groups",1,0.979806147032409,0.00405606952173915,0.9,0.879038093514995,1.09617410913269
16,159,1.6e+08,160000159,FALSE,TRUE,FALSE,2,"X2_dist",1,0.915535869245513,0.00753190590616235,0.9,0.781687887717152,1.05688480633568
16,159,1.6e+08,160000159,FALSE,TRUE,FALSE,2,"X3_norm",1,0.930281407937807,0.00420175474195517,0.9,0.825317459219408,1.03648299084263
16,159,1.6e+08,160000159,FALSE,TRUE,FALSE,2,"X4_row",1,0.867346600924563,0.00486423758983394,0.9,0.757564260018605,0.991262725967391
16,160,1.6e+08,160000160,FALSE,FALSE,FALSE,0,"intercept",-1,-0.935493358918463,0.00641121366599405,0.9,-1.0665063065753,-0.813597602289328
16,160,1.6e+08,160000160,FALSE,FALSE,FALSE,0,"X1_groups",1,1.02855756986405,0.003276605724592,0.9,0.938300218434681,1.11732068566749
16,160,1.6e+08,160000160,FALSE,FALSE,FALSE,0,"X2_dist",1,0.958167665478688,0.00500765950265978,0.9,0.85313264355222,1.06956441331625
16,160,1.6e+08,160000160,FALSE,FALSE,FALSE,0,"X3_norm",1,1.01790278470835,0.00343171292387483,0.9,0.922731742501074,1.11598617317187
16,160,1.6e+08,160000160,FALSE,FALSE,FALSE,0,"X4_row",1,0.977329039389799,0.00439424798691228,0.9,0.86811701717492,1.09183953405191
16,160,1.6e+08,160000160,FALSE,TRUE,FALSE,0,"intercept",-1,-0.625859596101572,0.00440303822172093,0.9,-0.735335309758026,-0.524490356467844
16,160,1.6e+08,160000160,FALSE,TRUE,FALSE,0,"X1_groups",1,0.647833897135053,0.00129454883764817,0.9,0.588355604381968,0.708425094736779
16,160,1.6e+08,160000160,FALSE,TRUE,FALSE,0,"X2_dist",1,0.602286907423978,0.00328347298816102,0.9,0.513213189242166,0.697393745732268
16,160,1.6e+08,160000160,FALSE,TRUE,FALSE,0,"X3_norm",1,0.636902835808262,0.00162880055758605,0.9,0.574314709581304,0.707608082886946
16,160,1.6e+08,160000160,FALSE,TRUE,FALSE,0,"X4_row",1,0.532105545856224,0.00216374658860816,0.9,0.454196046180533,0.606653091245285
16,160,1.6e+08,160000160,FALSE,FALSE,FALSE,1,"intercept",-1,-0.968349615293177,0.00697365777808564,0.9,-1.10188125306433,-0.827224906559955
16,160,1.6e+08,160000160,FALSE,FALSE,FALSE,1,"X1_groups",1,1.06051499615862,0.00330674077644353,0.9,0.971871937010616,1.15138476239068
16,160,1.6e+08,160000160,FALSE,FALSE,FALSE,1,"X2_dist",1,0.987090856372514,0.00588701510269456,0.9,0.86419210213035,1.11438241234993
16,160,1.6e+08,160000160,FALSE,FALSE,FALSE,1,"X3_norm",1,1.04557480493472,0.00397497225015631,0.9,0.931542549750583,1.1474680739855
16,160,1.6e+08,160000160,FALSE,FALSE,FALSE,1,"X4_row",1,1.0091458717354,0.0041476439941778,0.9,0.892219622525977,1.11557732236676
16,160,1.6e+08,160000160,FALSE,FALSE,FALSE,2,"intercept",-1,-0.997612845911299,0.00776876501730586,0.9,-1.14630337600343,-0.861714264082609
16,160,1.6e+08,160000160,FALSE,FALSE,FALSE,2,"X1_groups",1,1.09008244448754,0.00379240680333672,0.9,0.988683465326231,1.19123739646491
16,160,1.6e+08,160000160,FALSE,FALSE,FALSE,2,"X2_dist",1,1.0144841497849,0.00641157283020273,0.9,0.88770308311349,1.14949510441161
16,160,1.6e+08,160000160,FALSE,FALSE,FALSE,2,"X3_norm",1,1.07699734814821,0.00419540937329208,0.9,0.969971965442111,1.18225990675632
16,160,1.6e+08,160000160,FALSE,FALSE,FALSE,2,"X4_row",1,1.03611517328511,0.00468146925928075,0.9,0.930425997916436,1.14944744138328
16,160,1.6e+08,160000160,FALSE,TRUE,FALSE,1,"intercept",-1,-0.769325163465952,0.00550369099060356,0.9,-0.884661403469311,-0.643539209490066
16,160,1.6e+08,160000160,FALSE,TRUE,FALSE,1,"X1_groups",1,0.795770379660049,0.00245530179382423,0.9,0.713941209255741,0.874303768167626
16,160,1.6e+08,160000160,FALSE,TRUE,FALSE,1,"X2_dist",1,0.740950229100185,0.00458128404907424,0.9,0.629132265368134,0.84628910529026
16,160,1.6e+08,160000160,FALSE,TRUE,FALSE,1,"X3_norm",1,0.801134723183106,0.00275902766256934,0.9,0.716670618291414,0.888209290729793
16,160,1.6e+08,160000160,FALSE,TRUE,FALSE,1,"X4_row",1,0.67258419151525,0.0032452775288433,0.9,0.581850374823176,0.766396091319885
16,160,1.6e+08,160000160,FALSE,TRUE,FALSE,2,"intercept",-1,-0.932570226658449,0.00883418212058405,0.9,-1.08815353992096,-0.780079980664163
16,160,1.6e+08,160000160,FALSE,TRUE,FALSE,2,"X1_groups",1,0.989422973218961,0.00426434111439219,0.9,0.881795196783404,1.0950762968827
16,160,1.6e+08,160000160,FALSE,TRUE,FALSE,2,"X2_dist",1,0.895575727984712,0.0075856432467869,0.9,0.761261852458059,1.0456307504051
16,160,1.6e+08,160000160,FALSE,TRUE,FALSE,2,"X3_norm",1,0.959706807550283,0.00435036463010954,0.9,0.853802365288957,1.07005665925535
16,160,1.6e+08,160000160,FALSE,TRUE,FALSE,2,"X4_row",1,0.825182365248072,0.00494218290119175,0.9,0.713164124153067,0.943707785832234
16,161,1.6e+08,160000161,FALSE,FALSE,FALSE,0,"intercept",-1,-0.901066548370765,0.00629371472000425,0.9,-1.03298790787651,-0.780027482649584
16,161,1.6e+08,160000161,FALSE,FALSE,FALSE,0,"X1_groups",1,0.886483638299635,0.00265449915162091,0.9,0.803047725489112,0.972769869295439
16,161,1.6e+08,160000161,FALSE,FALSE,FALSE,0,"X2_dist",1,0.893010566568171,0.00463263759832124,0.9,0.783844890077948,0.998970457395407
16,161,1.6e+08,160000161,FALSE,FALSE,FALSE,0,"X3_norm",1,0.988441141792202,0.00307615323029895,0.9,0.897666189583526,1.07234737493702
16,161,1.6e+08,160000161,FALSE,FALSE,FALSE,0,"X4_row",1,0.922705397747568,0.00393762245801686,0.9,0.817660696872079,1.02271488644015
16,161,1.6e+08,160000161,FALSE,TRUE,FALSE,0,"intercept",-1,-0.619512739804486,0.00420951622022094,0.9,-0.731661775858514,-0.51671687129131
16,161,1.6e+08,160000161,FALSE,TRUE,FALSE,0,"X1_groups",1,0.558088513807727,0.00147579608399625,0.9,0.493421698285155,0.620759509365292
16,161,1.6e+08,160000161,FALSE,TRUE,FALSE,0,"X2_dist",1,0.576481152226704,0.00313030310148234,0.9,0.48595825359775,0.672807666936376
16,161,1.6e+08,160000161,FALSE,TRUE,FALSE,0,"X3_norm",1,0.57959009630012,0.00155648858782805,0.9,0.519951041543401,0.644378529503519
16,161,1.6e+08,160000161,FALSE,TRUE,FALSE,0,"X4_row",1,0.515032262058567,0.00195345217431353,0.9,0.437677641410915,0.583707577591141
16,161,1.6e+08,160000161,FALSE,FALSE,FALSE,1,"intercept",-1,-0.936327266394156,0.00712492022142053,0.9,-1.06829464564758,-0.798809045573807
16,161,1.6e+08,160000161,FALSE,FALSE,FALSE,1,"X1_groups",1,0.92545605387202,0.00291146253229123,0.9,0.836063244330016,1.01183282633335
16,161,1.6e+08,160000161,FALSE,FALSE,FALSE,1,"X2_dist",1,0.923070499115102,0.00584958673659111,0.9,0.805192064713893,1.05063447280833
16,161,1.6e+08,160000161,FALSE,FALSE,FALSE,1,"X3_norm",1,1.02444870503753,0.00386196871120459,0.9,0.933468902916114,1.14401955362305
16,161,1.6e+08,160000161,FALSE,FALSE,FALSE,1,"X4_row",1,0.968498665524103,0.0044400511997093,0.9,0.864167082473452,1.07562420675116
16,161,1.6e+08,160000161,FALSE,FALSE,FALSE,2,"intercept",-1,-0.972432552998838,0.00725524693590728,0.9,-1.12308993699018,-0.831473268652663
16,161,1.6e+08,160000161,FALSE,FALSE,FALSE,2,"X1_groups",1,0.956042681346756,0.0035333390185938,0.9,0.860388451568791,1.04975011328947
16,161,1.6e+08,160000161,FALSE,FALSE,FALSE,2,"X2_dist",1,0.958087627037267,0.00610302231663644,0.9,0.831352671894361,1.08523655397418
16,161,1.6e+08,160000161,FALSE,FALSE,FALSE,2,"X3_norm",1,1.06242032596851,0.0045240306460172,0.9,0.956053809965249,1.17711129615958
16,161,1.6e+08,160000161,FALSE,FALSE,FALSE,2,"X4_row",1,1.00839343525824,0.00491242740472802,0.9,0.897033227767208,1.12102709273492
16,161,1.6e+08,160000161,FALSE,TRUE,FALSE,1,"intercept",-1,-0.756841985123703,0.00561406945500906,0.9,-0.884743744178806,-0.643628936063739
16,161,1.6e+08,160000161,FALSE,TRUE,FALSE,1,"X1_groups",1,0.714678869313713,0.00237821571116404,0.9,0.640636342778935,0.79156657427948
16,161,1.6e+08,160000161,FALSE,TRUE,FALSE,1,"X2_dist",1,0.704655222959851,0.00430557399246689,0.9,0.594099011476244,0.81333812844243
16,161,1.6e+08,160000161,FALSE,TRUE,FALSE,1,"X3_norm",1,0.730286501161598,0.00222786622201545,0.9,0.650647994092889,0.808794983971742
16,161,1.6e+08,160000161,FALSE,TRUE,FALSE,1,"X4_row",1,0.645536345291129,0.00302288975546202,0.9,0.555634676523283,0.734020874313054
16,161,1.6e+08,160000161,FALSE,TRUE,FALSE,2,"intercept",-1,-1.00437552520739,0.00944742926352999,0.9,-1.16626817135163,-0.849239016730224
16,161,1.6e+08,160000161,FALSE,TRUE,FALSE,2,"X1_groups",1,0.956634355833726,0.00471127326986744,0.9,0.848083801858354,1.06760283397756
16,161,1.6e+08,160000161,FALSE,TRUE,FALSE,2,"X2_dist",1,0.95377523395916,0.00731108834602725,0.9,0.809672410272542,1.0924525523264
16,161,1.6e+08,160000161,FALSE,TRUE,FALSE,2,"X3_norm",1,0.978657630873724,0.00457020386980737,0.9,0.871696703747592,1.08987895604772
16,161,1.6e+08,160000161,FALSE,TRUE,FALSE,2,"X4_row",1,0.892058171145004,0.00547562144767376,0.9,0.774081859452741,1.01208405354946
16,162,1.6e+08,160000162,FALSE,FALSE,FALSE,0,"intercept",-1,-1.14034423111027,0.00825260260058693,0.9,-1.28929132059242,-0.98717635324631
16,162,1.6e+08,160000162,FALSE,FALSE,FALSE,0,"X1_groups",1,1.07571721265328,0.0033794810471333,0.9,0.977628499560132,1.16581838491418
16,162,1.6e+08,160000162,FALSE,FALSE,FALSE,0,"X2_dist",1,1.08157786668196,0.00646585292688128,0.9,0.940788946877056,1.21123131872342
16,162,1.6e+08,160000162,FALSE,FALSE,FALSE,0,"X3_norm",1,1.0387541356611,0.00380955871541477,0.9,0.941716054997827,1.13916102869638
16,162,1.6e+08,160000162,FALSE,FALSE,FALSE,0,"X4_row",1,1.04651410002757,0.00509612287099186,0.9,0.925449546110461,1.15701636396582
16,162,1.6e+08,160000162,FALSE,TRUE,FALSE,0,"intercept",-1,-0.757923635636907,0.00513950019394075,0.9,-0.881646815936081,-0.641157613598493
16,162,1.6e+08,160000162,FALSE,TRUE,FALSE,0,"X1_groups",1,0.658421299922059,0.00165469792430255,0.9,0.597444623050579,0.725964356855496
16,162,1.6e+08,160000162,FALSE,TRUE,FALSE,0,"X2_dist",1,0.662097033219198,0.00363559455033006,0.9,0.562583171976278,0.754895963537069
16,162,1.6e+08,160000162,FALSE,TRUE,FALSE,0,"X3_norm",1,0.622537698162468,0.00161739800528443,0.9,0.554131660021852,0.688460156283495
16,162,1.6e+08,160000162,FALSE,TRUE,FALSE,0,"X4_row",1,0.566743860595945,0.00232659353392474,0.9,0.478574576377919,0.642602529376948
16,162,1.6e+08,160000162,FALSE,FALSE,FALSE,1,"intercept",-1,-1.20215638014226,0.00881588990796926,0.9,-1.35485983777986,-1.04823345626639
16,162,1.6e+08,160000162,FALSE,FALSE,FALSE,1,"X1_groups",1,1.13196557594556,0.00395182987362842,0.9,1.02715109637328,1.23369621558851
16,162,1.6e+08,160000162,FALSE,FALSE,FALSE,1,"X2_dist",1,1.13366760534813,0.00700507080049498,0.9,1.00426505133871,1.27541177282674
16,162,1.6e+08,160000162,FALSE,FALSE,FALSE,1,"X3_norm",1,1.08914761563279,0.00443039573849599,0.9,0.979691549612798,1.20301444277262
16,162,1.6e+08,160000162,FALSE,FALSE,FALSE,1,"X4_row",1,1.09504332926025,0.00527903488578728,0.9,0.97640170394362,1.22185015278926
16,162,1.6e+08,160000162,FALSE,FALSE,FALSE,2,"intercept",-1,-1.26169383752597,0.0104896447417825,0.9,-1.43503797837129,-1.10620820506768
16,162,1.6e+08,160000162,FALSE,FALSE,FALSE,2,"X1_groups",1,1.17913069147913,0.00584397157038282,0.9,1.06504906878178,1.30433851240387
16,162,1.6e+08,160000162,FALSE,FALSE,FALSE,2,"X2_dist",1,1.19094338987027,0.00854617699796297,0.9,1.04069287104438,1.33612917981308
16,162,1.6e+08,160000162,FALSE,FALSE,FALSE,2,"X3_norm",1,1.13414217679994,0.00554915090570613,0.9,1.01592498450647,1.26284608282892
16,162,1.6e+08,160000162,FALSE,FALSE,FALSE,2,"X4_row",1,1.14691865642366,0.0063569239303997,0.9,1.026778185859,1.27626536424837
16,162,1.6e+08,160000162,FALSE,TRUE,FALSE,1,"intercept",-1,-0.893621931133982,0.00608176280866898,0.9,-1.02097148814007,-0.769394161003731
16,162,1.6e+08,160000162,FALSE,TRUE,FALSE,1,"X1_groups",1,0.779004241267646,0.00230738817953252,0.9,0.69915130816194,0.8591166207444
16,162,1.6e+08,160000162,FALSE,TRUE,FALSE,1,"X2_dist",1,0.793425619301377,0.004981717048636,0.9,0.68424139898355,0.908211655092957
16,162,1.6e+08,160000162,FALSE,TRUE,FALSE,1,"X3_norm",1,0.750922011401597,0.0024887359774473,0.9,0.665522198712992,0.827510464970761
16,162,1.6e+08,160000162,FALSE,TRUE,FALSE,1,"X4_row",1,0.689020839982954,0.00342108699454217,0.9,0.587303829039863,0.77847870647293
16,162,1.6e+08,160000162,FALSE,TRUE,FALSE,2,"intercept",-1,-1.2160272982698,0.0123844106601632,0.9,-1.40868361567761,-1.04559730771657
16,162,1.6e+08,160000162,FALSE,TRUE,FALSE,2,"X1_groups",1,1.09538430707677,0.00514079284240693,0.9,0.974389584761475,1.21008337576248
16,162,1.6e+08,160000162,FALSE,TRUE,FALSE,2,"X2_dist",1,1.08111658677158,0.0102805011351902,0.9,0.924617349555669,1.25033106945568
16,162,1.6e+08,160000162,FALSE,TRUE,FALSE,2,"X3_norm",1,1.0104473932076,0.00445692425742757,0.9,0.900060258781026,1.12039706636056
16,162,1.6e+08,160000162,FALSE,TRUE,FALSE,2,"X4_row",1,0.956674418762988,0.00550260239293752,0.9,0.844228984581746,1.08361662759511
16,163,1.6e+08,160000163,FALSE,FALSE,FALSE,0,"intercept",-1,-0.999048150202654,0.0070998030604299,0.9,-1.13530226503859,-0.865635369481462
16,163,1.6e+08,160000163,FALSE,FALSE,FALSE,0,"X1_groups",1,0.947489583397539,0.00278290330619823,0.9,0.856103327367098,1.03238853200597
16,163,1.6e+08,160000163,FALSE,FALSE,FALSE,0,"X2_dist",1,0.962838444964711,0.00557247072169949,0.9,0.839653636470138,1.0805875904756
16,163,1.6e+08,160000163,FALSE,FALSE,FALSE,0,"X3_norm",1,0.996383961143962,0.00325405289990429,0.9,0.908153204091926,1.0907175979736
16,163,1.6e+08,160000163,FALSE,FALSE,FALSE,0,"X4_row",1,1.0259956573321,0.00435629747531212,0.9,0.917594339756358,1.12614933836535
16,163,1.6e+08,160000163,FALSE,TRUE,FALSE,0,"intercept",-1,-0.67532990014941,0.00456847041572597,0.9,-0.786939739438526,-0.556421350920914
16,163,1.6e+08,160000163,FALSE,TRUE,FALSE,0,"X1_groups",1,0.606880529439067,0.00139201403309529,0.9,0.548694589847359,0.668601569936726
16,163,1.6e+08,160000163,FALSE,TRUE,FALSE,0,"X2_dist",1,0.638728509627297,0.00345730834688006,0.9,0.540419124881204,0.747147579205332
16,163,1.6e+08,160000163,FALSE,TRUE,FALSE,0,"X3_norm",1,0.61918241899151,0.00169465511076609,0.9,0.553635753996904,0.687267160185728
16,163,1.6e+08,160000163,FALSE,TRUE,FALSE,0,"X4_row",1,0.644772585874723,0.00236575191023863,0.9,0.557223600956221,0.721428654815452
16,163,1.6e+08,160000163,FALSE,FALSE,FALSE,1,"intercept",-1,-1.03269114436078,0.00708813172542151,0.9,-1.16986029718964,-0.891414224226176
16,163,1.6e+08,160000163,FALSE,FALSE,FALSE,1,"X1_groups",1,0.986139678145152,0.00323248637285602,0.9,0.896317982468284,1.08729333894115
16,163,1.6e+08,160000163,FALSE,FALSE,FALSE,1,"X2_dist",1,0.990944618511337,0.00562352153834343,0.9,0.874377414739357,1.12239612821322
16,163,1.6e+08,160000163,FALSE,FALSE,FALSE,1,"X3_norm",1,1.03187792598509,0.0035752063295503,0.9,0.937363604641049,1.13182263228519
16,163,1.6e+08,160000163,FALSE,FALSE,FALSE,1,"X4_row",1,1.06965304850325,0.00460155038929623,0.9,0.961200517993513,1.18741797196675
16,163,1.6e+08,160000163,FALSE,FALSE,FALSE,2,"intercept",-1,-1.07674878170876,0.00843160137326519,0.9,-1.23627773471053,-0.934212290142543
16,163,1.6e+08,160000163,FALSE,FALSE,FALSE,2,"X1_groups",1,1.01341271842889,0.00398478979852459,0.9,0.903996038714135,1.1092802959161
16,163,1.6e+08,160000163,FALSE,FALSE,FALSE,2,"X2_dist",1,1.03020012564145,0.00708442931601356,0.9,0.898773646597575,1.18954428353114
16,163,1.6e+08,160000163,FALSE,FALSE,FALSE,2,"X3_norm",1,1.06329249674671,0.00441445347700228,0.9,0.956619059634796,1.17358481797621
16,163,1.6e+08,160000163,FALSE,FALSE,FALSE,2,"X4_row",1,1.10118178320738,0.00513337712400578,0.9,0.997903280452043,1.2261120779887
16,163,1.6e+08,160000163,FALSE,TRUE,FALSE,1,"intercept",-1,-0.81719374792147,0.00665160374246474,0.9,-0.954104227945625,-0.683483984201437
16,163,1.6e+08,160000163,FALSE,TRUE,FALSE,1,"X1_groups",1,0.772638995936973,0.00232191381280094,0.9,0.696507976223555,0.854423705292617
16,163,1.6e+08,160000163,FALSE,TRUE,FALSE,1,"X2_dist",1,0.775427638665258,0.00520422750359749,0.9,0.667878669290448,0.89065888157004
16,163,1.6e+08,160000163,FALSE,TRUE,FALSE,1,"X3_norm",1,0.774722484974399,0.00270004326111797,0.9,0.691364402215013,0.860863142725607
16,163,1.6e+08,160000163,FALSE,TRUE,FALSE,1,"X4_row",1,0.818863272701809,0.00336135656972168,0.9,0.721204595261711,0.909138392589632
16,163,1.6e+08,160000163,FALSE,TRUE,FALSE,2,"intercept",-1,-0.986246981480837,0.00920140126740485,0.9,-1.15281867840549,-0.830942350032524
16,163,1.6e+08,160000163,FALSE,TRUE,FALSE,2,"X1_groups",1,0.958083814222481,0.0050119877463908,0.9,0.824933141213357,1.06992496979406
16,163,1.6e+08,160000163,FALSE,TRUE,FALSE,2,"X2_dist",1,0.942894406882394,0.00726232017259336,0.9,0.808536236139543,1.08337884800016
16,163,1.6e+08,160000163,FALSE,TRUE,FALSE,2,"X3_norm",1,0.952849445294466,0.00403393009816939,0.9,0.849627079491297,1.05357354835876
16,163,1.6e+08,160000163,FALSE,TRUE,FALSE,2,"X4_row",1,1.05040388619818,0.00607247472431773,0.9,0.926057376164371,1.17500675769927
16,164,1.6e+08,160000164,FALSE,FALSE,FALSE,0,"intercept",-1,-1.05981627339668,0.00810832520632621,0.9,-1.21182075008681,-0.915057719985056
16,164,1.6e+08,160000164,FALSE,FALSE,FALSE,0,"X1_groups",1,1.09940773639974,0.0033026466024325,0.9,1.00945465266649,1.20106195935762
16,164,1.6e+08,160000164,FALSE,FALSE,FALSE,0,"X2_dist",1,1.02931382708231,0.0064339455372518,0.9,0.896753695025251,1.16300875828657
16,164,1.6e+08,160000164,FALSE,FALSE,FALSE,0,"X3_norm",1,1.07828826259658,0.00374813713703305,0.9,0.970837999485664,1.16958993823433
16,164,1.6e+08,160000164,FALSE,FALSE,FALSE,0,"X4_row",1,0.975406929560336,0.00432552088273124,0.9,0.872252233101567,1.082386415966
16,164,1.6e+08,160000164,FALSE,TRUE,FALSE,0,"intercept",-1,-0.660323477801696,0.00463601098611666,0.9,-0.766424650524322,-0.550086379954382
16,164,1.6e+08,160000164,FALSE,TRUE,FALSE,0,"X1_groups",1,0.623798976793927,0.00155591733071951,0.9,0.557075119975343,0.691354777502968
16,164,1.6e+08,160000164,FALSE,TRUE,FALSE,0,"X2_dist",1,0.618588542163728,0.00351873260343821,0.9,0.513641845728957,0.716012300505714
16,164,1.6e+08,160000164,FALSE,TRUE,FALSE,0,"X3_norm",1,0.600342208528643,0.00158828876604816,0.9,0.535048832796536,0.667764242228178
16,164,1.6e+08,160000164,FALSE,TRUE,FALSE,0,"X4_row",1,0.531575805315175,0.00232638828407594,0.9,0.452145691348658,0.613829282354907
16,164,1.6e+08,160000164,FALSE,FALSE,FALSE,1,"intercept",-1,-1.0961520883945,0.00792722635547798,0.9,-1.23513383995017,-0.953455321833738
16,164,1.6e+08,160000164,FALSE,FALSE,FALSE,1,"X1_groups",1,1.138287463206,0.00378800906078405,0.9,1.04135188678727,1.24207433781127
16,164,1.6e+08,160000164,FALSE,FALSE,FALSE,1,"X2_dist",1,1.06025004355755,0.0066370693255768,0.9,0.931141212781875,1.18601823665332
16,164,1.6e+08,160000164,FALSE,FALSE,FALSE,1,"X3_norm",1,1.10793910050264,0.00390143948252828,0.9,1.00928943182375,1.21223088363568
16,164,1.6e+08,160000164,FALSE,FALSE,FALSE,1,"X4_row",1,1.00872213163886,0.00488451903125826,0.9,0.89749699387385,1.12164430860252
16,164,1.6e+08,160000164,FALSE,FALSE,FALSE,2,"intercept",-1,-1.13410796665654,0.00924478156772854,0.9,-1.29542761946217,-0.977821649015609
16,164,1.6e+08,160000164,FALSE,FALSE,FALSE,2,"X1_groups",1,1.16696441681551,0.00502285795398011,0.9,1.0548195735468,1.2958539291423
16,164,1.6e+08,160000164,FALSE,FALSE,FALSE,2,"X2_dist",1,1.09334792064277,0.00773051419937123,0.9,0.961856307406979,1.24165747698333
16,164,1.6e+08,160000164,FALSE,FALSE,FALSE,2,"X3_norm",1,1.1324870707889,0.00510778930813052,0.9,1.02205582339897,1.26356635990776
16,164,1.6e+08,160000164,FALSE,FALSE,FALSE,2,"X4_row",1,1.03049615977713,0.00493334649759071,0.9,0.917727500362048,1.14719227588398
16,164,1.6e+08,160000164,FALSE,TRUE,FALSE,1,"intercept",-1,-0.845156505437029,0.00589091551491282,0.9,-0.974134754483468,-0.72178939846207
16,164,1.6e+08,160000164,FALSE,TRUE,FALSE,1,"X1_groups",1,0.793595896634283,0.00223695559602199,0.9,0.72016867712111,0.868144998192971
16,164,1.6e+08,160000164,FALSE,TRUE,FALSE,1,"X2_dist",1,0.7937688172153,0.00467148765395402,0.9,0.681355703705581,0.911071840491043
16,164,1.6e+08,160000164,FALSE,TRUE,FALSE,1,"X3_norm",1,0.774721128288756,0.00282057039674391,0.9,0.683784494842608,0.855271010532083
16,164,1.6e+08,160000164,FALSE,TRUE,FALSE,1,"X4_row",1,0.704583903759023,0.00353327831760815,0.9,0.612803565883137,0.810016829492505
16,164,1.6e+08,160000164,FALSE,TRUE,FALSE,2,"intercept",-1,-1.01429157647816,0.00937882589580576,0.9,-1.17884533987003,-0.861500822755977
16,164,1.6e+08,160000164,FALSE,TRUE,FALSE,2,"X1_groups",1,0.94997525336142,0.00446292584544231,0.9,0.851828312042349,1.06495419993053
16,164,1.6e+08,160000164,FALSE,TRUE,FALSE,2,"X2_dist",1,0.962032028661113,0.00770708001228671,0.9,0.821393756793613,1.1118490045969
16,164,1.6e+08,160000164,FALSE,TRUE,FALSE,2,"X3_norm",1,0.927439635870049,0.00404515504851643,0.9,0.822978300176249,1.02789319598554
16,164,1.6e+08,160000164,FALSE,TRUE,FALSE,2,"X4_row",1,0.865739006308196,0.0049189513760341,0.9,0.753787062697454,0.987585738244882
16,165,1.6e+08,160000165,FALSE,FALSE,FALSE,0,"intercept",-1,-1.00352534804055,0.00710032387749365,0.9,-1.14737892791129,-0.863559839605819
16,165,1.6e+08,160000165,FALSE,FALSE,FALSE,0,"X1_groups",1,1.01749088862038,0.00307076958451293,0.9,0.925567166877747,1.10842260727896
16,165,1.6e+08,160000165,FALSE,FALSE,FALSE,0,"X2_dist",1,0.987773908701093,0.00553030906197819,0.9,0.866893748186618,1.10791499109906
16,165,1.6e+08,160000165,FALSE,FALSE,FALSE,0,"X3_norm",1,1.04002697025139,0.00376352687644568,0.9,0.94553161128831,1.13995589417699
16,165,1.6e+08,160000165,FALSE,FALSE,FALSE,0,"X4_row",1,0.952700580267495,0.00410833307325629,0.9,0.840272139627743,1.05213096848506
16,165,1.6e+08,160000165,FALSE,TRUE,FALSE,0,"intercept",-1,-0.659404306583698,0.00454431728506194,0.9,-0.770315622870383,-0.546799079015914
16,165,1.6e+08,160000165,FALSE,TRUE,FALSE,0,"X1_groups",1,0.559575852593829,0.00138321192006933,0.9,0.501906233602161,0.616160021160414
16,165,1.6e+08,160000165,FALSE,TRUE,FALSE,0,"X2_dist",1,0.633386569430639,0.0034122195953891,0.9,0.54176127630933,0.726675914446403
16,165,1.6e+08,160000165,FALSE,TRUE,FALSE,0,"X3_norm",1,0.676687734337307,0.0015830620889369,0.9,0.617324203183625,0.745316626420977
16,165,1.6e+08,160000165,FALSE,TRUE,FALSE,0,"X4_row",1,0.590309849415014,0.0023588109447287,0.9,0.508593008404368,0.67008706314769
16,165,1.6e+08,160000165,FALSE,FALSE,FALSE,1,"intercept",-1,-1.05422216236445,0.00770080175144048,0.9,-1.19952127714435,-0.915007115526533
16,165,1.6e+08,160000165,FALSE,FALSE,FALSE,1,"X1_groups",1,1.07292404957694,0.00377128897050493,0.9,0.975719519095869,1.17741195118745
16,165,1.6e+08,160000165,FALSE,FALSE,FALSE,1,"X2_dist",1,1.02898147286335,0.00612376018067134,0.9,0.904883553354575,1.16151779223457
16,165,1.6e+08,160000165,FALSE,FALSE,FALSE,1,"X3_norm",1,1.08450359003285,0.0041452631389358,0.9,0.985056430523943,1.18745723781723
16,165,1.6e+08,160000165,FALSE,FALSE,FALSE,1,"X4_row",1,0.999481647142446,0.00452586674178128,0.9,0.893711544474816,1.11259312190102
16,165,1.6e+08,160000165,FALSE,FALSE,FALSE,2,"intercept",-1,-1.08460035588698,0.00823079079854576,0.9,-1.24192442389046,-0.945911764457237
16,165,1.6e+08,160000165,FALSE,FALSE,FALSE,2,"X1_groups",1,1.1020265732411,0.00418219364325739,0.9,0.999295606368079,1.21615320103055
16,165,1.6e+08,160000165,FALSE,FALSE,FALSE,2,"X2_dist",1,1.05732098903524,0.00688935509793161,0.9,0.924572115434139,1.19370680879585
16,165,1.6e+08,160000165,FALSE,FALSE,FALSE,2,"X3_norm",1,1.11287272024906,0.00415142490083181,0.9,1.00607957233997,1.2215841737653
16,165,1.6e+08,160000165,FALSE,FALSE,FALSE,2,"X4_row",1,1.03049224915046,0.00500877234149583,0.9,0.919991194292147,1.14482858800107
16,165,1.6e+08,160000165,FALSE,TRUE,FALSE,1,"intercept",-1,-0.809423519920415,0.0055683790882294,0.9,-0.921101274861963,-0.683865735583966
16,165,1.6e+08,160000165,FALSE,TRUE,FALSE,1,"X1_groups",1,0.725974411181158,0.0022742287400642,0.9,0.646051209415136,0.79992289161236
16,165,1.6e+08,160000165,FALSE,TRUE,FALSE,1,"X2_dist",1,0.76440932585568,0.00443621716496,0.9,0.652212342454955,0.868319238216196
16,165,1.6e+08,160000165,FALSE,TRUE,FALSE,1,"X3_norm",1,0.840481490218032,0.0026376400504431,0.9,0.75934989196826,0.931345457229478
16,165,1.6e+08,160000165,FALSE,TRUE,FALSE,1,"X4_row",1,0.752502918334074,0.00324402567214592,0.9,0.659269740354822,0.839482266516868
16,165,1.6e+08,160000165,FALSE,TRUE,FALSE,2,"intercept",-1,-0.996140097447812,0.00868144937725659,0.9,-1.15322664928837,-0.846819327512172
16,165,1.6e+08,160000165,FALSE,TRUE,FALSE,2,"X1_groups",1,0.885574325092562,0.00384379523281249,0.9,0.78298231433131,0.993493137065576
16,165,1.6e+08,160000165,FALSE,TRUE,FALSE,2,"X2_dist",1,0.970972475973201,0.00711946869901595,0.9,0.835694153605543,1.10872354506619
16,165,1.6e+08,160000165,FALSE,TRUE,FALSE,2,"X3_norm",1,1.07069927790866,0.00536762857710937,0.9,0.956235274306114,1.19041716364905
16,165,1.6e+08,160000165,FALSE,TRUE,FALSE,2,"X4_row",1,0.950818557258302,0.00496268143179353,0.9,0.839614787273639,1.06896102058525
16,166,1.6e+08,160000166,FALSE,FALSE,FALSE,0,"intercept",-1,-1.0282452757399,0.00729356444727983,0.9,-1.17443613844631,-0.894021188067581
16,166,1.6e+08,160000166,FALSE,FALSE,FALSE,0,"X1_groups",1,0.991027248173996,0.00282897418682008,0.9,0.903840135428818,1.08026728625355
16,166,1.6e+08,160000166,FALSE,FALSE,FALSE,0,"X2_dist",1,1.01495424938618,0.00533168498899239,0.9,0.895467606884044,1.13257753316897
16,166,1.6e+08,160000166,FALSE,FALSE,FALSE,0,"X3_norm",1,0.985576396293807,0.00332583332493498,0.9,0.886047422184837,1.08047583794636
16,166,1.6e+08,160000166,FALSE,FALSE,FALSE,0,"X4_row",1,0.906106318192607,0.00368594780292369,0.9,0.811836601320451,1.00395925104083
16,166,1.6e+08,160000166,FALSE,TRUE,FALSE,0,"intercept",-1,-0.618203119455341,0.00441614763508736,0.9,-0.730439502886339,-0.510033506316527
16,166,1.6e+08,160000166,FALSE,TRUE,FALSE,0,"X1_groups",1,0.627764789159526,0.00148996816185598,0.9,0.569972128851268,0.691170100398695
16,166,1.6e+08,160000166,FALSE,TRUE,FALSE,0,"X2_dist",1,0.59651369740447,0.00326546672428032,0.9,0.507264436528214,0.699186660642297
16,166,1.6e+08,160000166,FALSE,TRUE,FALSE,0,"X3_norm",1,0.600424896100741,0.00147400005467,0.9,0.540456229425076,0.661918594987472
16,166,1.6e+08,160000166,FALSE,TRUE,FALSE,0,"X4_row",1,0.583509488975141,0.00221198019174552,0.9,0.50324302231608,0.662996287026148
16,166,1.6e+08,160000166,FALSE,FALSE,FALSE,1,"intercept",-1,-1.07405587112698,0.00704957686755463,0.9,-1.2006508856137,-0.937732075298491
16,166,1.6e+08,160000166,FALSE,FALSE,FALSE,1,"X1_groups",1,1.03509407535164,0.00356666733696677,0.9,0.941891560654925,1.12933708682893
16,166,1.6e+08,160000166,FALSE,FALSE,FALSE,1,"X2_dist",1,1.0578046078749,0.00588826494926723,0.9,0.931554705128067,1.18022681045151
16,166,1.6e+08,160000166,FALSE,FALSE,FALSE,1,"X3_norm",1,1.03012864728641,0.00432708510319067,0.9,0.929376493605441,1.14439891511396
16,166,1.6e+08,160000166,FALSE,FALSE,FALSE,1,"X4_row",1,0.951305447004738,0.00433892912948076,0.9,0.85093846800414,1.06863150413661
16,166,1.6e+08,160000166,FALSE,FALSE,FALSE,2,"intercept",-1,-1.11707636725368,0.00916774928029345,0.9,-1.27899321799671,-0.970579743286027
16,166,1.6e+08,160000166,FALSE,FALSE,FALSE,2,"X1_groups",1,1.07092349890127,0.00475134423998394,0.9,0.956960664696443,1.19604345853444
16,166,1.6e+08,160000166,FALSE,FALSE,FALSE,2,"X2_dist",1,1.10171311526353,0.0077192541203444,0.9,0.947985259169278,1.25028055441433
16,166,1.6e+08,160000166,FALSE,FALSE,FALSE,2,"X3_norm",1,1.07193141756601,0.00459239045490976,0.9,0.964785072735334,1.18648570765456
16,166,1.6e+08,160000166,FALSE,FALSE,FALSE,2,"X4_row",1,0.992265444772292,0.00525344025763947,0.9,0.88128320812365,1.10669862683882
16,166,1.6e+08,160000166,FALSE,TRUE,FALSE,1,"intercept",-1,-0.754466601761872,0.00545904998421311,0.9,-0.879631776951462,-0.63545738064386
16,166,1.6e+08,160000166,FALSE,TRUE,FALSE,1,"X1_groups",1,0.799326537244938,0.00243631833276212,0.9,0.722364283958478,0.875403111949597
16,166,1.6e+08,160000166,FALSE,TRUE,FALSE,1,"X2_dist",1,0.737156762761162,0.00424224248499266,0.9,0.629908749657525,0.851840846291381
16,166,1.6e+08,160000166,FALSE,TRUE,FALSE,1,"X3_norm",1,0.752774417239377,0.0025388325690946,0.9,0.664101944780641,0.832121395562667
16,166,1.6e+08,160000166,FALSE,TRUE,FALSE,1,"X4_row",1,0.753828046681077,0.00334140200216035,0.9,0.658731811708985,0.849914036573739
16,166,1.6e+08,160000166,FALSE,TRUE,FALSE,2,"intercept",-1,-0.931003816480866,0.00874934655061784,0.9,-1.08735830817366,-0.782080506830467
16,166,1.6e+08,160000166,FALSE,TRUE,FALSE,2,"X1_groups",1,1.01011103802329,0.0046559422242977,0.9,0.901110958592276,1.12482986026781
16,166,1.6e+08,160000166,FALSE,TRUE,FALSE,2,"X2_dist",1,0.92971237465624,0.0072863615247697,0.9,0.798061984051414,1.07469948852753
16,166,1.6e+08,160000166,FALSE,TRUE,FALSE,2,"X3_norm",1,0.97106354772718,0.00468830015995817,0.9,0.857348894871379,1.08079415468421
16,166,1.6e+08,160000166,FALSE,TRUE,FALSE,2,"X4_row",1,0.970067451426823,0.00601553205500602,0.9,0.853551790278511,1.08897118242053
16,167,1.6e+08,160000167,FALSE,FALSE,FALSE,0,"intercept",-1,-1.12197798465475,0.00778623591140276,0.9,-1.25979921225359,-0.975884792630317
16,167,1.6e+08,160000167,FALSE,FALSE,FALSE,0,"X1_groups",1,0.9945218733768,0.00309567532077906,0.9,0.903273141801079,1.0922688642576
16,167,1.6e+08,160000167,FALSE,FALSE,FALSE,0,"X2_dist",1,1.09998216553525,0.00605348752256969,0.9,0.964819256302584,1.22874656342368
16,167,1.6e+08,160000167,FALSE,FALSE,FALSE,0,"X3_norm",1,1.04474524219781,0.00368778741376476,0.9,0.948405613154376,1.14714343167006
16,167,1.6e+08,160000167,FALSE,FALSE,FALSE,0,"X4_row",1,1.10316756076296,0.00498092945615552,0.9,0.990450359313273,1.22181865094452
16,167,1.6e+08,160000167,FALSE,TRUE,FALSE,0,"intercept",-1,-0.668779749429967,0.00465191997695778,0.9,-0.785352032219015,-0.55586277248288
16,167,1.6e+08,160000167,FALSE,TRUE,FALSE,0,"X1_groups",1,0.584058962440755,0.00145049411502762,0.9,0.526038441760804,0.651180996867344
16,167,1.6e+08,160000167,FALSE,TRUE,FALSE,0,"X2_dist",1,0.664386370056485,0.00353718221960247,0.9,0.565429356661504,0.767733294828279
16,167,1.6e+08,160000167,FALSE,TRUE,FALSE,0,"X3_norm",1,0.604387852489019,0.00168547185819545,0.9,0.533663704907579,0.673206302868478
16,167,1.6e+08,160000167,FALSE,TRUE,FALSE,0,"X4_row",1,0.657495589461708,0.00242263262302146,0.9,0.577540983141516,0.741889648344062
16,167,1.6e+08,160000167,FALSE,FALSE,FALSE,1,"intercept",-1,-1.17207781519308,0.00838818203973995,0.9,-1.33035486562091,-1.01978520834369
16,167,1.6e+08,160000167,FALSE,FALSE,FALSE,1,"X1_groups",1,1.04386529451059,0.00384439529064103,0.9,0.947047622469929,1.14731124029595
16,167,1.6e+08,160000167,FALSE,FALSE,FALSE,1,"X2_dist",1,1.14459925294842,0.00717197796136443,0.9,1.01955271812167,1.29150735799496
16,167,1.6e+08,160000167,FALSE,FALSE,FALSE,1,"X3_norm",1,1.09395077214904,0.00489003425897769,0.9,0.97869939456905,1.21505099457049
16,167,1.6e+08,160000167,FALSE,FALSE,FALSE,1,"X4_row",1,1.15812464453432,0.00570273914589514,0.9,1.02397961636794,1.28851376474696
16,167,1.6e+08,160000167,FALSE,FALSE,FALSE,2,"intercept",-1,-1.22158814946429,0.00892872029699822,0.9,-1.3789462043583,-1.07432325852138
16,167,1.6e+08,160000167,FALSE,FALSE,FALSE,2,"X1_groups",1,1.08366914049296,0.00466591307615705,0.9,0.979493807910818,1.20864081835851
16,167,1.6e+08,160000167,FALSE,FALSE,FALSE,2,"X2_dist",1,1.1902480122284,0.00771396087364453,0.9,1.04397101453286,1.33060417423128
16,167,1.6e+08,160000167,FALSE,FALSE,FALSE,2,"X3_norm",1,1.14076737767562,0.00559228714548388,0.9,1.0280141423395,1.27070142647183
16,167,1.6e+08,160000167,FALSE,FALSE,FALSE,2,"X4_row",1,1.21317231880824,0.00713726503344447,0.9,1.07898776268724,1.35898056885027
16,167,1.6e+08,160000167,FALSE,TRUE,FALSE,1,"intercept",-1,-0.824868330626051,0.00582497133411765,0.9,-0.94618763022934,-0.69401865344363
16,167,1.6e+08,160000167,FALSE,TRUE,FALSE,1,"X1_groups",1,0.744191241926442,0.002284491693815,0.9,0.662565407054192,0.823486371950238
16,167,1.6e+08,160000167,FALSE,TRUE,FALSE,1,"X2_dist",1,0.812600136991365,0.00463561803024219,0.9,0.704552983341611,0.92785754145789
16,167,1.6e+08,160000167,FALSE,TRUE,FALSE,1,"X3_norm",1,0.740703239636896,0.00213175118911976,0.9,0.659697579467027,0.815083299693906
16,167,1.6e+08,160000167,FALSE,TRUE,FALSE,1,"X4_row",1,0.84605671611153,0.00365745159320734,0.9,0.752231616286295,0.94261881221156
16,167,1.6e+08,160000167,FALSE,TRUE,FALSE,2,"intercept",-1,-1.10665862629561,0.0110383030632767,0.9,-1.28616701883457,-0.932639730613125
16,167,1.6e+08,160000167,FALSE,TRUE,FALSE,2,"X1_groups",1,0.963515655340663,0.00443517097709749,0.9,0.857849925471822,1.07582846449339
16,167,1.6e+08,160000167,FALSE,TRUE,FALSE,2,"X2_dist",1,1.11749011733471,0.00935541359491854,0.9,0.964038825188086,1.28360586182742
16,167,1.6e+08,160000167,FALSE,TRUE,FALSE,2,"X3_norm",1,1.00661831689346,0.00457342198931965,0.9,0.903727545712637,1.11757528108768
16,167,1.6e+08,160000167,FALSE,TRUE,FALSE,2,"X4_row",1,1.17358901410457,0.00685633311833103,0.9,1.04280443491662,1.32046787574738
16,168,1.6e+08,160000168,FALSE,FALSE,FALSE,0,"intercept",-1,-1.07651384865129,0.00830142910495842,0.9,-1.22033122518781,-0.928136097421177
16,168,1.6e+08,160000168,FALSE,FALSE,FALSE,0,"X1_groups",1,1.08348278686559,0.00366483333665542,0.9,0.992689838780177,1.18296816245042
16,168,1.6e+08,160000168,FALSE,FALSE,FALSE,0,"X2_dist",1,1.03862322886648,0.00651515070651768,0.9,0.901821291849143,1.17434233891428
16,168,1.6e+08,160000168,FALSE,FALSE,FALSE,0,"X3_norm",1,1.04241067599194,0.00353034048414621,0.9,0.947173805293956,1.14207481635286
16,168,1.6e+08,160000168,FALSE,FALSE,FALSE,0,"X4_row",1,1.15414827271672,0.00523905808829567,0.9,1.03536192921743,1.27032670749262
16,168,1.6e+08,160000168,FALSE,TRUE,FALSE,0,"intercept",-1,-0.659984345344242,0.00464516786251177,0.9,-0.773833167585648,-0.554596309614272
16,168,1.6e+08,160000168,FALSE,TRUE,FALSE,0,"X1_groups",1,0.608368838129281,0.00157877671691719,0.9,0.542090725731845,0.671980895121334
16,168,1.6e+08,160000168,FALSE,TRUE,FALSE,0,"X2_dist",1,0.662082026944337,0.00360794894990378,0.9,0.564344338379544,0.75422072185835
16,168,1.6e+08,160000168,FALSE,TRUE,FALSE,0,"X3_norm",1,0.621827865969091,0.00172696655724505,0.9,0.55500684409763,0.691767741631596
16,168,1.6e+08,160000168,FALSE,TRUE,FALSE,0,"X4_row",1,0.62067668618336,0.00222387669029278,0.9,0.542823309787124,0.697806197992239
16,168,1.6e+08,160000168,FALSE,FALSE,FALSE,1,"intercept",-1,-1.12463421132306,0.00838489226901523,0.9,-1.26813342679413,-0.98510774112897
16,168,1.6e+08,160000168,FALSE,FALSE,FALSE,1,"X1_groups",1,1.13086368392115,0.00416120740785196,0.9,1.02598683391406,1.23079734630857
16,168,1.6e+08,160000168,FALSE,FALSE,FALSE,1,"X2_dist",1,1.08268252128055,0.00696453362732929,0.9,0.95357105251459,1.22514128808805
16,168,1.6e+08,160000168,FALSE,FALSE,FALSE,1,"X3_norm",1,1.0873748543608,0.00448567433568344,0.9,0.979199599709366,1.19405193624226
16,168,1.6e+08,160000168,FALSE,FALSE,FALSE,1,"X4_row",1,1.21676396785785,0.00641444514344086,0.9,1.08714568036765,1.35089320259132
16,168,1.6e+08,160000168,FALSE,FALSE,FALSE,2,"intercept",-1,-1.18854612679049,0.0107806485664385,0.9,-1.36676396243955,-1.0342605460748
16,168,1.6e+08,160000168,FALSE,FALSE,FALSE,2,"X1_groups",1,1.17720661373269,0.00627035667323975,0.9,1.05117820488653,1.30986277469361
16,168,1.6e+08,160000168,FALSE,FALSE,FALSE,2,"X2_dist",1,1.14330673322449,0.00980897599173409,0.9,0.991270701888968,1.31254495583257
16,168,1.6e+08,160000168,FALSE,FALSE,FALSE,2,"X3_norm",1,1.13177605754684,0.00565272162705179,0.9,1.01219273544264,1.25528152621159
16,168,1.6e+08,160000168,FALSE,FALSE,FALSE,2,"X4_row",1,1.26814552048568,0.00757612066347539,0.9,1.1350870940218,1.40281189094597
16,168,1.6e+08,160000168,FALSE,TRUE,FALSE,1,"intercept",-1,-0.815916798594631,0.00648484610360057,0.9,-0.954519630452364,-0.684738249311782
16,168,1.6e+08,160000168,FALSE,TRUE,FALSE,1,"X1_groups",1,0.77478196500102,0.00244630229377404,0.9,0.693705510186939,0.861270171781019
16,168,1.6e+08,160000168,FALSE,TRUE,FALSE,1,"X2_dist",1,0.823303854797862,0.00521892796107798,0.9,0.702674785522718,0.939438641213304
16,168,1.6e+08,160000168,FALSE,TRUE,FALSE,1,"X3_norm",1,0.781002995945916,0.00250174063449604,0.9,0.698540565333414,0.865173379652423
16,168,1.6e+08,160000168,FALSE,TRUE,FALSE,1,"X4_row",1,0.81719601446167,0.00368414414644229,0.9,0.721770827929978,0.915397451499992
16,168,1.6e+08,160000168,FALSE,TRUE,FALSE,2,"intercept",-1,-1.0203057671106,0.0104708641460568,0.9,-1.18314941350112,-0.859788939945478
16,168,1.6e+08,160000168,FALSE,TRUE,FALSE,2,"X1_groups",1,0.992516388763472,0.00527922908814906,0.9,0.879493315147014,1.11325505227165
16,168,1.6e+08,160000168,FALSE,TRUE,FALSE,2,"X2_dist",1,1.04338036779788,0.00878262657394479,0.9,0.900628962578643,1.18782053582187
16,168,1.6e+08,160000168,FALSE,TRUE,FALSE,2,"X3_norm",1,0.995836509670948,0.0049572343320401,0.9,0.880265879951596,1.10142663832945
16,168,1.6e+08,160000168,FALSE,TRUE,FALSE,2,"X4_row",1,1.04844782545531,0.00615042080686681,0.9,0.929614491690348,1.18545624848019
16,169,1.6e+08,160000169,FALSE,FALSE,FALSE,0,"intercept",-1,-1.06701435579831,0.00799525183547989,0.9,-1.21404720155684,-0.925875702439871
16,169,1.6e+08,160000169,FALSE,FALSE,FALSE,0,"X1_groups",1,1.07329543954994,0.00332166670524317,0.9,0.982318438836398,1.17059620409393
16,169,1.6e+08,160000169,FALSE,FALSE,FALSE,0,"X2_dist",1,1.08867458424933,0.00641429892273212,0.9,0.958247371194547,1.220769299411
16,169,1.6e+08,160000169,FALSE,FALSE,FALSE,0,"X3_norm",1,1.02183986817249,0.00344530272169131,0.9,0.926335973313423,1.12773977955684
16,169,1.6e+08,160000169,FALSE,FALSE,FALSE,0,"X4_row",1,0.993706452533941,0.00445785654086203,0.9,0.887409246172246,1.10168005461779
16,169,1.6e+08,160000169,FALSE,TRUE,FALSE,0,"intercept",-1,-0.684266908802389,0.00438116373316832,0.9,-0.792040823342742,-0.580093587705572
16,169,1.6e+08,160000169,FALSE,TRUE,FALSE,0,"X1_groups",1,0.692853874999801,0.00175073955570975,0.9,0.622883238265803,0.757702779668703
16,169,1.6e+08,160000169,FALSE,TRUE,FALSE,0,"X2_dist",1,0.67578812957491,0.00344628492891908,0.9,0.581953174458532,0.77430244539393
16,169,1.6e+08,160000169,FALSE,TRUE,FALSE,0,"X3_norm",1,0.608590796171684,0.00158401023592523,0.9,0.542486309426505,0.674875821687851
16,169,1.6e+08,160000169,FALSE,TRUE,FALSE,0,"X4_row",1,0.656463024536098,0.00242150926101192,0.9,0.58020607206895,0.738883359635263
16,169,1.6e+08,160000169,FALSE,FALSE,FALSE,1,"intercept",-1,-1.13547930312761,0.00850347652655787,0.9,-1.29649304886008,-0.971177516173919
16,169,1.6e+08,160000169,FALSE,FALSE,FALSE,1,"X1_groups",1,1.13684718517633,0.00384118005268444,0.9,1.03613017410189,1.2357259491233
16,169,1.6e+08,160000169,FALSE,FALSE,FALSE,1,"X2_dist",1,1.14777494052254,0.00717219324886107,0.9,1.01137652940373,1.28311588051192
16,169,1.6e+08,160000169,FALSE,FALSE,FALSE,1,"X3_norm",1,1.0768970231264,0.00447834492215784,0.9,0.972195246208659,1.18773434554244
16,169,1.6e+08,160000169,FALSE,FALSE,FALSE,1,"X4_row",1,1.05425229138208,0.00512044682528018,0.9,0.940132280131426,1.17957247326367
16,169,1.6e+08,160000169,FALSE,FALSE,FALSE,2,"intercept",-1,-1.18906315902991,0.010531882288826,0.9,-1.35922846919509,-1.01987126959616
16,169,1.6e+08,160000169,FALSE,FALSE,FALSE,2,"X1_groups",1,1.17613321217839,0.00510167867606639,0.9,1.05973926379317,1.29105062795042
16,169,1.6e+08,160000169,FALSE,FALSE,FALSE,2,"X2_dist",1,1.19726932037158,0.00928888290089215,0.9,1.04274781098922,1.35318911386392
16,169,1.6e+08,160000169,FALSE,FALSE,FALSE,2,"X3_norm",1,1.11925638396564,0.00479762982970655,0.9,1.00976797406785,1.23891739865156
16,169,1.6e+08,160000169,FALSE,FALSE,FALSE,2,"X4_row",1,1.09705410987696,0.00608941675972423,0.9,0.973131633963936,1.23574969943674
16,169,1.6e+08,160000169,FALSE,TRUE,FALSE,1,"intercept",-1,-0.814318045831716,0.00612036149704021,0.9,-0.938249429256422,-0.677909149070212
16,169,1.6e+08,160000169,FALSE,TRUE,FALSE,1,"X1_groups",1,0.849260595599005,0.00261891511089824,0.9,0.772491494830327,0.926198821596247
16,169,1.6e+08,160000169,FALSE,TRUE,FALSE,1,"X2_dist",1,0.827293701477003,0.00533580372037553,0.9,0.707594030410918,0.953908535831208
16,169,1.6e+08,160000169,FALSE,TRUE,FALSE,1,"X3_norm",1,0.766396514657319,0.00278061692045051,0.9,0.680289979211592,0.86068271692611
16,169,1.6e+08,160000169,FALSE,TRUE,FALSE,1,"X4_row",1,0.834997569724208,0.00370478176853235,0.9,0.734408975734037,0.932846356634211
16,169,1.6e+08,160000169,FALSE,TRUE,FALSE,2,"intercept",-1,-0.949749329338022,0.0101270374998447,0.9,-1.13086214980337,-0.792717182840067
16,169,1.6e+08,160000169,FALSE,TRUE,FALSE,2,"X1_groups",1,1.03539553787063,0.00490140512468911,0.9,0.91922411504492,1.15686773228149
16,169,1.6e+08,160000169,FALSE,TRUE,FALSE,2,"X2_dist",1,0.989121283345484,0.00849593643015156,0.9,0.84126557503789,1.14610522745992
16,169,1.6e+08,160000169,FALSE,TRUE,FALSE,2,"X3_norm",1,0.918661037781649,0.00411909161317323,0.9,0.811578934421901,1.0245140984759
16,169,1.6e+08,160000169,FALSE,TRUE,FALSE,2,"X4_row",1,1.01401733763276,0.0054934809891423,0.9,0.891708694873008,1.13520565966106
16,170,1.6e+08,160000170,FALSE,FALSE,FALSE,0,"intercept",-1,-0.93299378344042,0.00683886629021306,0.9,-1.06989603054967,-0.800550506095895
16,170,1.6e+08,160000170,FALSE,FALSE,FALSE,0,"X1_groups",1,0.957520968834817,0.00286281915779951,0.9,0.876168190561789,1.04218345712286
16,170,1.6e+08,160000170,FALSE,FALSE,FALSE,0,"X2_dist",1,0.969937828583618,0.00543279139548143,0.9,0.848968074256278,1.09101217550383
16,170,1.6e+08,160000170,FALSE,FALSE,FALSE,0,"X3_norm",1,1.03315531900316,0.00352809763335726,0.9,0.942246526078789,1.13010351071549
16,170,1.6e+08,160000170,FALSE,FALSE,FALSE,0,"X4_row",1,0.976671763311948,0.00412186431763544,0.9,0.869508379447916,1.08308328727363
16,170,1.6e+08,160000170,FALSE,TRUE,FALSE,0,"intercept",-1,-0.657853836280054,0.00457029942975821,0.9,-0.763911991998581,-0.553461798747919
16,170,1.6e+08,160000170,FALSE,TRUE,FALSE,0,"X1_groups",1,0.605205463074404,0.00151507459931625,0.9,0.543413345543574,0.668735321320922
16,170,1.6e+08,160000170,FALSE,TRUE,FALSE,0,"X2_dist",1,0.639519251806815,0.0034800351282256,0.9,0.545601677898861,0.739129948810734
16,170,1.6e+08,160000170,FALSE,TRUE,FALSE,0,"X3_norm",1,0.605895280543952,0.00171073262589898,0.9,0.539312848712005,0.674135050809404
16,170,1.6e+08,160000170,FALSE,TRUE,FALSE,0,"X4_row",1,0.573767021500959,0.00226288024463286,0.9,0.492181662062682,0.654778547330085
16,170,1.6e+08,160000170,FALSE,FALSE,FALSE,1,"intercept",-1,-0.962255794670217,0.0071611440813081,0.9,-1.09400118388409,-0.821144599964934
16,170,1.6e+08,160000170,FALSE,FALSE,FALSE,1,"X1_groups",1,0.997350191160021,0.00328666374819558,0.9,0.906751065224502,1.09088247578159
16,170,1.6e+08,160000170,FALSE,FALSE,FALSE,1,"X2_dist",1,0.997970158556584,0.00588291443325971,0.9,0.875705136317838,1.12917719266606
16,170,1.6e+08,160000170,FALSE,FALSE,FALSE,1,"X3_norm",1,1.06594976703362,0.00387803513417587,0.9,0.969956814632873,1.17516391999915
16,170,1.6e+08,160000170,FALSE,FALSE,FALSE,1,"X4_row",1,1.01493014783,0.00443267699345449,0.9,0.911062185927461,1.13101710609373
16,170,1.6e+08,160000170,FALSE,FALSE,FALSE,2,"intercept",-1,-1.00498183975706,0.00810644419969781,0.9,-1.16014506293043,-0.864710325610774
16,170,1.6e+08,160000170,FALSE,FALSE,FALSE,2,"X1_groups",1,1.03910411936783,0.00435876617999645,0.9,0.937496784659293,1.15443862128184
16,170,1.6e+08,160000170,FALSE,FALSE,FALSE,2,"X2_dist",1,1.04376932847419,0.00708268980944577,0.9,0.900852156937631,1.18875098174461
16,170,1.6e+08,160000170,FALSE,FALSE,FALSE,2,"X3_norm",1,1.11151619534324,0.00517566106059755,0.9,0.995066344611698,1.2288111870002
16,170,1.6e+08,160000170,FALSE,FALSE,FALSE,2,"X4_row",1,1.05983422426976,0.00537371669039928,0.9,0.942302903752464,1.1775358494916
16,170,1.6e+08,160000170,FALSE,TRUE,FALSE,1,"intercept",-1,-0.802788235877278,0.00545542326839313,0.9,-0.914205050765103,-0.678033701880661
16,170,1.6e+08,160000170,FALSE,TRUE,FALSE,1,"X1_groups",1,0.755847485690468,0.00227845115855816,0.9,0.680535077501915,0.831891924641195
16,170,1.6e+08,160000170,FALSE,TRUE,FALSE,1,"X2_dist",1,0.786813222498893,0.00436580062761189,0.9,0.681509976197125,0.891033839755024
16,170,1.6e+08,160000170,FALSE,TRUE,FALSE,1,"X3_norm",1,0.756341866817442,0.00256387158960438,0.9,0.668033159546065,0.837771661372496
16,170,1.6e+08,160000170,FALSE,TRUE,FALSE,1,"X4_row",1,0.728147702626064,0.00323701156600148,0.9,0.62927035156864,0.817379242903188
16,170,1.6e+08,160000170,FALSE,TRUE,FALSE,2,"intercept",-1,-0.980759696279209,0.00891640007242761,0.9,-1.14590823912538,-0.830478165570629
16,170,1.6e+08,160000170,FALSE,TRUE,FALSE,2,"X1_groups",1,0.972823108160975,0.00466022868039401,0.9,0.859977622767961,1.0876323759221
16,170,1.6e+08,160000170,FALSE,TRUE,FALSE,2,"X2_dist",1,0.969668218757101,0.0074795001042019,0.9,0.83015717256351,1.11302965499113
16,170,1.6e+08,160000170,FALSE,TRUE,FALSE,2,"X3_norm",1,0.941574004971907,0.00429471336951531,0.9,0.831218916428338,1.04575943152906
16,170,1.6e+08,160000170,FALSE,TRUE,FALSE,2,"X4_row",1,0.918544076683499,0.00467667249044098,0.9,0.814168116152487,1.03601643932365
16,171,1.6e+08,160000171,FALSE,FALSE,FALSE,0,"intercept",-1,-0.966411076778664,0.00747772972107423,0.9,-1.10901688324846,-0.825393464088019
16,171,1.6e+08,160000171,FALSE,FALSE,FALSE,0,"X1_groups",1,1.0128031333526,0.00347446340770383,0.9,0.914210813238352,1.11346704111263
16,171,1.6e+08,160000171,FALSE,FALSE,FALSE,0,"X2_dist",1,1.06189587879814,0.00613758648878477,0.9,0.938493973252353,1.1939987476761
16,171,1.6e+08,160000171,FALSE,FALSE,FALSE,0,"X3_norm",1,0.971637723711472,0.00304614451630323,0.9,0.883012839730424,1.06514340825141
16,171,1.6e+08,160000171,FALSE,FALSE,FALSE,0,"X4_row",1,1.10083936596891,0.0048990371575438,0.9,0.982035951001935,1.21229595026103
16,171,1.6e+08,160000171,FALSE,TRUE,FALSE,0,"intercept",-1,-0.677525172354875,0.0049069698950029,0.9,-0.789307856763239,-0.566832885981798
16,171,1.6e+08,160000171,FALSE,TRUE,FALSE,0,"X1_groups",1,0.572720720902947,0.00157562074144731,0.9,0.512540640753703,0.642587592629818
16,171,1.6e+08,160000171,FALSE,TRUE,FALSE,0,"X2_dist",1,0.680334335700162,0.00371296387183804,0.9,0.580031809956165,0.780511180818012
16,171,1.6e+08,160000171,FALSE,TRUE,FALSE,0,"X3_norm",1,0.657084806523729,0.00181314990680945,0.9,0.587472627191543,0.730211926585545
16,171,1.6e+08,160000171,FALSE,TRUE,FALSE,0,"X4_row",1,0.652899689044268,0.00233289008431185,0.9,0.56636084861207,0.729521377099903
16,171,1.6e+08,160000171,FALSE,FALSE,FALSE,1,"intercept",-1,-0.996031427486311,0.0070959569008148,0.9,-1.13317710343752,-0.850671002774264
16,171,1.6e+08,160000171,FALSE,FALSE,FALSE,1,"X1_groups",1,1.04802967594272,0.0033485078231402,0.9,0.956257622089224,1.15127348542325
16,171,1.6e+08,160000171,FALSE,FALSE,FALSE,1,"X2_dist",1,1.09276024863941,0.00592519377889858,0.9,0.963018225062443,1.22651891118999
16,171,1.6e+08,160000171,FALSE,FALSE,FALSE,1,"X3_norm",1,0.997247315265146,0.00343911582460397,0.9,0.902924896785112,1.08802401573837
16,171,1.6e+08,160000171,FALSE,FALSE,FALSE,1,"X4_row",1,1.13895163544758,0.00505294403152141,0.9,1.01927320045279,1.26178230420112
16,171,1.6e+08,160000171,FALSE,FALSE,FALSE,2,"intercept",-1,-1.0313409205552,0.00881414158796062,0.9,-1.19608492548101,-0.88298514941226
16,171,1.6e+08,160000171,FALSE,FALSE,FALSE,2,"X1_groups",1,1.08434994772704,0.00490236305974058,0.9,0.975284692709527,1.20104843278318
16,171,1.6e+08,160000171,FALSE,FALSE,FALSE,2,"X2_dist",1,1.13076198050062,0.00850826255970037,0.9,0.982064245628119,1.29585497635839
16,171,1.6e+08,160000171,FALSE,FALSE,FALSE,2,"X3_norm",1,1.03059060376836,0.00470144024547741,0.9,0.909241282764732,1.15030138060041
16,171,1.6e+08,160000171,FALSE,FALSE,FALSE,2,"X4_row",1,1.18047643039184,0.00675371801179527,0.9,1.0498965100918,1.3185727630447
16,171,1.6e+08,160000171,FALSE,TRUE,FALSE,1,"intercept",-1,-0.823030275847284,0.00561944563095185,0.9,-0.934279590122547,-0.695046649856127
16,171,1.6e+08,160000171,FALSE,TRUE,FALSE,1,"X1_groups",1,0.729410250774881,0.00234808046039228,0.9,0.645515564681647,0.810143601611479
16,171,1.6e+08,160000171,FALSE,TRUE,FALSE,1,"X2_dist",1,0.827873375557165,0.00486276295120128,0.9,0.71240142524583,0.936521511965277
16,171,1.6e+08,160000171,FALSE,TRUE,FALSE,1,"X3_norm",1,0.815963790403357,0.00254968874384896,0.9,0.731241399113528,0.894569215118933
16,171,1.6e+08,160000171,FALSE,TRUE,FALSE,1,"X4_row",1,0.837640121576077,0.0036320093877601,0.9,0.736321099719404,0.936774560202389
16,171,1.6e+08,160000171,FALSE,TRUE,FALSE,2,"intercept",-1,-1.02996750417496,0.0104604146662964,0.9,-1.19432190926463,-0.871566360290194
16,171,1.6e+08,160000171,FALSE,TRUE,FALSE,2,"X1_groups",1,0.903677104192521,0.00479939011086472,0.9,0.784420280270112,1.01102563489527
16,171,1.6e+08,160000171,FALSE,TRUE,FALSE,2,"X2_dist",1,1.05108873846136,0.00914871891478566,0.9,0.894851574246935,1.21451034549884
16,171,1.6e+08,160000171,FALSE,TRUE,FALSE,2,"X3_norm",1,1.0300230803391,0.00533029876328642,0.9,0.908525999398058,1.15014149084845
16,171,1.6e+08,160000171,FALSE,TRUE,FALSE,2,"X4_row",1,1.09173453797695,0.00659771806679939,0.9,0.96256420491428,1.22550996929364
16,172,1.6e+08,160000172,FALSE,FALSE,FALSE,0,"intercept",-1,-1.034286713785,0.00703498530111268,0.9,-1.17302345351465,-0.906738305299191
16,172,1.6e+08,160000172,FALSE,FALSE,FALSE,0,"X1_groups",1,0.953213060081502,0.00272338350187295,0.9,0.869204905439169,1.04067325241436
16,172,1.6e+08,160000172,FALSE,FALSE,FALSE,0,"X2_dist",1,0.981468435669221,0.00518523500720735,0.9,0.855140922034386,1.09702123547609
16,172,1.6e+08,160000172,FALSE,FALSE,FALSE,0,"X3_norm",1,0.932132963913884,0.00282377061866973,0.9,0.839300574533115,1.02104224816423
16,172,1.6e+08,160000172,FALSE,FALSE,FALSE,0,"X4_row",1,1.0200276176876,0.00436812527888093,0.9,0.908948814474624,1.12692836530373
16,172,1.6e+08,160000172,FALSE,TRUE,FALSE,0,"intercept",-1,-0.724721379501328,0.00453390921129984,0.9,-0.843203374135083,-0.623338050417349
16,172,1.6e+08,160000172,FALSE,TRUE,FALSE,0,"X1_groups",1,0.594108004346207,0.00144085745461367,0.9,0.537063486789544,0.658280230581926
16,172,1.6e+08,160000172,FALSE,TRUE,FALSE,0,"X2_dist",1,0.691708182271398,0.00329647429763593,0.9,0.600980748460016,0.783852413070325
16,172,1.6e+08,160000172,FALSE,TRUE,FALSE,0,"X3_norm",1,0.563358752368299,0.0015454296797698,0.9,0.496135968016486,0.62219489971522
16,172,1.6e+08,160000172,FALSE,TRUE,FALSE,0,"X4_row",1,0.58022625342202,0.00213379564388665,0.9,0.501016715566825,0.653450524995711
16,172,1.6e+08,160000172,FALSE,FALSE,FALSE,1,"intercept",-1,-1.07391982510686,0.00738865343697474,0.9,-1.21379388420274,-0.940105031280284
16,172,1.6e+08,160000172,FALSE,FALSE,FALSE,1,"X1_groups",1,0.985934728579844,0.0029413263711967,0.9,0.89442617001684,1.07523972079308
16,172,1.6e+08,160000172,FALSE,FALSE,FALSE,1,"X2_dist",1,1.01474368516423,0.00565211636797011,0.9,0.892575222484751,1.14019381839795
16,172,1.6e+08,160000172,FALSE,FALSE,FALSE,1,"X3_norm",1,0.957003460264713,0.00332994661569758,0.9,0.863304936746432,1.05734015155507
16,172,1.6e+08,160000172,FALSE,FALSE,FALSE,1,"X4_row",1,1.05436751772777,0.00443792175697123,0.9,0.944525241647036,1.1588180022874
16,172,1.6e+08,160000172,FALSE,FALSE,FALSE,2,"intercept",-1,-1.11008310986148,0.00835533552254111,0.9,-1.28342268541143,-0.961558024796805
16,172,1.6e+08,160000172,FALSE,FALSE,FALSE,2,"X1_groups",1,1.01285562916126,0.00393626852896851,0.9,0.910658240311786,1.11476645585097
16,172,1.6e+08,160000172,FALSE,FALSE,FALSE,2,"X2_dist",1,1.04669905056333,0.00699289515629414,0.9,0.921826528634841,1.19832282311639
16,172,1.6e+08,160000172,FALSE,FALSE,FALSE,2,"X3_norm",1,0.990373557393905,0.00342792034431764,0.9,0.895802772152203,1.0998007644944
16,172,1.6e+08,160000172,FALSE,FALSE,FALSE,2,"X4_row",1,1.08334906719507,0.00475923871882955,0.9,0.970209691349662,1.1978420489604
16,172,1.6e+08,160000172,FALSE,TRUE,FALSE,1,"intercept",-1,-0.879078064585816,0.00610101386556031,0.9,-1.01307844082624,-0.753622497381411
16,172,1.6e+08,160000172,FALSE,TRUE,FALSE,1,"X1_groups",1,0.746283688901754,0.00216800542670001,0.9,0.676311355341497,0.82172282971665
16,172,1.6e+08,160000172,FALSE,TRUE,FALSE,1,"X2_dist",1,0.83374054229651,0.00471231965476825,0.9,0.729607902880421,0.946362262364082
16,172,1.6e+08,160000172,FALSE,TRUE,FALSE,1,"X3_norm",1,0.704517753065632,0.00257867755527245,0.9,0.620814083953772,0.785335243513851
16,172,1.6e+08,160000172,FALSE,TRUE,FALSE,1,"X4_row",1,0.737063377033337,0.0030481062772786,0.9,0.642453231724915,0.825868852345808
16,172,1.6e+08,160000172,FALSE,TRUE,FALSE,2,"intercept",-1,-0.994200868576005,0.00916762739654054,0.9,-1.159468270408,-0.84282160049865
16,172,1.6e+08,160000172,FALSE,TRUE,FALSE,2,"X1_groups",1,0.898105821345416,0.00377356897851369,0.9,0.797998454467281,1.0026322234339
16,172,1.6e+08,160000172,FALSE,TRUE,FALSE,2,"X2_dist",1,0.987904335157137,0.00728883813935433,0.9,0.847401364707925,1.12946458391119
16,172,1.6e+08,160000172,FALSE,TRUE,FALSE,2,"X3_norm",1,0.830351761564403,0.00350643487538654,0.9,0.741036833862377,0.927585033880804
16,172,1.6e+08,160000172,FALSE,TRUE,FALSE,2,"X4_row",1,0.89096908113307,0.00436133041267859,0.9,0.786978616316044,1.00185644946777
16,173,1.6e+08,160000173,FALSE,FALSE,FALSE,0,"intercept",-1,-1.01651086615282,0.00692995676743312,0.9,-1.1615246986403,-0.887220904257863
16,173,1.6e+08,160000173,FALSE,FALSE,FALSE,0,"X1_groups",1,0.98053819287109,0.00283184577511322,0.9,0.89729163292787,1.0741029541675
16,173,1.6e+08,160000173,FALSE,FALSE,FALSE,0,"X2_dist",1,1.03707203449745,0.005610289228687,0.9,0.919827094484285,1.16120607800883
16,173,1.6e+08,160000173,FALSE,FALSE,FALSE,0,"X3_norm",1,0.973569634578772,0.00322997612469737,0.9,0.882177563571207,1.06657598781217
16,173,1.6e+08,160000173,FALSE,FALSE,FALSE,0,"X4_row",1,1.04699980618363,0.0043659614275189,0.9,0.938838536371325,1.15860971524393
16,173,1.6e+08,160000173,FALSE,TRUE,FALSE,0,"intercept",-1,-0.682514459894626,0.00468506178034764,0.9,-0.79856543710371,-0.571795335861888
16,173,1.6e+08,160000173,FALSE,TRUE,FALSE,0,"X1_groups",1,0.626611907573584,0.00161409524568939,0.9,0.563850760570685,0.693589429790419
16,173,1.6e+08,160000173,FALSE,TRUE,FALSE,0,"X2_dist",1,0.667841030951721,0.00338945584136702,0.9,0.569533843949928,0.76389510321368
16,173,1.6e+08,160000173,FALSE,TRUE,FALSE,0,"X3_norm",1,0.593990779202545,0.00157820369379926,0.9,0.532080030422717,0.660007133885888
16,173,1.6e+08,160000173,FALSE,TRUE,FALSE,0,"X4_row",1,0.594419951360504,0.00219384221234399,0.9,0.512616812634043,0.665222350119965
16,173,1.6e+08,160000173,FALSE,FALSE,FALSE,1,"intercept",-1,-1.05279994960235,0.00713983732295924,0.9,-1.19616294648473,-0.920330363112829
16,173,1.6e+08,160000173,FALSE,FALSE,FALSE,1,"X1_groups",1,1.01583127528569,0.00357841713246163,0.9,0.91565235538884,1.10718726147768
16,173,1.6e+08,160000173,FALSE,FALSE,FALSE,1,"X2_dist",1,1.06787735582646,0.00599671967599929,0.9,0.945916190080042,1.20139617440907
16,173,1.6e+08,160000173,FALSE,FALSE,FALSE,1,"X3_norm",1,1.00516036288337,0.00395049360126252,0.9,0.907153112828393,1.10794958986078
16,173,1.6e+08,160000173,FALSE,FALSE,FALSE,1,"X4_row",1,1.07941622663912,0.00471617098232275,0.9,0.968211499484486,1.20308312077348
16,173,1.6e+08,160000173,FALSE,FALSE,FALSE,2,"intercept",-1,-1.09437062782881,0.00795381243097902,0.9,-1.25103206115616,-0.955008763592711
16,173,1.6e+08,160000173,FALSE,FALSE,FALSE,2,"X1_groups",1,1.04234964529993,0.00390196852676497,0.9,0.936570902943983,1.13972665378082
16,173,1.6e+08,160000173,FALSE,FALSE,FALSE,2,"X2_dist",1,1.10768866184862,0.0069738197822903,0.9,0.96588273045927,1.25156039393737
16,173,1.6e+08,160000173,FALSE,FALSE,FALSE,2,"X3_norm",1,1.03719277139953,0.00375650710791297,0.9,0.935663114204332,1.13534443128759
16,173,1.6e+08,160000173,FALSE,FALSE,FALSE,2,"X4_row",1,1.11132284951541,0.00559185099771394,0.9,0.998451227652321,1.24373784201952
16,173,1.6e+08,160000173,FALSE,TRUE,FALSE,1,"intercept",-1,-0.86549069948524,0.00597735880282111,0.9,-0.994788534659515,-0.741029949453424
16,173,1.6e+08,160000173,FALSE,TRUE,FALSE,1,"X1_groups",1,0.811962981710755,0.00220639619859205,0.9,0.743468531469679,0.889432293776276
16,173,1.6e+08,160000173,FALSE,TRUE,FALSE,1,"X2_dist",1,0.864878573168177,0.00515705968372197,0.9,0.750988124749104,0.982555132787307
16,173,1.6e+08,160000173,FALSE,TRUE,FALSE,1,"X3_norm",1,0.743879337955495,0.00246925155578539,0.9,0.66103352288621,0.821807789994701
16,173,1.6e+08,160000173,FALSE,TRUE,FALSE,1,"X4_row",1,0.776946609838214,0.00331840908083501,0.9,0.682739323194182,0.872588990750221
16,173,1.6e+08,160000173,FALSE,TRUE,FALSE,2,"intercept",-1,-1.12214120804179,0.00896083741097089,0.9,-1.26846986308852,-0.969876700874589
16,173,1.6e+08,160000173,FALSE,TRUE,FALSE,2,"X1_groups",1,1.06095245654252,0.00459968655748263,0.9,0.94793884476241,1.16875087425469
16,173,1.6e+08,160000173,FALSE,TRUE,FALSE,2,"X2_dist",1,1.11460805059618,0.00761020256806033,0.9,0.969137084915644,1.2619035769338
16,173,1.6e+08,160000173,FALSE,TRUE,FALSE,2,"X3_norm",1,0.965179500938438,0.00462750945924152,0.9,0.850916605552807,1.07928047437581
16,173,1.6e+08,160000173,FALSE,TRUE,FALSE,2,"X4_row",1,1.00308535015594,0.00532438093226937,0.9,0.887493165103674,1.13053924734547
16,174,1.6e+08,160000174,FALSE,FALSE,FALSE,0,"intercept",-1,-1.15792747629795,0.00813742577768258,0.9,-1.30370973621518,-1.01927511619657
16,174,1.6e+08,160000174,FALSE,FALSE,FALSE,0,"X1_groups",1,1.13568998700092,0.00375361489897529,0.9,1.03470141508007,1.24135055588329
16,174,1.6e+08,160000174,FALSE,FALSE,FALSE,0,"X2_dist",1,1.14792002689668,0.00641517576067582,0.9,1.0208455104587,1.27955861036101
16,174,1.6e+08,160000174,FALSE,FALSE,FALSE,0,"X3_norm",1,1.10341819025817,0.00407460683995177,0.9,1.00545820226382,1.20718879254665
16,174,1.6e+08,160000174,FALSE,FALSE,FALSE,0,"X4_row",1,1.06454439513265,0.00516912322451857,0.9,0.952400200472191,1.18573617380313
16,174,1.6e+08,160000174,FALSE,TRUE,FALSE,0,"intercept",-1,-0.702807706524146,0.00447392198154041,0.9,-0.814172362171624,-0.591492168657722
16,174,1.6e+08,160000174,FALSE,TRUE,FALSE,0,"X1_groups",1,0.622506430733424,0.00160057742106257,0.9,0.550745864242988,0.68891517971637
16,174,1.6e+08,160000174,FALSE,TRUE,FALSE,0,"X2_dist",1,0.654463887248524,0.00341701822201436,0.9,0.557366719020173,0.740886125062554
16,174,1.6e+08,160000174,FALSE,TRUE,FALSE,0,"X3_norm",1,0.604485777000678,0.00167960200825352,0.9,0.536307572993335,0.66986341482115
16,174,1.6e+08,160000174,FALSE,TRUE,FALSE,0,"X4_row",1,0.623042479412526,0.0023607709626279,0.9,0.54157535530659,0.69996431829451
16,174,1.6e+08,160000174,FALSE,FALSE,FALSE,1,"intercept",-1,-1.19701181990808,0.00833504266181866,0.9,-1.34424197972556,-1.05982100103784
16,174,1.6e+08,160000174,FALSE,FALSE,FALSE,1,"X1_groups",1,1.17629821416153,0.00411887495892062,0.9,1.07546119088188,1.28722991094078
16,174,1.6e+08,160000174,FALSE,FALSE,FALSE,1,"X2_dist",1,1.18084852345639,0.00667438934776778,0.9,1.04949818043325,1.31527403749651
16,174,1.6e+08,160000174,FALSE,FALSE,FALSE,1,"X3_norm",1,1.14122902043741,0.00426705214191915,0.9,1.03325075480404,1.24408661426203
16,174,1.6e+08,160000174,FALSE,FALSE,FALSE,1,"X4_row",1,1.10379600507645,0.00540250091165168,0.9,0.982910022927844,1.22015567032092
16,174,1.6e+08,160000174,FALSE,FALSE,FALSE,2,"intercept",-1,-1.24029656376528,0.0103455175857452,0.9,-1.41711593613931,-1.07909778801651
16,174,1.6e+08,160000174,FALSE,FALSE,FALSE,2,"X1_groups",1,1.21253790902262,0.00532677080882794,0.9,1.10053852990592,1.32999978416717
16,174,1.6e+08,160000174,FALSE,FALSE,FALSE,2,"X2_dist",1,1.22086297879804,0.00889687443225763,0.9,1.07277190571861,1.37540641855511
16,174,1.6e+08,160000174,FALSE,FALSE,FALSE,2,"X3_norm",1,1.17202167804312,0.00535604100085696,0.9,1.05521542383454,1.31030151080941
16,174,1.6e+08,160000174,FALSE,FALSE,FALSE,2,"X4_row",1,1.13676737621138,0.00590536450896681,0.9,1.01702520709766,1.25847507884534
16,174,1.6e+08,160000174,FALSE,TRUE,FALSE,1,"intercept",-1,-0.868782160239017,0.00548627635010934,0.9,-0.982485032825228,-0.746196257519279
16,174,1.6e+08,160000174,FALSE,TRUE,FALSE,1,"X1_groups",1,0.791711272997221,0.00234709895366107,0.9,0.711599418743936,0.873217518062671
16,174,1.6e+08,160000174,FALSE,TRUE,FALSE,1,"X2_dist",1,0.794724390972859,0.00442928828550928,0.9,0.687664863694967,0.906059319068432
16,174,1.6e+08,160000174,FALSE,TRUE,FALSE,1,"X3_norm",1,0.751966906149927,0.00243996611839877,0.9,0.67043303078613,0.835856595323337
16,174,1.6e+08,160000174,FALSE,TRUE,FALSE,1,"X4_row",1,0.794741445008179,0.00356925368320254,0.9,0.692580337298446,0.887859479184915
16,174,1.6e+08,160000174,FALSE,TRUE,FALSE,2,"intercept",-1,-1.11803912501014,0.0105420534339421,0.9,-1.30189431700878,-0.942443260742179
16,174,1.6e+08,160000174,FALSE,TRUE,FALSE,2,"X1_groups",1,1.04316713956062,0.0058114509693398,0.9,0.928759296556363,1.1732824435941
16,174,1.6e+08,160000174,FALSE,TRUE,FALSE,2,"X2_dist",1,1.04773427455114,0.00860876472175323,0.9,0.906030200283498,1.20789190964163
16,174,1.6e+08,160000174,FALSE,TRUE,FALSE,2,"X3_norm",1,1.00581180051356,0.00492038702787472,0.9,0.897187347087834,1.12089522134301
16,174,1.6e+08,160000174,FALSE,TRUE,FALSE,2,"X4_row",1,1.06740995664993,0.00600052633526943,0.9,0.938024586618284,1.20276214140195
16,175,1.6e+08,160000175,FALSE,FALSE,FALSE,0,"intercept",-1,-1.05081484104178,0.00717246795894879,0.9,-1.19301121060975,-0.913563662134202
16,175,1.6e+08,160000175,FALSE,FALSE,FALSE,0,"X1_groups",1,0.993446395420956,0.00306668856396837,0.9,0.901700622849293,1.08574571046479
16,175,1.6e+08,160000175,FALSE,FALSE,FALSE,0,"X2_dist",1,1.04181276410172,0.00561084858559592,0.9,0.918767105777582,1.16350099892738
16,175,1.6e+08,160000175,FALSE,FALSE,FALSE,0,"X3_norm",1,0.992935473072399,0.00321783447882663,0.9,0.902723893454613,1.0835647483587
16,175,1.6e+08,160000175,FALSE,FALSE,FALSE,0,"X4_row",1,0.991791579014571,0.00453440778912054,0.9,0.885623367701779,1.10007950469006
16,175,1.6e+08,160000175,FALSE,TRUE,FALSE,0,"intercept",-1,-0.644842614978824,0.00481967115450335,0.9,-0.762918320876515,-0.535353065293584
16,175,1.6e+08,160000175,FALSE,TRUE,FALSE,0,"X1_groups",1,0.631327730084995,0.00140471248874977,0.9,0.574477369838728,0.686826264002077
16,175,1.6e+08,160000175,FALSE,TRUE,FALSE,0,"X2_dist",1,0.625999958967794,0.00356631781470273,0.9,0.527459352682851,0.722493496291398
16,175,1.6e+08,160000175,FALSE,TRUE,FALSE,0,"X3_norm",1,0.660601968235847,0.00179193875085095,0.9,0.58763389058163,0.728157958590762
16,175,1.6e+08,160000175,FALSE,TRUE,FALSE,0,"X4_row",1,0.655958951670726,0.00243450736929471,0.9,0.57214906397491,0.732947064052814
16,175,1.6e+08,160000175,FALSE,FALSE,FALSE,1,"intercept",-1,-1.10759004366609,0.00839983608799675,0.9,-1.25392515031883,-0.958244572670017
16,175,1.6e+08,160000175,FALSE,FALSE,FALSE,1,"X1_groups",1,1.04332355320033,0.0034908161144748,0.9,0.946911197649386,1.14845790831703
16,175,1.6e+08,160000175,FALSE,FALSE,FALSE,1,"X2_dist",1,1.09073879179449,0.00652242176711904,0.9,0.964421279147011,1.23365176930949
16,175,1.6e+08,160000175,FALSE,FALSE,FALSE,1,"X3_norm",1,1.03423258407978,0.00381930318169417,0.9,0.932022784763848,1.13385404721038
16,175,1.6e+08,160000175,FALSE,FALSE,FALSE,1,"X4_row",1,1.03543071777245,0.00466056538760762,0.9,0.923991191143114,1.14686361842693
16,175,1.6e+08,160000175,FALSE,FALSE,FALSE,2,"intercept",-1,-1.1523475406003,0.00959975331047679,0.9,-1.31500392619886,-1.00411052834641
16,175,1.6e+08,160000175,FALSE,FALSE,FALSE,2,"X1_groups",1,1.07890764360109,0.00482561603102965,0.9,0.973046650799331,1.19364300497704
16,175,1.6e+08,160000175,FALSE,FALSE,FALSE,2,"X2_dist",1,1.13355943206429,0.0081615326183824,0.9,0.996665307152646,1.29294006369953
16,175,1.6e+08,160000175,FALSE,FALSE,FALSE,2,"X3_norm",1,1.06983950732965,0.00418558948838836,0.9,0.965213358490282,1.18103790313052
16,175,1.6e+08,160000175,FALSE,FALSE,FALSE,2,"X4_row",1,1.07430180862173,0.00519755898155569,0.9,0.958219908718468,1.19770972772413
16,175,1.6e+08,160000175,FALSE,TRUE,FALSE,1,"intercept",-1,-0.8276824771623,0.00617259376112519,0.9,-0.950662753594954,-0.697076204967604
16,175,1.6e+08,160000175,FALSE,TRUE,FALSE,1,"X1_groups",1,0.822424447173262,0.00278103682431449,0.9,0.740640865170932,0.911960544004654
16,175,1.6e+08,160000175,FALSE,TRUE,FALSE,1,"X2_dist",1,0.810660790551375,0.0049371606639082,0.9,0.698776540426516,0.921491275449429
16,175,1.6e+08,160000175,FALSE,TRUE,FALSE,1,"X3_norm",1,0.863652525515249,0.00315428506433206,0.9,0.778167943820328,0.958525867268979
16,175,1.6e+08,160000175,FALSE,TRUE,FALSE,1,"X4_row",1,0.883299784584605,0.00397793887210764,0.9,0.778436959164752,0.992413881161476
16,175,1.6e+08,160000175,FALSE,TRUE,FALSE,2,"intercept",-1,-0.966689826488865,0.010448950262977,0.9,-1.14243945603155,-0.801599419928551
16,175,1.6e+08,160000175,FALSE,TRUE,FALSE,2,"X1_groups",1,0.986737709446583,0.00502053177596674,0.9,0.863821676794873,1.10273610933622
16,175,1.6e+08,160000175,FALSE,TRUE,FALSE,2,"X2_dist",1,0.942800035548128,0.00792938831928464,0.9,0.798154358215118,1.09128174411798
16,175,1.6e+08,160000175,FALSE,TRUE,FALSE,2,"X3_norm",1,1.05694176625266,0.00526201570712715,0.9,0.933665568822272,1.17109174263374
16,175,1.6e+08,160000175,FALSE,TRUE,FALSE,2,"X4_row",1,1.09802705116463,0.00667300206513433,0.9,0.970412053506832,1.25120108534305
16,176,1.6e+08,160000176,FALSE,FALSE,FALSE,0,"intercept",-1,-1.06358501092268,0.0077750051763764,0.9,-1.21627500554261,-0.925999424983228
16,176,1.6e+08,160000176,FALSE,FALSE,FALSE,0,"X1_groups",1,1.06720076805956,0.00354629667148297,0.9,0.962998899913752,1.16561949311853
16,176,1.6e+08,160000176,FALSE,FALSE,FALSE,0,"X2_dist",1,1.09674784000907,0.00659516146356189,0.9,0.972645659106242,1.24120848687107
16,176,1.6e+08,160000176,FALSE,FALSE,FALSE,0,"X3_norm",1,1.07455844274549,0.0037188550430775,0.9,0.977810594617887,1.17664606635588
16,176,1.6e+08,160000176,FALSE,FALSE,FALSE,0,"X4_row",1,1.12906568932505,0.00509485956949691,0.9,1.02052811610273,1.24307874117357
16,176,1.6e+08,160000176,FALSE,TRUE,FALSE,0,"intercept",-1,-0.662717032698376,0.00449755931324739,0.9,-0.776597270125611,-0.553648586823638
16,176,1.6e+08,160000176,FALSE,TRUE,FALSE,0,"X1_groups",1,0.597482543907141,0.00144697414206534,0.9,0.535683466881633,0.659337379442317
16,176,1.6e+08,160000176,FALSE,TRUE,FALSE,0,"X2_dist",1,0.620738785432356,0.00311609473015273,0.9,0.524913619508095,0.709140350125835
16,176,1.6e+08,160000176,FALSE,TRUE,FALSE,0,"X3_norm",1,0.632559643988693,0.0016267697526812,0.9,0.569282882751557,0.702535076383616
16,176,1.6e+08,160000176,FALSE,TRUE,FALSE,0,"X4_row",1,0.5970502895647,0.00228285291821963,0.9,0.516308200213923,0.676669446572978
16,176,1.6e+08,160000176,FALSE,FALSE,FALSE,1,"intercept",-1,-1.1109386418297,0.00720067089194247,0.9,-1.26104160107627,-0.983724725729343
16,176,1.6e+08,160000176,FALSE,FALSE,FALSE,1,"X1_groups",1,1.11142353741566,0.00399466048478143,0.9,1.01061104472059,1.21311298651594
16,176,1.6e+08,160000176,FALSE,FALSE,FALSE,1,"X2_dist",1,1.14094408175639,0.00588362519954969,0.9,1.02423995611276,1.26977264155726
16,176,1.6e+08,160000176,FALSE,FALSE,FALSE,1,"X3_norm",1,1.1185171261404,0.004318746447946,0.9,1.01675367496786,1.23153359214467
16,176,1.6e+08,160000176,FALSE,FALSE,FALSE,1,"X4_row",1,1.17719096519843,0.00572965893055242,0.9,1.05760764959957,1.30651203165428
16,176,1.6e+08,160000176,FALSE,FALSE,FALSE,2,"intercept",-1,-1.15151024586995,0.00929696790116394,0.9,-1.30787790192233,-1.00307072642368
16,176,1.6e+08,160000176,FALSE,FALSE,FALSE,2,"X1_groups",1,1.14628756431305,0.00503763718425449,0.9,1.03102731045272,1.26494227098768
16,176,1.6e+08,160000176,FALSE,FALSE,FALSE,2,"X2_dist",1,1.18029440016715,0.00890179851973122,0.9,1.02672831558205,1.33994313906448
16,176,1.6e+08,160000176,FALSE,FALSE,FALSE,2,"X3_norm",1,1.15199119717558,0.00543814299453008,0.9,1.03936144496581,1.26977894463781
16,176,1.6e+08,160000176,FALSE,FALSE,FALSE,2,"X4_row",1,1.2141157027379,0.00666404125657032,0.9,1.09187634591292,1.35280819606244
16,176,1.6e+08,160000176,FALSE,TRUE,FALSE,1,"intercept",-1,-0.824119189575203,0.00620231710744713,0.9,-0.965278675169918,-0.697449012984936
16,176,1.6e+08,160000176,FALSE,TRUE,FALSE,1,"X1_groups",1,0.777766967782892,0.00255835182622802,0.9,0.697687447814532,0.861204233689253
16,176,1.6e+08,160000176,FALSE,TRUE,FALSE,1,"X2_dist",1,0.773875097754287,0.00514690045645238,0.9,0.664306025595201,0.894853454079226
16,176,1.6e+08,160000176,FALSE,TRUE,FALSE,1,"X3_norm",1,0.824213301288725,0.00305472363482024,0.9,0.729046842842749,0.911949957602898
16,176,1.6e+08,160000176,FALSE,TRUE,FALSE,1,"X4_row",1,0.811245636705403,0.0038704170191037,0.9,0.697123651410153,0.913358398408826
16,176,1.6e+08,160000176,FALSE,TRUE,FALSE,2,"intercept",-1,-1.03107242101251,0.0100297964842366,0.9,-1.19006519138502,-0.868382543741267
16,176,1.6e+08,160000176,FALSE,TRUE,FALSE,2,"X1_groups",1,1.02159680911537,0.00551232406787943,0.9,0.906662101520878,1.15393085757066
16,176,1.6e+08,160000176,FALSE,TRUE,FALSE,2,"X2_dist",1,1.00454389638641,0.00893547168838307,0.9,0.847836121536305,1.15385669714626
16,176,1.6e+08,160000176,FALSE,TRUE,FALSE,2,"X3_norm",1,1.06967937906474,0.00558890024078426,0.9,0.954182134639156,1.20070461829358
16,176,1.6e+08,160000176,FALSE,TRUE,FALSE,2,"X4_row",1,1.10557178755734,0.00783792299198784,0.9,0.975703174921808,1.26739305718568
16,177,1.6e+08,160000177,FALSE,FALSE,FALSE,0,"intercept",-1,-1.00303064156494,0.0068596451361682,0.9,-1.13487538783702,-0.879603045299452
16,177,1.6e+08,160000177,FALSE,FALSE,FALSE,0,"X1_groups",1,1.01635088448016,0.00268170710607347,0.9,0.931300595223543,1.09949152478205
16,177,1.6e+08,160000177,FALSE,FALSE,FALSE,0,"X2_dist",1,1.02893917265625,0.00544110238247429,0.9,0.909121866409708,1.14742876995699
16,177,1.6e+08,160000177,FALSE,FALSE,FALSE,0,"X3_norm",1,0.916638534378782,0.00293615771989906,0.9,0.824828755872934,1.00823609308018
16,177,1.6e+08,160000177,FALSE,FALSE,FALSE,0,"X4_row",1,1.00127709816278,0.00419848465743639,0.9,0.886235539153477,1.10406668980871
16,177,1.6e+08,160000177,FALSE,TRUE,FALSE,0,"intercept",-1,-0.587809821721115,0.00438362597424085,0.9,-0.685627707022524,-0.478076968589532
16,177,1.6e+08,160000177,FALSE,TRUE,FALSE,0,"X1_groups",1,0.660592605876351,0.00172431161666419,0.9,0.594293682645757,0.728107158695033
16,177,1.6e+08,160000177,FALSE,TRUE,FALSE,0,"X2_dist",1,0.598599103937119,0.00322130089528756,0.9,0.500932358848018,0.692963261257684
16,177,1.6e+08,160000177,FALSE,TRUE,FALSE,0,"X3_norm",1,0.604869657732198,0.00171444215335038,0.9,0.536916169605221,0.673265558564833
16,177,1.6e+08,160000177,FALSE,TRUE,FALSE,0,"X4_row",1,0.646823723430144,0.00261113186731548,0.9,0.562826353528325,0.730726378536455
16,177,1.6e+08,160000177,FALSE,FALSE,FALSE,1,"intercept",-1,-1.05627550759212,0.00807848382727856,0.9,-1.20785942500226,-0.912738575473806
16,177,1.6e+08,160000177,FALSE,FALSE,FALSE,1,"X1_groups",1,1.06440650760563,0.00340688619130906,0.9,0.970820390292804,1.15719349004273
16,177,1.6e+08,160000177,FALSE,FALSE,FALSE,1,"X2_dist",1,1.07751659063088,0.00644382080595513,0.9,0.948870888270108,1.21492650401513
16,177,1.6e+08,160000177,FALSE,FALSE,FALSE,1,"X3_norm",1,0.959960794351464,0.00419975729506913,0.9,0.853519300235305,1.07061611257424
16,177,1.6e+08,160000177,FALSE,FALSE,FALSE,1,"X4_row",1,1.04901244178583,0.00467388836483731,0.9,0.939424169342783,1.15995524333625
16,177,1.6e+08,160000177,FALSE,FALSE,FALSE,2,"intercept",-1,-1.10352572665821,0.00901621398594918,0.9,-1.26737928229579,-0.956764479027627
16,177,1.6e+08,160000177,FALSE,FALSE,FALSE,2,"X1_groups",1,1.10764316193876,0.00470399801401852,0.9,0.995455230581528,1.21719006100007
16,177,1.6e+08,160000177,FALSE,FALSE,FALSE,2,"X2_dist",1,1.12442641913945,0.00804989176693741,0.9,0.982972631126971,1.27535092589204
16,177,1.6e+08,160000177,FALSE,FALSE,FALSE,2,"X3_norm",1,0.992881954583798,0.004019934218613,0.9,0.895184330277866,1.09546220148308
16,177,1.6e+08,160000177,FALSE,FALSE,FALSE,2,"X4_row",1,1.08902421247505,0.00563158130231952,0.9,0.971155621676649,1.21113610223066
16,177,1.6e+08,160000177,FALSE,TRUE,FALSE,1,"intercept",-1,-0.72257155823568,0.00532632535102105,0.9,-0.844009941657781,-0.609179419873931
16,177,1.6e+08,160000177,FALSE,TRUE,FALSE,1,"X1_groups",1,0.832028864981639,0.00258705335534009,0.9,0.751224280530039,0.909550368046107
16,177,1.6e+08,160000177,FALSE,TRUE,FALSE,1,"X2_dist",1,0.737900184449806,0.00447351997054289,0.9,0.637128013515456,0.854372646744737
16,177,1.6e+08,160000177,FALSE,TRUE,FALSE,1,"X3_norm",1,0.766382849494745,0.00255597435851175,0.9,0.690005421000765,0.852293944614366
16,177,1.6e+08,160000177,FALSE,TRUE,FALSE,1,"X4_row",1,0.840974154539502,0.00406272090289746,0.9,0.732442544779026,0.945443400423188
16,177,1.6e+08,160000177,FALSE,TRUE,FALSE,2,"intercept",-1,-0.898880500502568,0.0088728381215992,0.9,-1.07104410917208,-0.749518044753427
16,177,1.6e+08,160000177,FALSE,TRUE,FALSE,2,"X1_groups",1,1.03283529553025,0.00544215539662558,0.9,0.917231467554136,1.16292312601813
16,177,1.6e+08,160000177,FALSE,TRUE,FALSE,2,"X2_dist",1,0.924848907253489,0.00792993372302789,0.9,0.788868998253428,1.07719754715688
16,177,1.6e+08,160000177,FALSE,TRUE,FALSE,2,"X3_norm",1,0.908129132280333,0.00414158662135194,0.9,0.805363249295984,1.00637274297763
16,177,1.6e+08,160000177,FALSE,TRUE,FALSE,2,"X4_row",1,1.03986406211308,0.00595012945292154,0.9,0.916461508485669,1.17087730716101
16,178,1.6e+08,160000178,FALSE,FALSE,FALSE,0,"intercept",-1,-0.784067623025807,0.00640458642136709,0.9,-0.918524410875479,-0.655030550257568
16,178,1.6e+08,160000178,FALSE,FALSE,FALSE,0,"X1_groups",1,0.882559828642794,0.00249842520028655,0.9,0.801963092426769,0.965552641098965
16,178,1.6e+08,160000178,FALSE,FALSE,FALSE,0,"X2_dist",1,0.82524506438687,0.0050134889600319,0.9,0.706230616594048,0.947010789193415
16,178,1.6e+08,160000178,FALSE,FALSE,FALSE,0,"X3_norm",1,0.960379425172301,0.00291341681996489,0.9,0.871820634243315,1.05480186693039
16,178,1.6e+08,160000178,FALSE,FALSE,FALSE,0,"X4_row",1,0.995536611368309,0.00399225665033618,0.9,0.894263375943146,1.09981894486377
16,178,1.6e+08,160000178,FALSE,TRUE,FALSE,0,"intercept",-1,-0.576112278054721,0.00454113551587389,0.9,-0.686297854140136,-0.46696464396237
16,178,1.6e+08,160000178,FALSE,TRUE,FALSE,0,"X1_groups",1,0.58349224707622,0.00158993938997606,0.9,0.520639354640525,0.651661110316639
16,178,1.6e+08,160000178,FALSE,TRUE,FALSE,0,"X2_dist",1,0.58064839358056,0.00363785915018839,0.9,0.485527915577401,0.678739649894951
16,178,1.6e+08,160000178,FALSE,TRUE,FALSE,0,"X3_norm",1,0.61402343455979,0.00155582784204221,0.9,0.551637130071755,0.676827402680945
16,178,1.6e+08,160000178,FALSE,TRUE,FALSE,0,"X4_row",1,0.608311495752687,0.00234143919237403,0.9,0.530548320185269,0.687446645051589
16,178,1.6e+08,160000178,FALSE,FALSE,FALSE,1,"intercept",-1,-0.826414555801085,0.00684055110401558,0.9,-0.958280058992172,-0.692939782471292
16,178,1.6e+08,160000178,FALSE,FALSE,FALSE,1,"X1_groups",1,0.921641682535986,0.00303014791545351,0.9,0.832195301518025,1.01001228231778
16,178,1.6e+08,160000178,FALSE,FALSE,FALSE,1,"X2_dist",1,0.857571225972923,0.00522904179670631,0.9,0.741413815602335,0.981752776293009
16,178,1.6e+08,160000178,FALSE,FALSE,FALSE,1,"X3_norm",1,0.99669052804219,0.00384961039400444,0.9,0.891533207619283,1.09332871446123
16,178,1.6e+08,160000178,FALSE,FALSE,FALSE,1,"X4_row",1,1.03469556335892,0.0047534422037952,0.9,0.929288501693818,1.15251614900339
16,178,1.6e+08,160000178,FALSE,FALSE,FALSE,2,"intercept",-1,-0.858439848035002,0.0084522237074864,0.9,-1.0050688950381,-0.716741991841386
16,178,1.6e+08,160000178,FALSE,FALSE,FALSE,2,"X1_groups",1,0.952716080292343,0.00343368453822164,0.9,0.858994945481713,1.05437551004626
16,178,1.6e+08,160000178,FALSE,FALSE,FALSE,2,"X2_dist",1,0.88474173434144,0.0067861857999355,0.9,0.753886099072188,1.02139587678477
16,178,1.6e+08,160000178,FALSE,FALSE,FALSE,2,"X3_norm",1,1.02404539760828,0.0037774216162748,0.9,0.924979499361491,1.12713984920069
16,178,1.6e+08,160000178,FALSE,FALSE,FALSE,2,"X4_row",1,1.0693030623099,0.00444064275296117,0.9,0.966744960165354,1.18577296861951
16,178,1.6e+08,160000178,FALSE,TRUE,FALSE,1,"intercept",-1,-0.661434308211568,0.00522819456506053,0.9,-0.785105310980771,-0.55088247199308
16,178,1.6e+08,160000178,FALSE,TRUE,FALSE,1,"X1_groups",1,0.714235761845478,0.00207422705617559,0.9,0.641805148949918,0.791110754167244
16,178,1.6e+08,160000178,FALSE,TRUE,FALSE,1,"X2_dist",1,0.656275088497869,0.00450531005692317,0.9,0.541062777476015,0.770649733213318
16,178,1.6e+08,160000178,FALSE,TRUE,FALSE,1,"X3_norm",1,0.719730568166954,0.00222611145978766,0.9,0.640677903333298,0.802483696638456
16,178,1.6e+08,160000178,FALSE,TRUE,FALSE,1,"X4_row",1,0.752134933923442,0.00331419717652833,0.9,0.650824459114994,0.839322733136566
16,178,1.6e+08,160000178,FALSE,TRUE,FALSE,2,"intercept",-1,-0.81919022010556,0.00784751443994968,0.9,-0.969491291273385,-0.672582062008754
16,178,1.6e+08,160000178,FALSE,TRUE,FALSE,2,"X1_groups",1,0.891495915960626,0.0038084425775798,0.9,0.797162689008109,0.984637858935845
16,178,1.6e+08,160000178,FALSE,TRUE,FALSE,2,"X2_dist",1,0.808923350414173,0.00654998340009894,0.9,0.677056346930605,0.94384914322738
16,178,1.6e+08,160000178,FALSE,TRUE,FALSE,2,"X3_norm",1,0.91884218594459,0.00427598093160263,0.9,0.809212172835153,1.01861888539035
16,178,1.6e+08,160000178,FALSE,TRUE,FALSE,2,"X4_row",1,0.93349897303236,0.00527219214160088,0.9,0.811254836339632,1.05000964842995
16,179,1.6e+08,160000179,FALSE,FALSE,FALSE,0,"intercept",-1,-0.862240198745453,0.00642252009603474,0.9,-1.00382602444556,-0.73771080620174
16,179,1.6e+08,160000179,FALSE,FALSE,FALSE,0,"X1_groups",1,0.959652205017139,0.0026411384259412,0.9,0.877450462980253,1.04411230544092
16,179,1.6e+08,160000179,FALSE,FALSE,FALSE,0,"X2_dist",1,0.888904840074658,0.00522520524270956,0.9,0.775005311364916,1.00167727226304
16,179,1.6e+08,160000179,FALSE,FALSE,FALSE,0,"X3_norm",1,0.867687114426268,0.00265661438931182,0.9,0.788802875057505,0.957779193110136
16,179,1.6e+08,160000179,FALSE,FALSE,FALSE,0,"X4_row",1,0.984266573516931,0.00400392919585707,0.9,0.879497051829923,1.08354993820088
16,179,1.6e+08,160000179,FALSE,TRUE,FALSE,0,"intercept",-1,-0.526858340112604,0.00415623489069312,0.9,-0.635862785271448,-0.423760011067475
16,179,1.6e+08,160000179,FALSE,TRUE,FALSE,0,"X1_groups",1,0.580977671618751,0.00144625719000957,0.9,0.522060390605341,0.642962674949055
16,179,1.6e+08,160000179,FALSE,TRUE,FALSE,0,"X2_dist",1,0.502000867626346,0.00309632015393377,0.9,0.4099988414555,0.589532188008022
16,179,1.6e+08,160000179,FALSE,TRUE,FALSE,0,"X3_norm",1,0.574384296528297,0.00157555402061827,0.9,0.51037361971564,0.641641075963746
16,179,1.6e+08,160000179,FALSE,TRUE,FALSE,0,"X4_row",1,0.587551350035773,0.00213830234745589,0.9,0.508464186244459,0.662206049967813
16,179,1.6e+08,160000179,FALSE,FALSE,FALSE,1,"intercept",-1,-0.895010480729316,0.00615611167377869,0.9,-1.02025124380862,-0.76284075266817
16,179,1.6e+08,160000179,FALSE,FALSE,FALSE,1,"X1_groups",1,1.0073707508377,0.00335556594575783,0.9,0.908062509454815,1.10652020436684
16,179,1.6e+08,160000179,FALSE,FALSE,FALSE,1,"X2_dist",1,0.920499320723415,0.00496029152015645,0.9,0.805371214925508,1.03610240478104
16,179,1.6e+08,160000179,FALSE,FALSE,FALSE,1,"X3_norm",1,0.911245581208741,0.00336841948545611,0.9,0.813261813711135,1.00189859103781
16,179,1.6e+08,160000179,FALSE,FALSE,FALSE,1,"X4_row",1,1.02510708498356,0.00427354969460684,0.9,0.917548227459562,1.13262731701054
16,179,1.6e+08,160000179,FALSE,FALSE,FALSE,2,"intercept",-1,-0.930574828389588,0.00783200859218491,0.9,-1.08295651081159,-0.788171019042466
16,179,1.6e+08,160000179,FALSE,FALSE,FALSE,2,"X1_groups",1,1.03967846559169,0.00426948146053382,0.9,0.9362583048399,1.14036316575375
16,179,1.6e+08,160000179,FALSE,FALSE,FALSE,2,"X2_dist",1,0.956266677444948,0.0069003936475199,0.9,0.822281530240931,1.09153302075741
16,179,1.6e+08,160000179,FALSE,FALSE,FALSE,2,"X3_norm",1,0.943695965262727,0.00452418249448482,0.9,0.842978105533004,1.05126521097802
16,179,1.6e+08,160000179,FALSE,FALSE,FALSE,2,"X4_row",1,1.05880252788115,0.00487388301784363,0.9,0.952437251557045,1.17489005630719
16,179,1.6e+08,160000179,FALSE,TRUE,FALSE,1,"intercept",-1,-0.629144038634809,0.00508934559536135,0.9,-0.741884143633132,-0.504000678423267
16,179,1.6e+08,160000179,FALSE,TRUE,FALSE,1,"X1_groups",1,0.708091418358805,0.00207635903770831,0.9,0.640500836243132,0.783175760654455
16,179,1.6e+08,160000179,FALSE,TRUE,FALSE,1,"X2_dist",1,0.598502266774031,0.00392543596408344,0.9,0.49817606225131,0.701379675093821
16,179,1.6e+08,160000179,FALSE,TRUE,FALSE,1,"X3_norm",1,0.696608104856523,0.00213055768660702,0.9,0.618372207960208,0.773809956847464
16,179,1.6e+08,160000179,FALSE,TRUE,FALSE,1,"X4_row",1,0.740393329693567,0.00322938456346901,0.9,0.651123664048371,0.836437007777464
16,179,1.6e+08,160000179,FALSE,TRUE,FALSE,2,"intercept",-1,-0.806784355960972,0.00807077839827813,0.9,-0.955750597233256,-0.661929415864065
16,179,1.6e+08,160000179,FALSE,TRUE,FALSE,2,"X1_groups",1,0.920797595349767,0.00399322675186021,0.9,0.824590240189209,1.02874847107945
16,179,1.6e+08,160000179,FALSE,TRUE,FALSE,2,"X2_dist",1,0.754565350399612,0.00663849631305377,0.9,0.625820279281621,0.888479789117346
16,179,1.6e+08,160000179,FALSE,TRUE,FALSE,2,"X3_norm",1,0.873757890750815,0.00364230089484136,0.9,0.775838111413595,0.970584111990956
16,179,1.6e+08,160000179,FALSE,TRUE,FALSE,2,"X4_row",1,0.948014967438131,0.00506462963803327,0.9,0.837576049048586,1.07471070401537
16,180,1.6e+08,160000180,FALSE,FALSE,FALSE,0,"intercept",-1,-1.02687030839193,0.00685436139636408,0.9,-1.1565668164148,-0.897190972904154
16,180,1.6e+08,160000180,FALSE,FALSE,FALSE,0,"X1_groups",1,1.02444462443582,0.0029768314183955,0.9,0.934915187677692,1.11046044162494
16,180,1.6e+08,160000180,FALSE,FALSE,FALSE,0,"X2_dist",1,1.02545393511679,0.00498434801267016,0.9,0.910851304057625,1.13472142884528
16,180,1.6e+08,160000180,FALSE,FALSE,FALSE,0,"X3_norm",1,0.910168132966673,0.00307904663193903,0.9,0.825540578829702,1.00252100523324
16,180,1.6e+08,160000180,FALSE,FALSE,FALSE,0,"X4_row",1,0.959816822490213,0.00416587597754107,0.9,0.849535780532163,1.06087835334991
16,180,1.6e+08,160000180,FALSE,TRUE,FALSE,0,"intercept",-1,-0.561075488097295,0.00452806132768703,0.9,-0.66494072924906,-0.4482871946869
16,180,1.6e+08,160000180,FALSE,TRUE,FALSE,0,"X1_groups",1,0.64975290724539,0.00147289847444558,0.9,0.583751230122848,0.711450481310096
16,180,1.6e+08,160000180,FALSE,TRUE,FALSE,0,"X2_dist",1,0.617595799591396,0.00355051063383933,0.9,0.525853618018075,0.716941372859917
16,180,1.6e+08,160000180,FALSE,TRUE,FALSE,0,"X3_norm",1,0.545412435047876,0.00150297809547132,0.9,0.482740143877954,0.605986882605149
16,180,1.6e+08,160000180,FALSE,TRUE,FALSE,0,"X4_row",1,0.602030902329569,0.00221615106948054,0.9,0.521635875247651,0.678341495062825
16,180,1.6e+08,160000180,FALSE,FALSE,FALSE,1,"intercept",-1,-1.06678950049893,0.00710148447721227,0.9,-1.19854832263327,-0.929287402716962
16,180,1.6e+08,160000180,FALSE,FALSE,FALSE,1,"X1_groups",1,1.06515925856056,0.00363111297220802,0.9,0.972098554202749,1.16775784157419
16,180,1.6e+08,160000180,FALSE,FALSE,FALSE,1,"X2_dist",1,1.06124857585594,0.0058671914901985,0.9,0.935968574632258,1.19248675062533
16,180,1.6e+08,160000180,FALSE,FALSE,FALSE,1,"X3_norm",1,0.9420266837039,0.00327636952356683,0.9,0.851651787769118,1.03677112226306
16,180,1.6e+08,160000180,FALSE,FALSE,FALSE,1,"X4_row",1,0.996100167459514,0.00439173429717279,0.9,0.884257990258685,1.10765283543384
16,180,1.6e+08,160000180,FALSE,FALSE,FALSE,2,"intercept",-1,-1.11400991231559,0.00812044171978139,0.9,-1.26543791092318,-0.962683416914818
16,180,1.6e+08,160000180,FALSE,FALSE,FALSE,2,"X1_groups",1,1.10195588511336,0.00409831598423013,0.9,0.98916091071594,1.20074256627315
16,180,1.6e+08,160000180,FALSE,FALSE,FALSE,2,"X2_dist",1,1.10605104007536,0.00632770429178226,0.9,0.974688083521822,1.23210621176723
16,180,1.6e+08,160000180,FALSE,FALSE,FALSE,2,"X3_norm",1,0.974688123510774,0.00398747625919268,0.9,0.870851268354518,1.07223608307709
16,180,1.6e+08,160000180,FALSE,FALSE,FALSE,2,"X4_row",1,1.03516385075096,0.00489785348046127,0.9,0.924668911277346,1.15467518051303
16,180,1.6e+08,160000180,FALSE,TRUE,FALSE,1,"intercept",-1,-0.699615725928432,0.00550104254595437,0.9,-0.821112365012342,-0.575886589435571
16,180,1.6e+08,160000180,FALSE,TRUE,FALSE,1,"X1_groups",1,0.853207517111658,0.00231342381165534,0.9,0.773590178218183,0.929525852647048
16,180,1.6e+08,160000180,FALSE,TRUE,FALSE,1,"X2_dist",1,0.768949989631323,0.00432000219289031,0.9,0.66153791307742,0.883141269457496
16,180,1.6e+08,160000180,FALSE,TRUE,FALSE,1,"X3_norm",1,0.706114030780494,0.0025059371010865,0.9,0.627105963393959,0.785007709829781
16,180,1.6e+08,160000180,FALSE,TRUE,FALSE,1,"X4_row",1,0.806722699367037,0.00348005677036328,0.9,0.70688218833568,0.904196665144181
16,180,1.6e+08,160000180,FALSE,TRUE,FALSE,2,"intercept",-1,-0.847227365219206,0.00935679456233988,0.9,-1.01721973647774,-0.690316876522179
16,180,1.6e+08,160000180,FALSE,TRUE,FALSE,2,"X1_groups",1,1.09389616297674,0.00511751778407626,0.9,0.977389651106048,1.20896141450426
16,180,1.6e+08,160000180,FALSE,TRUE,FALSE,2,"X2_dist",1,0.966470995310902,0.00835155689815401,0.9,0.820142466962644,1.11249855280765
16,180,1.6e+08,160000180,FALSE,TRUE,FALSE,2,"X3_norm",1,0.913358136959443,0.00460432082694848,0.9,0.800949845800364,1.03008510275185
16,180,1.6e+08,160000180,FALSE,TRUE,FALSE,2,"X4_row",1,1.02911465999557,0.00558126744850462,0.9,0.91437051933713,1.14886766606314
16,181,1.6e+08,160000181,FALSE,FALSE,FALSE,0,"intercept",-1,-1.03604799505317,0.00687087438046993,0.9,-1.16705728949298,-0.910418599181318
16,181,1.6e+08,160000181,FALSE,FALSE,FALSE,0,"X1_groups",1,0.940354561720658,0.00249786466423159,0.9,0.861832444549706,1.02746307719579
16,181,1.6e+08,160000181,FALSE,FALSE,FALSE,0,"X2_dist",1,1.03231796088974,0.00522496919792102,0.9,0.916169364303105,1.14372665509549
16,181,1.6e+08,160000181,FALSE,FALSE,FALSE,0,"X3_norm",1,0.924149237681863,0.00295073419405403,0.9,0.839038550400286,1.01370152628045
16,181,1.6e+08,160000181,FALSE,FALSE,FALSE,0,"X4_row",1,0.970955041898566,0.0038306338741547,0.9,0.863028460666251,1.07330066973387
16,181,1.6e+08,160000181,FALSE,TRUE,FALSE,0,"intercept",-1,-0.733348727580631,0.00449535331840499,0.9,-0.851195714022504,-0.627786694749758
16,181,1.6e+08,160000181,FALSE,TRUE,FALSE,0,"X1_groups",1,0.612142193646275,0.001609718427753,0.9,0.545746618399336,0.677553189982221
16,181,1.6e+08,160000181,FALSE,TRUE,FALSE,0,"X2_dist",1,0.697735747806873,0.00331327446378942,0.9,0.606791234845222,0.793234698497123
16,181,1.6e+08,160000181,FALSE,TRUE,FALSE,0,"X3_norm",1,0.60532796284633,0.00172749251122737,0.9,0.539002987364227,0.675088993987874
16,181,1.6e+08,160000181,FALSE,TRUE,FALSE,0,"X4_row",1,0.632565020554497,0.00234344770944936,0.9,0.544531377394289,0.70857288970699
16,181,1.6e+08,160000181,FALSE,FALSE,FALSE,1,"intercept",-1,-1.10809509043278,0.00880095174298839,0.9,-1.26386115250822,-0.960546282103492
16,181,1.6e+08,160000181,FALSE,FALSE,FALSE,1,"X1_groups",1,1.00225705943851,0.00364009043013016,0.9,0.903908575941369,1.10339701902824
16,181,1.6e+08,160000181,FALSE,FALSE,FALSE,1,"X2_dist",1,1.09204360244873,0.00706382059549206,0.9,0.966907672517876,1.23804468679528
16,181,1.6e+08,160000181,FALSE,FALSE,FALSE,1,"X3_norm",1,0.98098454481087,0.0041038813732452,0.9,0.875414195804789,1.09156994355805
16,181,1.6e+08,160000181,FALSE,FALSE,FALSE,1,"X4_row",1,1.02262475100262,0.00439233631836001,0.9,0.919273235090225,1.12339891997465
16,181,1.6e+08,160000181,FALSE,FALSE,FALSE,2,"intercept",-1,-1.15611505194575,0.00880098893440484,0.9,-1.3217990374416,-1.019070081808
16,181,1.6e+08,160000181,FALSE,FALSE,FALSE,2,"X1_groups",1,1.03427030476493,0.00432992632091903,0.9,0.932593726640554,1.13974757936922
16,181,1.6e+08,160000181,FALSE,FALSE,FALSE,2,"X2_dist",1,1.13227439232846,0.0074570298789752,0.9,0.996101131620484,1.26757942383262
16,181,1.6e+08,160000181,FALSE,FALSE,FALSE,2,"X3_norm",1,1.01167118590683,0.00378760829636451,0.9,0.909738487661601,1.11346121800753
16,181,1.6e+08,160000181,FALSE,FALSE,FALSE,2,"X4_row",1,1.05017204489015,0.0049193928873149,0.9,0.93510410981611,1.1787228153833
16,181,1.6e+08,160000181,FALSE,TRUE,FALSE,1,"intercept",-1,-0.852455370556375,0.00581135115372199,0.9,-0.977058101919478,-0.735079785174722
16,181,1.6e+08,160000181,FALSE,TRUE,FALSE,1,"X1_groups",1,0.754820534568057,0.00238183360110681,0.9,0.675467655019865,0.82965640814798
16,181,1.6e+08,160000181,FALSE,TRUE,FALSE,1,"X2_dist",1,0.803496388546489,0.0045099801107565,0.9,0.700429157135613,0.91513810865781
16,181,1.6e+08,160000181,FALSE,TRUE,FALSE,1,"X3_norm",1,0.727684515898308,0.00236834569573829,0.9,0.647052572048717,0.808566226000923
16,181,1.6e+08,160000181,FALSE,TRUE,FALSE,1,"X4_row",1,0.784610701928559,0.00332252810355812,0.9,0.686794269475295,0.875105471139079
16,181,1.6e+08,160000181,FALSE,TRUE,FALSE,2,"intercept",-1,-1.04745948015771,0.00884321075487221,0.9,-1.20997081262381,-0.898664753329622
16,181,1.6e+08,160000181,FALSE,TRUE,FALSE,2,"X1_groups",1,0.903601123738324,0.00385242702210223,0.9,0.806826057189181,1.00896403446183
16,181,1.6e+08,160000181,FALSE,TRUE,FALSE,2,"X2_dist",1,0.994265858791531,0.00718306222389465,0.9,0.856971531734983,1.12573598789849
16,181,1.6e+08,160000181,FALSE,TRUE,FALSE,2,"X3_norm",1,0.892949853153821,0.00411645482850057,0.9,0.782046432141636,0.99668658277958
16,181,1.6e+08,160000181,FALSE,TRUE,FALSE,2,"X4_row",1,0.963173248913455,0.00510945949826907,0.9,0.850197686832618,1.0824888005902
16,182,1.6e+08,160000182,FALSE,FALSE,FALSE,0,"intercept",-1,-1.08335194579329,0.00771150439311185,0.9,-1.22428246323253,-0.938428065408237
16,182,1.6e+08,160000182,FALSE,FALSE,FALSE,0,"X1_groups",1,1.09537701206511,0.0033752440299043,0.9,0.999148166459703,1.18796091517639
16,182,1.6e+08,160000182,FALSE,FALSE,FALSE,0,"X2_dist",1,1.09759570374131,0.00619834033541732,0.9,0.977979839959546,1.21988935118451
16,182,1.6e+08,160000182,FALSE,FALSE,FALSE,0,"X3_norm",1,1.02141242205766,0.00325926095677592,0.9,0.926151715561994,1.11575429129032
16,182,1.6e+08,160000182,FALSE,FALSE,FALSE,0,"X4_row",1,1.10320751680085,0.00482376441990978,0.9,0.990738670964406,1.21873096066697
16,182,1.6e+08,160000182,FALSE,TRUE,FALSE,0,"intercept",-1,-0.627340442881813,0.00460339310929251,0.9,-0.735581036571997,-0.519171743171545
16,182,1.6e+08,160000182,FALSE,TRUE,FALSE,0,"X1_groups",1,0.632177334991215,0.00163075153274448,0.9,0.566553533716769,0.701496999993193
16,182,1.6e+08,160000182,FALSE,TRUE,FALSE,0,"X2_dist",1,0.626293670993022,0.00329203971456727,0.9,0.531169794794849,0.715295319690278
16,182,1.6e+08,160000182,FALSE,TRUE,FALSE,0,"X3_norm",1,0.658074635501881,0.00177660802386218,0.9,0.592421867471805,0.729809731558426
16,182,1.6e+08,160000182,FALSE,TRUE,FALSE,0,"X4_row",1,0.725632496735886,0.00230981698343134,0.9,0.642553862088968,0.801320316977438
16,182,1.6e+08,160000182,FALSE,FALSE,FALSE,1,"intercept",-1,-1.13431303455381,0.00845438247658585,0.9,-1.29031591327184,-0.982376344573842
16,182,1.6e+08,160000182,FALSE,FALSE,FALSE,1,"X1_groups",1,1.14363297144776,0.00435103104469867,0.9,1.03715334593512,1.25530163621455
16,182,1.6e+08,160000182,FALSE,FALSE,FALSE,1,"X2_dist",1,1.14450123551892,0.00717747646998753,0.9,1.01119956389653,1.29586683487162
16,182,1.6e+08,160000182,FALSE,FALSE,FALSE,1,"X3_norm",1,1.06334100657954,0.00457557231310297,0.9,0.952955182864414,1.18262696566709
16,182,1.6e+08,160000182,FALSE,FALSE,FALSE,1,"X4_row",1,1.14734470435593,0.00556322653480007,0.9,1.03444348891765,1.26961417418654
16,182,1.6e+08,160000182,FALSE,FALSE,FALSE,2,"intercept",-1,-1.18418819330358,0.0103303648183394,0.9,-1.36021158797184,-1.0284825732104
16,182,1.6e+08,160000182,FALSE,FALSE,FALSE,2,"X1_groups",1,1.18585790891559,0.00546448434187003,0.9,1.06334370440592,1.31133846809447
16,182,1.6e+08,160000182,FALSE,FALSE,FALSE,2,"X2_dist",1,1.1904231579983,0.00875301203088926,0.9,1.04267196764702,1.35370999432915
16,182,1.6e+08,160000182,FALSE,FALSE,FALSE,2,"X3_norm",1,1.10440401686259,0.00483419847655018,0.9,0.988748359225541,1.21639406472696
16,182,1.6e+08,160000182,FALSE,FALSE,FALSE,2,"X4_row",1,1.18489366109522,0.00574274715715155,0.9,1.06886556296598,1.3168583853277
16,182,1.6e+08,160000182,FALSE,TRUE,FALSE,1,"intercept",-1,-0.803018279371419,0.00642678314469168,0.9,-0.931054337876231,-0.674058530180747
16,182,1.6e+08,160000182,FALSE,TRUE,FALSE,1,"X1_groups",1,0.842562064534316,0.00290616253354919,0.9,0.753185795680231,0.928759735064451
16,182,1.6e+08,160000182,FALSE,TRUE,FALSE,1,"X2_dist",1,0.822348026020139,0.00533995761723236,0.9,0.699399523987477,0.94370488251544
16,182,1.6e+08,160000182,FALSE,TRUE,FALSE,1,"X3_norm",1,0.873157652086928,0.00294106808290783,0.9,0.788185048298115,0.963981664149412
16,182,1.6e+08,160000182,FALSE,TRUE,FALSE,1,"X4_row",1,0.98319733615707,0.00457670603940163,0.9,0.872667552047922,1.1023277851774
16,182,1.6e+08,160000182,FALSE,TRUE,FALSE,2,"intercept",-1,-0.935178530933736,0.00969158066733253,0.9,-1.09859262073972,-0.787629153308776
16,182,1.6e+08,160000182,FALSE,TRUE,FALSE,2,"X1_groups",1,1.0129041109685,0.00518709969365822,0.9,0.899134266074926,1.13713360188133
16,182,1.6e+08,160000182,FALSE,TRUE,FALSE,2,"X2_dist",1,0.965379172004178,0.0080975358885087,0.9,0.832547279552439,1.14215339000365
16,182,1.6e+08,160000182,FALSE,TRUE,FALSE,2,"X3_norm",1,1.05854588682533,0.00483375914546165,0.9,0.95544060420137,1.17711170337338
16,182,1.6e+08,160000182,FALSE,TRUE,FALSE,2,"X4_row",1,1.20038833167601,0.00712110700293171,0.9,1.06989164967042,1.35524948752907
16,183,1.6e+08,160000183,FALSE,FALSE,FALSE,0,"intercept",-1,-1.08176436282291,0.00778653014575765,0.9,-1.22705994840973,-0.938114485576456
16,183,1.6e+08,160000183,FALSE,FALSE,FALSE,0,"X1_groups",1,1.07146816011086,0.00340690390227963,0.9,0.975017888015988,1.16354990853112
16,183,1.6e+08,160000183,FALSE,FALSE,FALSE,0,"X2_dist",1,0.991485674852345,0.00573875390812073,0.9,0.869724999468397,1.1167828040764
16,183,1.6e+08,160000183,FALSE,FALSE,FALSE,0,"X3_norm",1,1.16466793277277,0.00416909203389262,0.9,1.06551177927821,1.26950983358944
16,183,1.6e+08,160000183,FALSE,FALSE,FALSE,0,"X4_row",1,1.02685792124156,0.00506274925530329,0.9,0.908769232598872,1.15149380582285
16,183,1.6e+08,160000183,FALSE,TRUE,FALSE,0,"intercept",-1,-0.640048832825885,0.00475339757307172,0.9,-0.765401903623029,-0.537040989808242
16,183,1.6e+08,160000183,FALSE,TRUE,FALSE,0,"X1_groups",1,0.582979643948147,0.00144168181987043,0.9,0.523447427071262,0.647525526542136
16,183,1.6e+08,160000183,FALSE,TRUE,FALSE,0,"X2_dist",1,0.622460441726049,0.00349588342454547,0.9,0.529748643241323,0.71916203090995
16,183,1.6e+08,160000183,FALSE,TRUE,FALSE,0,"X3_norm",1,0.66385219800887,0.00173677096554845,0.9,0.594950524098089,0.734511711175051
16,183,1.6e+08,160000183,FALSE,TRUE,FALSE,0,"X4_row",1,0.62708760093007,0.00244504072668264,0.9,0.542235333148631,0.698526604301849
16,183,1.6e+08,160000183,FALSE,FALSE,FALSE,1,"intercept",-1,-1.13151567671092,0.00904938215364458,0.9,-1.28844603426565,-0.974331936961633
16,183,1.6e+08,160000183,FALSE,FALSE,FALSE,1,"X1_groups",1,1.12528812731644,0.00406906430661189,0.9,1.02535856495933,1.23007424101062
16,183,1.6e+08,160000183,FALSE,FALSE,FALSE,1,"X2_dist",1,1.03121838639682,0.00681293284222795,0.9,0.905073753203183,1.17072900274813
16,183,1.6e+08,160000183,FALSE,FALSE,FALSE,1,"X3_norm",1,1.2132811750115,0.00525601196053837,0.9,1.08777477746233,1.32964213918778
16,183,1.6e+08,160000183,FALSE,FALSE,FALSE,1,"X4_row",1,1.07666326855243,0.00547914278646836,0.9,0.960030926518019,1.19896645476002
16,183,1.6e+08,160000183,FALSE,FALSE,FALSE,2,"intercept",-1,-1.1748118637369,0.0096533427613309,0.9,-1.33745871756255,-1.00927034449013
16,183,1.6e+08,160000183,FALSE,FALSE,FALSE,2,"X1_groups",1,1.15902877019233,0.00564194716935489,0.9,1.03763663021189,1.28511292364608
16,183,1.6e+08,160000183,FALSE,FALSE,FALSE,2,"X2_dist",1,1.07078062459582,0.00787537721578474,0.9,0.917758044375974,1.21444567010067
16,183,1.6e+08,160000183,FALSE,FALSE,FALSE,2,"X3_norm",1,1.24821114767365,0.00676488406915203,0.9,1.11531675437367,1.38264773434995
16,183,1.6e+08,160000183,FALSE,FALSE,FALSE,2,"X4_row",1,1.10769593901459,0.00676986498227964,0.9,0.983572885631225,1.25110410171043
16,183,1.6e+08,160000183,FALSE,TRUE,FALSE,1,"intercept",-1,-0.815789946924132,0.00641208695377529,0.9,-0.952699009591857,-0.690551913308159
16,183,1.6e+08,160000183,FALSE,TRUE,FALSE,1,"X1_groups",1,0.782317362147234,0.00260730953183364,0.9,0.701349223702585,0.863488470347307
16,183,1.6e+08,160000183,FALSE,TRUE,FALSE,1,"X2_dist",1,0.81298001720675,0.00508945710718317,0.9,0.699949487057619,0.935415640280301
16,183,1.6e+08,160000183,FALSE,TRUE,FALSE,1,"X3_norm",1,0.899297839050737,0.00309792957886427,0.9,0.814528130124069,0.99192765665603
16,183,1.6e+08,160000183,FALSE,TRUE,FALSE,1,"X4_row",1,0.878922181576391,0.00403945625063128,0.9,0.773521189705878,0.984950162565831
16,183,1.6e+08,160000183,FALSE,TRUE,FALSE,2,"intercept",-1,-0.960599219030397,0.0098591701888872,0.9,-1.129637474497,-0.81402581594685
16,183,1.6e+08,160000183,FALSE,TRUE,FALSE,2,"X1_groups",1,0.943920252712865,0.0049023011681152,0.9,0.830767618548219,1.0523324622927
16,183,1.6e+08,160000183,FALSE,TRUE,FALSE,2,"X2_dist",1,0.985985116924171,0.00862675291142465,0.9,0.835081959741807,1.13776957789348
16,183,1.6e+08,160000183,FALSE,TRUE,FALSE,2,"X3_norm",1,1.07976978552545,0.0054582749229668,0.9,0.950035307221545,1.20095284921974
16,183,1.6e+08,160000183,FALSE,TRUE,FALSE,2,"X4_row",1,1.07944204916907,0.00607267373618165,0.9,0.953482110629142,1.21392883042871
16,184,1.6e+08,160000184,FALSE,FALSE,FALSE,0,"intercept",-1,-0.847568139285745,0.00690308433054137,0.9,-0.986338431403079,-0.705227780784364
16,184,1.6e+08,160000184,FALSE,FALSE,FALSE,0,"X1_groups",1,0.981653743130818,0.00261584452102239,0.9,0.899681353619029,1.06263550108099
16,184,1.6e+08,160000184,FALSE,FALSE,FALSE,0,"X2_dist",1,0.864129642708674,0.00526861380100464,0.9,0.740001235130923,0.984581808687099
16,184,1.6e+08,160000184,FALSE,FALSE,FALSE,0,"X3_norm",1,0.94190805728105,0.00308916448967053,0.9,0.8538278472772,1.03490702517081
16,184,1.6e+08,160000184,FALSE,FALSE,FALSE,0,"X4_row",1,1.01202732639733,0.00423533871721191,0.9,0.90844692796643,1.11666527147631
16,184,1.6e+08,160000184,FALSE,TRUE,FALSE,0,"intercept",-1,-0.52879838212033,0.00452073599926956,0.9,-0.63462114895623,-0.418343632181495
16,184,1.6e+08,160000184,FALSE,TRUE,FALSE,0,"X1_groups",1,0.63471691133429,0.00156500620326756,0.9,0.572143422621297,0.697591906266779
16,184,1.6e+08,160000184,FALSE,TRUE,FALSE,0,"X2_dist",1,0.580563373525432,0.00361602526175904,0.9,0.482851169608274,0.680961665943484
16,184,1.6e+08,160000184,FALSE,TRUE,FALSE,0,"X3_norm",1,0.611778297076966,0.00183734217797888,0.9,0.541284228059591,0.681344616082873
16,184,1.6e+08,160000184,FALSE,TRUE,FALSE,0,"X4_row",1,0.63320004683549,0.00264146860905022,0.9,0.547076844147758,0.71741982951161
16,184,1.6e+08,160000184,FALSE,FALSE,FALSE,1,"intercept",-1,-0.881215311429494,0.00673062556438318,0.9,-1.01173309611574,-0.753655975369654
16,184,1.6e+08,160000184,FALSE,FALSE,FALSE,1,"X1_groups",1,1.01807364033637,0.00308102566514442,0.9,0.933047019684449,1.10449609954506
16,184,1.6e+08,160000184,FALSE,FALSE,FALSE,1,"X2_dist",1,0.894042403035263,0.00561616101128812,0.9,0.773783041663772,1.02401263038787
16,184,1.6e+08,160000184,FALSE,FALSE,FALSE,1,"X3_norm",1,0.972672327483703,0.00327922667253982,0.9,0.875232609107969,1.07142039590228
16,184,1.6e+08,160000184,FALSE,FALSE,FALSE,1,"X4_row",1,1.04584659376089,0.00421176120679498,0.9,0.944357439325821,1.15200936387455
16,184,1.6e+08,160000184,FALSE,FALSE,FALSE,2,"intercept",-1,-0.917063662998965,0.00830143858152055,0.9,-1.06509282337844,-0.771993718652663
16,184,1.6e+08,160000184,FALSE,FALSE,FALSE,2,"X1_groups",1,1.04679643673054,0.00397495315252967,0.9,0.947435679323581,1.15134400254076
16,184,1.6e+08,160000184,FALSE,FALSE,FALSE,2,"X2_dist",1,0.926776462785042,0.00678505295141067,0.9,0.794186290536495,1.05303415336443
16,184,1.6e+08,160000184,FALSE,FALSE,FALSE,2,"X3_norm",1,1.00404488280626,0.00409613206954184,0.9,0.90149634675457,1.10107593481405
16,184,1.6e+08,160000184,FALSE,FALSE,FALSE,2,"X4_row",1,1.08034358023939,0.00477169191887592,0.9,0.978146236845849,1.19024478737815
16,184,1.6e+08,160000184,FALSE,TRUE,FALSE,1,"intercept",-1,-0.632464521164746,0.00541033721663344,0.9,-0.751217045017838,-0.515967855795583
16,184,1.6e+08,160000184,FALSE,TRUE,FALSE,1,"X1_groups",1,0.788324681508519,0.00218695760367335,0.9,0.710580308890238,0.86324839716176
16,184,1.6e+08,160000184,FALSE,TRUE,FALSE,1,"X2_dist",1,0.700428156783119,0.00482903334217666,0.9,0.591118642649366,0.823328452564292
16,184,1.6e+08,160000184,FALSE,TRUE,FALSE,1,"X3_norm",1,0.761444505900796,0.00286829292071017,0.9,0.679963750733063,0.852152092321298
16,184,1.6e+08,160000184,FALSE,TRUE,FALSE,1,"X4_row",1,0.812368201990602,0.00337261342221538,0.9,0.72665517953789,0.909381287016266
16,184,1.6e+08,160000184,FALSE,TRUE,FALSE,2,"intercept",-1,-0.784260585173837,0.00816040084685775,0.9,-0.929981250735457,-0.639726274974585
16,184,1.6e+08,160000184,FALSE,TRUE,FALSE,2,"X1_groups",1,0.967062344368414,0.00431124955400559,0.9,0.858053086662737,1.06923267154285
16,184,1.6e+08,160000184,FALSE,TRUE,FALSE,2,"X2_dist",1,0.859278978070382,0.00728151074586112,0.9,0.723061796557133,0.996353617828025
16,184,1.6e+08,160000184,FALSE,TRUE,FALSE,2,"X3_norm",1,0.926123965020023,0.00396627088040918,0.9,0.820849235482882,1.0307918625359
16,184,1.6e+08,160000184,FALSE,TRUE,FALSE,2,"X4_row",1,0.975963094490451,0.00511498086264646,0.9,0.864931109611535,1.09083358893295
16,185,1.6e+08,160000185,FALSE,FALSE,FALSE,0,"intercept",-1,-0.973850299276034,0.00663667777928723,0.9,-1.11010881449609,-0.841488041979273
16,185,1.6e+08,160000185,FALSE,FALSE,FALSE,0,"X1_groups",1,0.97375565427067,0.00276422643918105,0.9,0.891850423251396,1.05722725418476
16,185,1.6e+08,160000185,FALSE,FALSE,FALSE,0,"X2_dist",1,0.938040100281204,0.00524304366950104,0.9,0.819423501015117,1.05955176125806
16,185,1.6e+08,160000185,FALSE,FALSE,FALSE,0,"X3_norm",1,0.930695841386378,0.00269453502178303,0.9,0.851656719627091,1.02307904585004
16,185,1.6e+08,160000185,FALSE,FALSE,FALSE,0,"X4_row",1,0.918609173223216,0.00381493311883374,0.9,0.8129015646651,1.00985543790831
16,185,1.6e+08,160000185,FALSE,TRUE,FALSE,0,"intercept",-1,-0.621105785251964,0.00426104802407303,0.9,-0.731921505563994,-0.520550946215624
16,185,1.6e+08,160000185,FALSE,TRUE,FALSE,0,"X1_groups",1,0.589845224000772,0.00135363410914078,0.9,0.52626550656619,0.647165834531645
16,185,1.6e+08,160000185,FALSE,TRUE,FALSE,0,"X2_dist",1,0.584347759280808,0.00314782626173647,0.9,0.496133655606066,0.67876487615863
16,185,1.6e+08,160000185,FALSE,TRUE,FALSE,0,"X3_norm",1,0.546051099565107,0.00159424461587982,0.9,0.480435940280867,0.611292333699767
16,185,1.6e+08,160000185,FALSE,TRUE,FALSE,0,"X4_row",1,0.567744458385077,0.00217780234561045,0.9,0.486156732185111,0.640899533953271
16,185,1.6e+08,160000185,FALSE,FALSE,FALSE,1,"intercept",-1,-1.006863921872,0.00731415790074886,0.9,-1.14269668207463,-0.863231719378996
16,185,1.6e+08,160000185,FALSE,FALSE,FALSE,1,"X1_groups",1,1.00775117086596,0.00343908565971322,0.9,0.917644301430304,1.10300252771815
16,185,1.6e+08,160000185,FALSE,FALSE,FALSE,1,"X2_dist",1,0.966852127703849,0.0058959240725295,0.9,0.855422538299157,1.09268231734867
16,185,1.6e+08,160000185,FALSE,FALSE,FALSE,1,"X3_norm",1,0.95804698431256,0.00325260481023435,0.9,0.866578884942975,1.05285711960993
16,185,1.6e+08,160000185,FALSE,FALSE,FALSE,1,"X4_row",1,0.951228369217623,0.00414140807725879,0.9,0.849465369719853,1.06063612644921
16,185,1.6e+08,160000185,FALSE,FALSE,FALSE,2,"intercept",-1,-1.04360263327605,0.00805275177783863,0.9,-1.19251013438145,-0.899452121758324
16,185,1.6e+08,160000185,FALSE,FALSE,FALSE,2,"X1_groups",1,1.03627132582945,0.00373965078339278,0.9,0.943382839424658,1.14380388388137
16,185,1.6e+08,160000185,FALSE,FALSE,FALSE,2,"X2_dist",1,1.00043468621684,0.00673056489691111,0.9,0.857987547374243,1.14461162979849
16,185,1.6e+08,160000185,FALSE,FALSE,FALSE,2,"X3_norm",1,0.984982357737664,0.00371758877608319,0.9,0.885348620837573,1.08436993643016
16,185,1.6e+08,160000185,FALSE,FALSE,FALSE,2,"X4_row",1,0.973386846288556,0.00434182029885596,0.9,0.874733946114137,1.08592778387116
16,185,1.6e+08,160000185,FALSE,TRUE,FALSE,1,"intercept",-1,-0.745652551738253,0.00580797660773202,0.9,-0.864584038753399,-0.627710356298505
16,185,1.6e+08,160000185,FALSE,TRUE,FALSE,1,"X1_groups",1,0.738411858879045,0.00216472930768037,0.9,0.663331244048988,0.812955703307875
16,185,1.6e+08,160000185,FALSE,TRUE,FALSE,1,"X2_dist",1,0.700092598140376,0.00440454210552122,0.9,0.58892945108618,0.803576217494477
16,185,1.6e+08,160000185,FALSE,TRUE,FALSE,1,"X3_norm",1,0.655075771163654,0.00197478406714456,0.9,0.582238425206821,0.726054251164856
16,185,1.6e+08,160000185,FALSE,TRUE,FALSE,1,"X4_row",1,0.708531687847888,0.003093988181951,0.9,0.620465414257896,0.803653854055432
16,185,1.6e+08,160000185,FALSE,TRUE,FALSE,2,"intercept",-1,-0.908604582489176,0.00843603105754278,0.9,-1.05736603893119,-0.763236906069528
16,185,1.6e+08,160000185,FALSE,TRUE,FALSE,2,"X1_groups",1,0.952655614581429,0.00429660459979532,0.9,0.84986495891399,1.06083829106308
16,185,1.6e+08,160000185,FALSE,TRUE,FALSE,2,"X2_dist",1,0.888664115867407,0.00685461378584138,0.9,0.755489003649116,1.03772370170666
16,185,1.6e+08,160000185,FALSE,TRUE,FALSE,2,"X3_norm",1,0.80238334218037,0.00324667582882938,0.9,0.709851794837047,0.891345456508983
16,185,1.6e+08,160000185,FALSE,TRUE,FALSE,2,"X4_row",1,0.923217704490533,0.00503635322700526,0.9,0.814599152722598,1.04652641353266
16,186,1.6e+08,160000186,FALSE,FALSE,FALSE,0,"intercept",-1,-1.03298418810004,0.00686107231011886,0.9,-1.15932849910615,-0.903590672295976
16,186,1.6e+08,160000186,FALSE,FALSE,FALSE,0,"X1_groups",1,0.979924085426429,0.00285368411386068,0.9,0.891901174641913,1.06993652341408
16,186,1.6e+08,160000186,FALSE,FALSE,FALSE,0,"X2_dist",1,1.02559668886621,0.00521685663513229,0.9,0.905351190141414,1.13822558727447
16,186,1.6e+08,160000186,FALSE,FALSE,FALSE,0,"X3_norm",1,0.973082846117789,0.00332402546644821,0.9,0.887157659337649,1.07230912794208
16,186,1.6e+08,160000186,FALSE,FALSE,FALSE,0,"X4_row",1,0.913353923345603,0.00420033625221745,0.9,0.807836234382719,1.01592428487073
16,186,1.6e+08,160000186,FALSE,TRUE,FALSE,0,"intercept",-1,-0.64263412876714,0.00420281500177555,0.9,-0.745721313320754,-0.543006250271877
16,186,1.6e+08,160000186,FALSE,TRUE,FALSE,0,"X1_groups",1,0.600152143728026,0.0015969507457087,0.9,0.534714790990825,0.66468640557709
16,186,1.6e+08,160000186,FALSE,TRUE,FALSE,0,"X2_dist",1,0.646006469924697,0.003137026946598,0.9,0.554322253555576,0.73227410244391
16,186,1.6e+08,160000186,FALSE,TRUE,FALSE,0,"X3_norm",1,0.558559607608461,0.00165640013130838,0.9,0.490998376975678,0.628724354101132
16,186,1.6e+08,160000186,FALSE,TRUE,FALSE,0,"X4_row",1,0.549483593473248,0.00233341719397388,0.9,0.469059597608669,0.625237601501812
16,186,1.6e+08,160000186,FALSE,FALSE,FALSE,1,"intercept",-1,-1.06496350987718,0.00696790983303662,0.9,-1.20098252653838,-0.919032636896063
16,186,1.6e+08,160000186,FALSE,FALSE,FALSE,1,"X1_groups",1,1.01001486370546,0.00303671700573049,0.9,0.926074002120496,1.10020576494285
16,186,1.6e+08,160000186,FALSE,FALSE,FALSE,1,"X2_dist",1,1.05195569022375,0.00578804812618741,0.9,0.926443253235004,1.18119546357437
16,186,1.6e+08,160000186,FALSE,FALSE,FALSE,1,"X3_norm",1,0.998375233827294,0.00372640953458043,0.9,0.899459200553296,1.10112912661179
16,186,1.6e+08,160000186,FALSE,FALSE,FALSE,1,"X4_row",1,0.938645388719728,0.00396872922348182,0.9,0.831322137167156,1.03791153354951
16,186,1.6e+08,160000186,FALSE,FALSE,FALSE,2,"intercept",-1,-1.10895534026255,0.00823491861724296,0.9,-1.26143076318557,-0.969453325141464
16,186,1.6e+08,160000186,FALSE,FALSE,FALSE,2,"X1_groups",1,1.04168515787741,0.00401192460144551,0.9,0.935133714003274,1.14731397072637
16,186,1.6e+08,160000186,FALSE,FALSE,FALSE,2,"X2_dist",1,1.09459239185588,0.00679207530020366,0.9,0.970933892785414,1.24620641480581
16,186,1.6e+08,160000186,FALSE,FALSE,FALSE,2,"X3_norm",1,1.03042933591117,0.00400656280251265,0.9,0.93451762429317,1.1334630426537
16,186,1.6e+08,160000186,FALSE,FALSE,FALSE,2,"X4_row",1,0.97152002813907,0.00486601392371855,0.9,0.872918852033298,1.09729517217282
16,186,1.6e+08,160000186,FALSE,TRUE,FALSE,1,"intercept",-1,-0.785602372167815,0.0060040453274285,0.9,-0.914553311334198,-0.656451309194009
16,186,1.6e+08,160000186,FALSE,TRUE,FALSE,1,"X1_groups",1,0.756554515847514,0.00216633224885388,0.9,0.677535573012458,0.830004279069297
16,186,1.6e+08,160000186,FALSE,TRUE,FALSE,1,"X2_dist",1,0.777508037742063,0.00480018458856579,0.9,0.67321826960044,0.898677885375134
16,186,1.6e+08,160000186,FALSE,TRUE,FALSE,1,"X3_norm",1,0.713149169575493,0.00237410929009744,0.9,0.632946550265554,0.789500621513212
16,186,1.6e+08,160000186,FALSE,TRUE,FALSE,1,"X4_row",1,0.70567999901161,0.00331742996493047,0.9,0.61792896918178,0.807245512849481
16,186,1.6e+08,160000186,FALSE,TRUE,FALSE,2,"intercept",-1,-0.97600776319939,0.00847852943769426,0.9,-1.13611923904626,-0.819853063310841
16,186,1.6e+08,160000186,FALSE,TRUE,FALSE,2,"X1_groups",1,0.936014173181107,0.00432471294598334,0.9,0.828104039837952,1.03522881759473
16,186,1.6e+08,160000186,FALSE,TRUE,FALSE,2,"X2_dist",1,0.960542804472685,0.00784851177376217,0.9,0.818378309806919,1.10436908207699
16,186,1.6e+08,160000186,FALSE,TRUE,FALSE,2,"X3_norm",1,0.866720400141348,0.00397457217134609,0.9,0.757912925489211,0.973178664474662
16,186,1.6e+08,160000186,FALSE,TRUE,FALSE,2,"X4_row",1,0.86092998707596,0.00476606815094532,0.9,0.756335612732268,0.983469512950305
16,187,1.6e+08,160000187,FALSE,FALSE,FALSE,0,"intercept",-1,-0.982578948815268,0.00646632385139298,0.9,-1.11450556600671,-0.859456180744464
16,187,1.6e+08,160000187,FALSE,FALSE,FALSE,0,"X1_groups",1,0.982230816464495,0.0028774376703572,0.9,0.891803974815167,1.07358527126406
16,187,1.6e+08,160000187,FALSE,FALSE,FALSE,0,"X2_dist",1,0.987340872843999,0.00520524932460467,0.9,0.869656877443449,1.10416005347154
16,187,1.6e+08,160000187,FALSE,FALSE,FALSE,0,"X3_norm",1,0.969164713071834,0.00321471088093466,0.9,0.874634736052824,1.05888396692746
16,187,1.6e+08,160000187,FALSE,FALSE,FALSE,0,"X4_row",1,0.907726439493008,0.00382609401644547,0.9,0.803452374224919,0.998465250876838
16,187,1.6e+08,160000187,FALSE,TRUE,FALSE,0,"intercept",-1,-0.623898208089952,0.00474859709971513,0.9,-0.738296491762278,-0.506942123966863
16,187,1.6e+08,160000187,FALSE,TRUE,FALSE,0,"X1_groups",1,0.65611896519523,0.00153497589287013,0.9,0.592522418235756,0.720855865451527
16,187,1.6e+08,160000187,FALSE,TRUE,FALSE,0,"X2_dist",1,0.638260640828946,0.00355085332103948,0.9,0.542026848092756,0.734365977021722
16,187,1.6e+08,160000187,FALSE,TRUE,FALSE,0,"X3_norm",1,0.564449061829282,0.001505997497907,0.9,0.500372277849058,0.631131400308026
16,187,1.6e+08,160000187,FALSE,TRUE,FALSE,0,"X4_row",1,0.55356089333821,0.00201586823493043,0.9,0.476644374689949,0.632589235540705
16,187,1.6e+08,160000187,FALSE,FALSE,FALSE,1,"intercept",-1,-1.01291314763051,0.00663134689623209,0.9,-1.13582924549373,-0.887996733490667
16,187,1.6e+08,160000187,FALSE,FALSE,FALSE,1,"X1_groups",1,1.01451101454339,0.00305699473094227,0.9,0.925702526089272,1.10856655114079
16,187,1.6e+08,160000187,FALSE,FALSE,FALSE,1,"X2_dist",1,1.01246498599683,0.00577743172615853,0.9,0.892376596850056,1.14036402085693
16,187,1.6e+08,160000187,FALSE,FALSE,FALSE,1,"X3_norm",1,0.999240555251511,0.00316980865826907,0.9,0.90346530195148,1.08500311262647
16,187,1.6e+08,160000187,FALSE,FALSE,FALSE,1,"X4_row",1,0.93714620825035,0.00398510330009934,0.9,0.82690506325833,1.0276049313221
16,187,1.6e+08,160000187,FALSE,FALSE,FALSE,2,"intercept",-1,-1.05270621055499,0.00760507335603383,0.9,-1.19907837920114,-0.91331293358578
16,187,1.6e+08,160000187,FALSE,FALSE,FALSE,2,"X1_groups",1,1.04905066409194,0.00396648601992932,0.9,0.946756100899826,1.15938472476562
16,187,1.6e+08,160000187,FALSE,FALSE,FALSE,2,"X2_dist",1,1.05004205997562,0.00652207242728632,0.9,0.915641923881815,1.19457648195467
16,187,1.6e+08,160000187,FALSE,FALSE,FALSE,2,"X3_norm",1,1.03119447332431,0.00399281684562118,0.9,0.930345517385177,1.13588840312059
16,187,1.6e+08,160000187,FALSE,FALSE,FALSE,2,"X4_row",1,0.969175707247961,0.00471176086132643,0.9,0.865171774032524,1.09471221671334
16,187,1.6e+08,160000187,FALSE,TRUE,FALSE,1,"intercept",-1,-0.754586456316369,0.00567919922469879,0.9,-0.877930634835778,-0.629041063273253
16,187,1.6e+08,160000187,FALSE,TRUE,FALSE,1,"X1_groups",1,0.815154597020095,0.00227438948070544,0.9,0.741335104650881,0.894088394830849
16,187,1.6e+08,160000187,FALSE,TRUE,FALSE,1,"X2_dist",1,0.761421406316456,0.00447996205813952,0.9,0.654523660058625,0.871921162798791
16,187,1.6e+08,160000187,FALSE,TRUE,FALSE,1,"X3_norm",1,0.707009825082473,0.00225668094657241,0.9,0.631539212222699,0.783526147364945
16,187,1.6e+08,160000187,FALSE,TRUE,FALSE,1,"X4_row",1,0.704131258963421,0.00305599478776451,0.9,0.610036092531515,0.793774681831731
16,187,1.6e+08,160000187,FALSE,TRUE,FALSE,2,"intercept",-1,-0.86775369906856,0.00823160988111189,0.9,-1.01773620356556,-0.718875984471684
16,187,1.6e+08,160000187,FALSE,TRUE,FALSE,2,"X1_groups",1,0.946620758978206,0.00397522558661522,0.9,0.8506689900633,1.05864626892106
16,187,1.6e+08,160000187,FALSE,TRUE,FALSE,2,"X2_dist",1,0.892674464614258,0.00670617150095862,0.9,0.766576767954138,1.02502400984886
16,187,1.6e+08,160000187,FALSE,TRUE,FALSE,2,"X3_norm",1,0.851460206155638,0.00374977143144963,0.9,0.747057075467726,0.947630311358385
16,187,1.6e+08,160000187,FALSE,TRUE,FALSE,2,"X4_row",1,0.842223954105366,0.00478848223395419,0.9,0.738241022284065,0.967467400739472
16,188,1.6e+08,160000188,FALSE,FALSE,FALSE,0,"intercept",-1,-1.01181622268654,0.00717888455572241,0.9,-1.15591168416443,-0.874251913483929
16,188,1.6e+08,160000188,FALSE,FALSE,FALSE,0,"X1_groups",1,1.02345146466579,0.00328046497712598,0.9,0.934239746387991,1.12058371435612
16,188,1.6e+08,160000188,FALSE,FALSE,FALSE,0,"X2_dist",1,0.969708165018028,0.00528490924771866,0.9,0.847750729006881,1.08574489182554
16,188,1.6e+08,160000188,FALSE,FALSE,FALSE,0,"X3_norm",1,1.08191265298045,0.00365803519658829,0.9,0.978826751571592,1.18369446107473
16,188,1.6e+08,160000188,FALSE,FALSE,FALSE,0,"X4_row",1,0.995666456488989,0.00402847212759451,0.9,0.887306702991326,1.09584706507886
16,188,1.6e+08,160000188,FALSE,TRUE,FALSE,0,"intercept",-1,-0.635838088453287,0.00449365252412949,0.9,-0.746603574674919,-0.527978080831228
16,188,1.6e+08,160000188,FALSE,TRUE,FALSE,0,"X1_groups",1,0.599232985691383,0.00143542566545875,0.9,0.535799460883591,0.664437914255687
16,188,1.6e+08,160000188,FALSE,TRUE,FALSE,0,"X2_dist",1,0.60467885458359,0.0034272814423836,0.9,0.508904532270209,0.694261146422189
16,188,1.6e+08,160000188,FALSE,TRUE,FALSE,0,"X3_norm",1,0.623487294783133,0.00167598380013554,0.9,0.552967393616836,0.692387407859282
16,188,1.6e+08,160000188,FALSE,TRUE,FALSE,0,"X4_row",1,0.564878420241786,0.00217040854429315,0.9,0.492912216459615,0.641380764109671
16,188,1.6e+08,160000188,FALSE,FALSE,FALSE,1,"intercept",-1,-1.05866840969736,0.0075696913619006,0.9,-1.20135708289938,-0.921256294146077
16,188,1.6e+08,160000188,FALSE,FALSE,FALSE,1,"X1_groups",1,1.07498348131878,0.00366800471163544,0.9,0.978964627918851,1.17182291888533
16,188,1.6e+08,160000188,FALSE,FALSE,FALSE,1,"X2_dist",1,1.01025625418044,0.00593026035476445,0.9,0.895968707879899,1.14546902188286
16,188,1.6e+08,160000188,FALSE,FALSE,FALSE,1,"X3_norm",1,1.13403413629476,0.00470075610474585,0.9,1.02505785219802,1.24296398489428
16,188,1.6e+08,160000188,FALSE,FALSE,FALSE,1,"X4_row",1,1.0513352642433,0.00474890541516859,0.9,0.943794615214244,1.1690635825478
16,188,1.6e+08,160000188,FALSE,FALSE,FALSE,2,"intercept",-1,-1.09914491639194,0.00902934807651243,0.9,-1.26781357918474,-0.951286267049175
16,188,1.6e+08,160000188,FALSE,FALSE,FALSE,2,"X1_groups",1,1.10672528288289,0.00453877653386851,0.9,0.994767201849041,1.21603144813603
16,188,1.6e+08,160000188,FALSE,FALSE,FALSE,2,"X2_dist",1,1.0469063628454,0.00753347327609178,0.9,0.909421696445182,1.19914301146186
16,188,1.6e+08,160000188,FALSE,FALSE,FALSE,2,"X3_norm",1,1.17180299102718,0.00549058972995099,0.9,1.05054657913747,1.28874628459347
16,188,1.6e+08,160000188,FALSE,FALSE,FALSE,2,"X4_row",1,1.08654055826394,0.00563974031235739,0.9,0.970034238558665,1.20950455363031
16,188,1.6e+08,160000188,FALSE,TRUE,FALSE,1,"intercept",-1,-0.778160832070458,0.00542531688373527,0.9,-0.899732447857888,-0.659039725058112
16,188,1.6e+08,160000188,FALSE,TRUE,FALSE,1,"X1_groups",1,0.765580888095253,0.00219583276942829,0.9,0.695082699636514,0.843687858547388
16,188,1.6e+08,160000188,FALSE,TRUE,FALSE,1,"X2_dist",1,0.765750886028695,0.00443249734575672,0.9,0.662053486982026,0.878015509622566
16,188,1.6e+08,160000188,FALSE,TRUE,FALSE,1,"X3_norm",1,0.791425223458246,0.00252142920169991,0.9,0.709332517675366,0.874583883317921
16,188,1.6e+08,160000188,FALSE,TRUE,FALSE,1,"X4_row",1,0.741906520356224,0.00346204923185761,0.9,0.654548936239074,0.839868356461977
16,188,1.6e+08,160000188,FALSE,TRUE,FALSE,2,"intercept",-1,-1.01096503860161,0.00966809042962252,0.9,-1.17498901529563,-0.861493448641789
16,188,1.6e+08,160000188,FALSE,TRUE,FALSE,2,"X1_groups",1,1.00341932911732,0.00495491707776159,0.9,0.892539897203138,1.12072798769185
16,188,1.6e+08,160000188,FALSE,TRUE,FALSE,2,"X2_dist",1,1.01061660492746,0.00764159708997562,0.9,0.872794701502319,1.15721874732613
16,188,1.6e+08,160000188,FALSE,TRUE,FALSE,2,"X3_norm",1,1.05478031736365,0.00517378807788119,0.9,0.94641194504317,1.18101704658231
16,188,1.6e+08,160000188,FALSE,TRUE,FALSE,2,"X4_row",1,0.978620192077688,0.00510547114850965,0.9,0.867721654352162,1.09870076469705
16,189,1.6e+08,160000189,FALSE,FALSE,FALSE,0,"intercept",-1,-1.0675760073784,0.00772488474837555,0.9,-1.21340523373785,-0.926215671904933
16,189,1.6e+08,160000189,FALSE,FALSE,FALSE,0,"X1_groups",1,1.08808889880376,0.00340237766736375,0.9,1.00361430612314,1.19183945960683
16,189,1.6e+08,160000189,FALSE,FALSE,FALSE,0,"X2_dist",1,1.05454761799918,0.00578599922900035,0.9,0.925752554791258,1.17299196681007
16,189,1.6e+08,160000189,FALSE,FALSE,FALSE,0,"X3_norm",1,1.00711325776264,0.00326695577129279,0.9,0.922808794839786,1.10299384142681
16,189,1.6e+08,160000189,FALSE,FALSE,FALSE,0,"X4_row",1,0.965351035980265,0.00424047742545492,0.9,0.854846799922146,1.06637908031453
16,189,1.6e+08,160000189,FALSE,TRUE,FALSE,0,"intercept",-1,-0.689055295944899,0.00461699090242137,0.9,-0.80569505639987,-0.573529390955877
16,189,1.6e+08,160000189,FALSE,TRUE,FALSE,0,"X1_groups",1,0.652069893604414,0.00163787899759073,0.9,0.58272639212736,0.718160243972389
16,189,1.6e+08,160000189,FALSE,TRUE,FALSE,0,"X2_dist",1,0.659471176544871,0.0033778080657972,0.9,0.568176340736405,0.74997979729275
16,189,1.6e+08,160000189,FALSE,TRUE,FALSE,0,"X3_norm",1,0.720524930320302,0.00196427946936704,0.9,0.653681956335951,0.786980603911194
16,189,1.6e+08,160000189,FALSE,TRUE,FALSE,0,"X4_row",1,0.635400772757265,0.00257776873957064,0.9,0.553483209021483,0.719326681553492
16,189,1.6e+08,160000189,FALSE,FALSE,FALSE,1,"intercept",-1,-1.10520974054234,0.00839083884246524,0.9,-1.25597996844818,-0.949920474587223
16,189,1.6e+08,160000189,FALSE,FALSE,FALSE,1,"X1_groups",1,1.12480552472801,0.00365639891746002,0.9,1.03203072457693,1.22510941544177
16,189,1.6e+08,160000189,FALSE,FALSE,FALSE,1,"X2_dist",1,1.08731324491834,0.00633160543240514,0.9,0.966578466844168,1.22397222772404
16,189,1.6e+08,160000189,FALSE,FALSE,FALSE,1,"X3_norm",1,1.03994353694585,0.0037367216916412,0.9,0.942712465893658,1.14279044954271
16,189,1.6e+08,160000189,FALSE,FALSE,FALSE,1,"X4_row",1,0.999107312081169,0.00466253252405771,0.9,0.887475796992388,1.10912635886839
16,189,1.6e+08,160000189,FALSE,FALSE,FALSE,2,"intercept",-1,-1.15241957182857,0.00822440249845397,0.9,-1.29742449951266,-1.00299059108287
16,189,1.6e+08,160000189,FALSE,FALSE,FALSE,2,"X1_groups",1,1.1606747747016,0.00466687428688687,0.9,1.05357034560014,1.27682589952187
16,189,1.6e+08,160000189,FALSE,FALSE,FALSE,2,"X2_dist",1,1.13315951096837,0.00760399371522807,0.9,1.00025931987421,1.27281109145261
16,189,1.6e+08,160000189,FALSE,FALSE,FALSE,2,"X3_norm",1,1.08224685144728,0.00457085884973684,0.9,0.973862416358538,1.19613414681523
16,189,1.6e+08,160000189,FALSE,FALSE,FALSE,2,"X4_row",1,1.0365834240666,0.0052569873305713,0.9,0.922283756616385,1.1633163375202
16,189,1.6e+08,160000189,FALSE,TRUE,FALSE,1,"intercept",-1,-0.844969784139223,0.00632741344657948,0.9,-0.970347970213834,-0.717644972125779
16,189,1.6e+08,160000189,FALSE,TRUE,FALSE,1,"X1_groups",1,0.836130198576419,0.00270974962731216,0.9,0.74448291552485,0.921527484174346
16,189,1.6e+08,160000189,FALSE,TRUE,FALSE,1,"X2_dist",1,0.803932972584987,0.00478794792183944,0.9,0.688018591902631,0.913246513815122
16,189,1.6e+08,160000189,FALSE,TRUE,FALSE,1,"X3_norm",1,0.903255564928421,0.00314515419162448,0.9,0.808055498387283,0.993507496782109
16,189,1.6e+08,160000189,FALSE,TRUE,FALSE,1,"X4_row",1,0.838188376012966,0.00407832258185452,0.9,0.736959241871961,0.942773503582248
16,189,1.6e+08,160000189,FALSE,TRUE,FALSE,2,"intercept",-1,-1.02712187160734,0.00946976472812294,0.9,-1.1890526147851,-0.870063837925004
16,189,1.6e+08,160000189,FALSE,TRUE,FALSE,2,"X1_groups",1,1.02501185269013,0.00428528818270641,0.9,0.920405132449581,1.12960579056024
16,189,1.6e+08,160000189,FALSE,TRUE,FALSE,2,"X2_dist",1,0.979408614105591,0.00736603552848772,0.9,0.8569982554137,1.13053560313714
16,189,1.6e+08,160000189,FALSE,TRUE,FALSE,2,"X3_norm",1,1.1240327800617,0.00510774415360597,0.9,0.997558666636445,1.23628211970847
16,189,1.6e+08,160000189,FALSE,TRUE,FALSE,2,"X4_row",1,1.05393180272203,0.00676162273174836,0.9,0.930292516979626,1.18821886540372
16,190,1.6e+08,160000190,FALSE,FALSE,FALSE,0,"intercept",-1,-0.913613098875145,0.00722527112610578,0.9,-1.05947665598744,-0.769411724101007
16,190,1.6e+08,160000190,FALSE,FALSE,FALSE,0,"X1_groups",1,1.03162805075558,0.00323848190841547,0.9,0.942082386738164,1.13217658623889
16,190,1.6e+08,160000190,FALSE,FALSE,FALSE,0,"X2_dist",1,1.02195393760659,0.00576900690933931,0.9,0.888853957980863,1.13877187373489
16,190,1.6e+08,160000190,FALSE,FALSE,FALSE,0,"X3_norm",1,1.01531176184452,0.00331428961585354,0.9,0.920235101005638,1.10921158397589
16,190,1.6e+08,160000190,FALSE,FALSE,FALSE,0,"X4_row",1,1.17176558857174,0.0048208590059705,0.9,1.05438106329771,1.28688619306454
16,190,1.6e+08,160000190,FALSE,TRUE,FALSE,0,"intercept",-1,-0.705519156741419,0.00453932133720083,0.9,-0.819873121887494,-0.604990315784397
16,190,1.6e+08,160000190,FALSE,TRUE,FALSE,0,"X1_groups",1,0.571414582474627,0.0015439864804481,0.9,0.50697760458001,0.637016336255442
16,190,1.6e+08,160000190,FALSE,TRUE,FALSE,0,"X2_dist",1,0.697718112441781,0.00327199037114612,0.9,0.603989522021587,0.787070604445883
16,190,1.6e+08,160000190,FALSE,TRUE,FALSE,0,"X3_norm",1,0.629729324577268,0.00185975224440036,0.9,0.553689716197791,0.704444437398088
16,190,1.6e+08,160000190,FALSE,TRUE,FALSE,0,"X4_row",1,0.639582902447789,0.0024353453141282,0.9,0.556383476477216,0.719659358838485
16,190,1.6e+08,160000190,FALSE,FALSE,FALSE,1,"intercept",-1,-0.946926494835886,0.00713501926226508,0.9,-1.0783040897932,-0.812175570273565
16,190,1.6e+08,160000190,FALSE,FALSE,FALSE,1,"X1_groups",1,1.07180957302798,0.0033692766939611,0.9,0.981778322775921,1.17135368272505
16,190,1.6e+08,160000190,FALSE,FALSE,FALSE,1,"X2_dist",1,1.05309181771263,0.00633392219741795,0.9,0.92318852470385,1.18348555739473
16,190,1.6e+08,160000190,FALSE,FALSE,FALSE,1,"X3_norm",1,1.05056116644397,0.00423316010757647,0.9,0.943812812037811,1.1564103562329
16,190,1.6e+08,160000190,FALSE,FALSE,FALSE,1,"X4_row",1,1.21159580982947,0.00562545296824152,0.9,1.08976284617019,1.3379350218608
16,190,1.6e+08,160000190,FALSE,FALSE,FALSE,2,"intercept",-1,-0.985969207834005,0.0087414190530616,0.9,-1.14431589287976,-0.827175419139728
16,190,1.6e+08,160000190,FALSE,FALSE,FALSE,2,"X1_groups",1,1.1087727347045,0.00479317825627472,0.9,1.00436009614921,1.22359045337231
16,190,1.6e+08,160000190,FALSE,FALSE,FALSE,2,"X2_dist",1,1.09370192745633,0.00849411290688448,0.9,0.948566059216873,1.24540843312159
16,190,1.6e+08,160000190,FALSE,FALSE,FALSE,2,"X3_norm",1,1.08837020741855,0.00467356568070723,0.9,0.981869223781805,1.20463386922375
16,190,1.6e+08,160000190,FALSE,FALSE,FALSE,2,"X4_row",1,1.2606863436422,0.00701777372900079,0.9,1.13360893006559,1.40400399643418
16,190,1.6e+08,160000190,FALSE,TRUE,FALSE,1,"intercept",-1,-0.854200309431355,0.00592394783755038,0.9,-0.976513965704247,-0.724179939355022
16,190,1.6e+08,160000190,FALSE,TRUE,FALSE,1,"X1_groups",1,0.7225389726545,0.00262675762729084,0.9,0.643061502148801,0.802261020981059
16,190,1.6e+08,160000190,FALSE,TRUE,FALSE,1,"X2_dist",1,0.860926796855848,0.00480587841583754,0.9,0.751838467233806,0.978056808282652
16,190,1.6e+08,160000190,FALSE,TRUE,FALSE,1,"X3_norm",1,0.775439560616836,0.00276765347094722,0.9,0.692815765260547,0.861802071063444
16,190,1.6e+08,160000190,FALSE,TRUE,FALSE,1,"X4_row",1,0.814589656264688,0.00354264278237575,0.9,0.708576870004714,0.899021177234033
16,190,1.6e+08,160000190,FALSE,TRUE,FALSE,2,"intercept",-1,-1.13582400783784,0.0110076872830294,0.9,-1.30931389160051,-0.973761524352427
16,190,1.6e+08,160000190,FALSE,TRUE,FALSE,2,"X1_groups",1,0.958908415541804,0.00539528486756064,0.9,0.840209011468117,1.09804428719085
16,190,1.6e+08,160000190,FALSE,TRUE,FALSE,2,"X2_dist",1,1.16529297698531,0.00967093157175054,0.9,1.0114526479976,1.32437622409038
16,190,1.6e+08,160000190,FALSE,TRUE,FALSE,2,"X3_norm",1,0.99783507754169,0.00518931629229543,0.9,0.882059339035381,1.11532562302309
16,190,1.6e+08,160000190,FALSE,TRUE,FALSE,2,"X4_row",1,1.05020642535458,0.00621318531137434,0.9,0.91976881839855,1.19539721773629
16,191,1.6e+08,160000191,FALSE,FALSE,FALSE,0,"intercept",-1,-0.995182473293689,0.00773909982239344,0.9,-1.14444242967816,-0.849912156318549
16,191,1.6e+08,160000191,FALSE,FALSE,FALSE,0,"X1_groups",1,0.976475610579162,0.00320129692334284,0.9,0.887210102633526,1.07165918473778
16,191,1.6e+08,160000191,FALSE,FALSE,FALSE,0,"X2_dist",1,1.00909928201109,0.00604650851056831,0.9,0.883536551600487,1.14088819381091
16,191,1.6e+08,160000191,FALSE,FALSE,FALSE,0,"X3_norm",1,1.06800162112928,0.00392732136420361,0.9,0.975111230288432,1.17717871268795
16,191,1.6e+08,160000191,FALSE,FALSE,FALSE,0,"X4_row",1,1.02824020269415,0.00452561426123464,0.9,0.901040846817813,1.13467988373312
16,191,1.6e+08,160000191,FALSE,TRUE,FALSE,0,"intercept",-1,-0.646867644794874,0.00452377648684042,0.9,-0.757000414436112,-0.535668693850579
16,191,1.6e+08,160000191,FALSE,TRUE,FALSE,0,"X1_groups",1,0.588485368586466,0.0014390298889017,0.9,0.531036444010638,0.65627220782604
16,191,1.6e+08,160000191,FALSE,TRUE,FALSE,0,"X2_dist",1,0.594562228217818,0.00336639974175167,0.9,0.502847816984161,0.689307539759028
16,191,1.6e+08,160000191,FALSE,TRUE,FALSE,0,"X3_norm",1,0.634293319670128,0.00181338531497554,0.9,0.564351686884743,0.708985439689069
16,191,1.6e+08,160000191,FALSE,TRUE,FALSE,0,"X4_row",1,0.62775998880909,0.00236939689115986,0.9,0.542902292406273,0.709435286086011
16,191,1.6e+08,160000191,FALSE,FALSE,FALSE,1,"intercept",-1,-1.03392867900741,0.00773578928822199,0.9,-1.18123562284208,-0.886968010082116
16,191,1.6e+08,160000191,FALSE,FALSE,FALSE,1,"X1_groups",1,1.02285978586913,0.00339713381418312,0.9,0.934242687601358,1.11418579882624
16,191,1.6e+08,160000191,FALSE,FALSE,FALSE,1,"X2_dist",1,1.0462521317132,0.00673214068828595,0.9,0.918472681376909,1.18302712166991
16,191,1.6e+08,160000191,FALSE,FALSE,FALSE,1,"X3_norm",1,1.11333919883244,0.00406539485308167,0.9,1.00643308634883,1.22064804264547
16,191,1.6e+08,160000191,FALSE,FALSE,FALSE,1,"X4_row",1,1.07989304480321,0.00454098842919285,0.9,0.968854809638191,1.19656574453074
16,191,1.6e+08,160000191,FALSE,FALSE,FALSE,2,"intercept",-1,-1.07136565754293,0.00853688333534341,0.9,-1.22414161111887,-0.929445535337934
16,191,1.6e+08,160000191,FALSE,FALSE,FALSE,2,"X1_groups",1,1.0530377233351,0.00416433873451714,0.9,0.951798922687651,1.15990539474315
16,191,1.6e+08,160000191,FALSE,FALSE,FALSE,2,"X2_dist",1,1.08223281540618,0.00740840159346697,0.9,0.941423912785092,1.22445489361372
16,191,1.6e+08,160000191,FALSE,FALSE,FALSE,2,"X3_norm",1,1.15375302476617,0.00516261949929028,0.9,1.03673019621103,1.27979997774279
16,191,1.6e+08,160000191,FALSE,FALSE,FALSE,2,"X4_row",1,1.11436486507516,0.00597652041489204,0.9,0.984970258924,1.24524744459859
16,191,1.6e+08,160000191,FALSE,TRUE,FALSE,1,"intercept",-1,-0.821626913747271,0.006029304828728,0.9,-0.952976030589431,-0.699054777274745
16,191,1.6e+08,160000191,FALSE,TRUE,FALSE,1,"X1_groups",1,0.773283494462963,0.00225098487365015,0.9,0.690236548604318,0.848674543078639
16,191,1.6e+08,160000191,FALSE,TRUE,FALSE,1,"X2_dist",1,0.772405270657914,0.00448846155614873,0.9,0.661124054641865,0.885164161152025
16,191,1.6e+08,160000191,FALSE,TRUE,FALSE,1,"X3_norm",1,0.845723725222559,0.00301610708524049,0.9,0.753365043294297,0.941384882089778
16,191,1.6e+08,160000191,FALSE,TRUE,FALSE,1,"X4_row",1,0.849567257259707,0.00386281421937693,0.9,0.747942948030346,0.957300941335312
16,191,1.6e+08,160000191,FALSE,TRUE,FALSE,2,"intercept",-1,-0.97119371073043,0.00971026006744121,0.9,-1.14334407477456,-0.812258025204717
16,191,1.6e+08,160000191,FALSE,TRUE,FALSE,2,"X1_groups",1,0.945413429697516,0.00446967146480911,0.9,0.838770363358511,1.04852558208973
16,191,1.6e+08,160000191,FALSE,TRUE,FALSE,2,"X2_dist",1,0.927959549497526,0.00774246622561942,0.9,0.78903480843643,1.08215522362791
16,191,1.6e+08,160000191,FALSE,TRUE,FALSE,2,"X3_norm",1,1.00915844939559,0.00420203524288935,0.9,0.908734501190025,1.1198208125991
16,191,1.6e+08,160000191,FALSE,TRUE,FALSE,2,"X4_row",1,1.01516540695535,0.00507243147663795,0.9,0.897605112880832,1.13889410516655
16,192,1.6e+08,160000192,FALSE,FALSE,FALSE,0,"intercept",-1,-1.11103620796845,0.00792490384996133,0.9,-1.25220589418896,-0.969000445671542
16,192,1.6e+08,160000192,FALSE,FALSE,FALSE,0,"X1_groups",1,1.073366130009,0.00341677552219377,0.9,0.978652373495943,1.17429748112821
16,192,1.6e+08,160000192,FALSE,FALSE,FALSE,0,"X2_dist",1,1.09522795888626,0.00660990752395559,0.9,0.964597259139108,1.22775064823727
16,192,1.6e+08,160000192,FALSE,FALSE,FALSE,0,"X3_norm",1,1.01656869158209,0.00370148327102263,0.9,0.918662362861902,1.12830954903805
16,192,1.6e+08,160000192,FALSE,FALSE,FALSE,0,"X4_row",1,1.04748245682872,0.00487968786625701,0.9,0.930669082827942,1.15755997737063
16,192,1.6e+08,160000192,FALSE,TRUE,FALSE,0,"intercept",-1,-0.662638414146604,0.00495180494600943,0.9,-0.779851288137347,-0.549223557967957
16,192,1.6e+08,160000192,FALSE,TRUE,FALSE,0,"X1_groups",1,0.602379973950131,0.00153768208472469,0.9,0.537715899919332,0.666589684444181
16,192,1.6e+08,160000192,FALSE,TRUE,FALSE,0,"X2_dist",1,0.646170171658256,0.00389729350849438,0.9,0.545979672610298,0.750934047801308
16,192,1.6e+08,160000192,FALSE,TRUE,FALSE,0,"X3_norm",1,0.599148657953123,0.00149234495031704,0.9,0.537434404983008,0.660333418231289
16,192,1.6e+08,160000192,FALSE,TRUE,FALSE,0,"X4_row",1,0.535596348958166,0.00207072635930545,0.9,0.459015924603318,0.60761602964255
16,192,1.6e+08,160000192,FALSE,FALSE,FALSE,1,"intercept",-1,-1.15345405100762,0.00765969752826022,0.9,-1.29505124174973,-1.00934511982775
16,192,1.6e+08,160000192,FALSE,FALSE,FALSE,1,"X1_groups",1,1.11747511236896,0.00370970986888928,0.9,1.02151968150134,1.21479783857424
16,192,1.6e+08,160000192,FALSE,FALSE,FALSE,1,"X2_dist",1,1.13274442423008,0.00669912361529637,0.9,1.00746066260631,1.27497166874336
16,192,1.6e+08,160000192,FALSE,FALSE,FALSE,1,"X3_norm",1,1.04861860028678,0.00379771845449957,0.9,0.950451003996932,1.15298330323159
16,192,1.6e+08,160000192,FALSE,FALSE,FALSE,1,"X4_row",1,1.08708807881517,0.00522404151794573,0.9,0.97293851828545,1.20362053752738
16,192,1.6e+08,160000192,FALSE,FALSE,FALSE,2,"intercept",-1,-1.2012671071531,0.00919876131579913,0.9,-1.37504578741939,-1.04130903238019
16,192,1.6e+08,160000192,FALSE,FALSE,FALSE,2,"X1_groups",1,1.15826829641093,0.00500684704005092,0.9,1.0485548444887,1.28243453185063
16,192,1.6e+08,160000192,FALSE,FALSE,FALSE,2,"X2_dist",1,1.1791689649004,0.00846437474749836,0.9,1.029447123513,1.34040660634155
16,192,1.6e+08,160000192,FALSE,FALSE,FALSE,2,"X3_norm",1,1.08690853956635,0.00542438416504507,0.9,0.964844613301831,1.21472605218329
16,192,1.6e+08,160000192,FALSE,FALSE,FALSE,2,"X4_row",1,1.13470785401879,0.00620014396154493,0.9,1.01273855584118,1.25964411090432
16,192,1.6e+08,160000192,FALSE,TRUE,FALSE,1,"intercept",-1,-0.807964547174246,0.00563631798461151,0.9,-0.932431016029742,-0.685996684615434
16,192,1.6e+08,160000192,FALSE,TRUE,FALSE,1,"X1_groups",1,0.758799324001863,0.00222898269525463,0.9,0.679802072975241,0.832125253812846
16,192,1.6e+08,160000192,FALSE,TRUE,FALSE,1,"X2_dist",1,0.780688810500599,0.0045497473850398,0.9,0.675852655854997,0.895876043989851
16,192,1.6e+08,160000192,FALSE,TRUE,FALSE,1,"X3_norm",1,0.747992621499108,0.0023153731535835,0.9,0.668576754316585,0.819712934488927
16,192,1.6e+08,160000192,FALSE,TRUE,FALSE,1,"X4_row",1,0.684539932260364,0.00311450989941484,0.9,0.596148833375977,0.769857881862292
16,192,1.6e+08,160000192,FALSE,TRUE,FALSE,2,"intercept",-1,-1.02892759159082,0.00859853102859923,0.9,-1.18060994135423,-0.88057065364543
16,192,1.6e+08,160000192,FALSE,TRUE,FALSE,2,"X1_groups",1,0.961266958720628,0.00436191450296479,0.9,0.863354399377965,1.08172005222132
16,192,1.6e+08,160000192,FALSE,TRUE,FALSE,2,"X2_dist",1,1.00006559217055,0.00713923523708897,0.9,0.8626390598556,1.14666408517395
16,192,1.6e+08,160000192,FALSE,TRUE,FALSE,2,"X3_norm",1,0.922888682366169,0.00405877676523285,0.9,0.816420101287955,1.02770588488397
16,192,1.6e+08,160000192,FALSE,TRUE,FALSE,2,"X4_row",1,0.886640327715778,0.00505199858571175,0.9,0.77110663656018,1.00931845527531
16,193,1.6e+08,160000193,FALSE,FALSE,FALSE,0,"intercept",-1,-0.972685014888971,0.0068767071225321,0.9,-1.1198661266676,-0.845560897058471
16,193,1.6e+08,160000193,FALSE,FALSE,FALSE,0,"X1_groups",1,0.951880869878101,0.0026382438369229,0.9,0.871383421704912,1.04225636123572
16,193,1.6e+08,160000193,FALSE,FALSE,FALSE,0,"X2_dist",1,0.942134834232495,0.00531187017541003,0.9,0.820870259438016,1.05597695660501
16,193,1.6e+08,160000193,FALSE,FALSE,FALSE,0,"X3_norm",1,0.962024340776406,0.00286578970701703,0.9,0.868325684630521,1.04623560803642
16,193,1.6e+08,160000193,FALSE,FALSE,FALSE,0,"X4_row",1,0.89567471965631,0.00377879773363614,0.9,0.790971670182216,0.998789739932341
16,193,1.6e+08,160000193,FALSE,TRUE,FALSE,0,"intercept",-1,-0.591831568985769,0.00455465061143935,0.9,-0.707747908619059,-0.490159584364856
16,193,1.6e+08,160000193,FALSE,TRUE,FALSE,0,"X1_groups",1,0.58764323740124,0.00152224617319857,0.9,0.528808887319144,0.65405355207568
16,193,1.6e+08,160000193,FALSE,TRUE,FALSE,0,"X2_dist",1,0.595043930643057,0.0036113429366834,0.9,0.504683830903149,0.697860665968573
16,193,1.6e+08,160000193,FALSE,TRUE,FALSE,0,"X3_norm",1,0.630150096930991,0.00166719877456858,0.9,0.565527047046159,0.697534098681312
16,193,1.6e+08,160000193,FALSE,TRUE,FALSE,0,"X4_row",1,0.586572820597061,0.0020110020689091,0.9,0.518994191616307,0.662695026255581
16,193,1.6e+08,160000193,FALSE,FALSE,FALSE,1,"intercept",-1,-1.03448617149899,0.008326458247953,0.9,-1.18555202308032,-0.882690330577096
16,193,1.6e+08,160000193,FALSE,FALSE,FALSE,1,"X1_groups",1,1.01845599681561,0.00407779896788455,0.9,0.916125310498827,1.12538395246231
16,193,1.6e+08,160000193,FALSE,FALSE,FALSE,1,"X2_dist",1,0.9919669164689,0.00639436910477262,0.9,0.859688817048072,1.12940256233981
16,193,1.6e+08,160000193,FALSE,FALSE,FALSE,1,"X3_norm",1,1.02789441944307,0.00410342283006084,0.9,0.929967361403553,1.13378074537899
16,193,1.6e+08,160000193,FALSE,FALSE,FALSE,1,"X4_row",1,0.95296898920363,0.0048961469061121,0.9,0.842058484433329,1.07107246519108
16,193,1.6e+08,160000193,FALSE,FALSE,FALSE,2,"intercept",-1,-1.08076131856002,0.00832445759815609,0.9,-1.2247869634743,-0.936363272984775
16,193,1.6e+08,160000193,FALSE,FALSE,FALSE,2,"X1_groups",1,1.05289926974689,0.00405654900887671,0.9,0.950298128256085,1.16195619699547
16,193,1.6e+08,160000193,FALSE,FALSE,FALSE,2,"X2_dist",1,1.03326027337175,0.00724109203205977,0.9,0.900809675178441,1.18245552159454
16,193,1.6e+08,160000193,FALSE,FALSE,FALSE,2,"X3_norm",1,1.06300517525851,0.00472485723606405,0.9,0.952720949134931,1.18414014584172
16,193,1.6e+08,160000193,FALSE,FALSE,FALSE,2,"X4_row",1,0.987925621809433,0.00540294509155536,0.9,0.87432278308351,1.10771851766663
16,193,1.6e+08,160000193,FALSE,TRUE,FALSE,1,"intercept",-1,-0.731477191912104,0.00561134513361829,0.9,-0.853660072406622,-0.61507923353609
16,193,1.6e+08,160000193,FALSE,TRUE,FALSE,1,"X1_groups",1,0.754473513018704,0.00237280545785525,0.9,0.673154358181524,0.828812052690272
16,193,1.6e+08,160000193,FALSE,TRUE,FALSE,1,"X2_dist",1,0.726467261971828,0.004914894696148,0.9,0.610812178672982,0.840188311485913
16,193,1.6e+08,160000193,FALSE,TRUE,FALSE,1,"X3_norm",1,0.791416677147305,0.00274262535553854,0.9,0.701750127099555,0.877672558313413
16,193,1.6e+08,160000193,FALSE,TRUE,FALSE,1,"X4_row",1,0.76519894534656,0.00340079715195246,0.9,0.67250912880726,0.860437189372551
16,193,1.6e+08,160000193,FALSE,TRUE,FALSE,2,"intercept",-1,-0.869725410789006,0.00778531682766959,0.9,-1.01911554070929,-0.722675893474813
16,193,1.6e+08,160000193,FALSE,TRUE,FALSE,2,"X1_groups",1,0.859461246182553,0.00402184260380254,0.9,0.756077512758439,0.963684320544189
16,193,1.6e+08,160000193,FALSE,TRUE,FALSE,2,"X2_dist",1,0.884077443353341,0.0069289746036644,0.9,0.757526882267576,1.02367338189077
16,193,1.6e+08,160000193,FALSE,TRUE,FALSE,2,"X3_norm",1,0.920254435266923,0.00451648345689109,0.9,0.814512979528017,1.02912992741457
16,193,1.6e+08,160000193,FALSE,TRUE,FALSE,2,"X4_row",1,0.912399171649219,0.0049087650572341,0.9,0.803277323774301,1.03211309653356
16,194,1.6e+08,160000194,FALSE,FALSE,FALSE,0,"intercept",-1,-1.00937398992866,0.0071778252322169,0.9,-1.14812500529255,-0.865517254776247
16,194,1.6e+08,160000194,FALSE,FALSE,FALSE,0,"X1_groups",1,0.94032367793635,0.00286255067714843,0.9,0.846898702505339,1.02362561896581
16,194,1.6e+08,160000194,FALSE,FALSE,FALSE,0,"X2_dist",1,1.01419459271838,0.00557942285765631,0.9,0.892699410433488,1.13623808103571
16,194,1.6e+08,160000194,FALSE,FALSE,FALSE,0,"X3_norm",1,0.893829371075447,0.00277273960397822,0.9,0.810938318098717,0.979782442613765
16,194,1.6e+08,160000194,FALSE,FALSE,FALSE,0,"X4_row",1,0.961066348714478,0.00398515011884119,0.9,0.856471088059476,1.05731059560314
16,194,1.6e+08,160000194,FALSE,TRUE,FALSE,0,"intercept",-1,-0.640392400419234,0.00427650579800287,0.9,-0.744835530791071,-0.530701019906617
16,194,1.6e+08,160000194,FALSE,TRUE,FALSE,0,"X1_groups",1,0.592144240872701,0.00152310019591909,0.9,0.529916381633408,0.652893248518062
16,194,1.6e+08,160000194,FALSE,TRUE,FALSE,0,"X2_dist",1,0.644679635651102,0.00307500568385901,0.9,0.557066162196875,0.733202245218939
16,194,1.6e+08,160000194,FALSE,TRUE,FALSE,0,"X3_norm",1,0.592823226203559,0.00169580308695261,0.9,0.530628350696633,0.666987826163633
16,194,1.6e+08,160000194,FALSE,TRUE,FALSE,0,"X4_row",1,0.594095920302028,0.0023590127166114,0.9,0.513581026272368,0.673065494916156
16,194,1.6e+08,160000194,FALSE,FALSE,FALSE,1,"intercept",-1,-1.04754196126871,0.00697675529348073,0.9,-1.18736324747527,-0.917086469618985
16,194,1.6e+08,160000194,FALSE,FALSE,FALSE,1,"X1_groups",1,0.978156567927252,0.00316686208539081,0.9,0.891501785006287,1.06715050678997
16,194,1.6e+08,160000194,FALSE,FALSE,FALSE,1,"X2_dist",1,1.04578152597941,0.00548836560930094,0.9,0.922868335807866,1.17336228937139
16,194,1.6e+08,160000194,FALSE,FALSE,FALSE,1,"X3_norm",1,0.921539833909115,0.0034018728361423,0.9,0.823076934269462,1.01843870855996
16,194,1.6e+08,160000194,FALSE,FALSE,FALSE,1,"X4_row",1,0.991550516922825,0.00385036587358137,0.9,0.887676877748687,1.09899442206045
16,194,1.6e+08,160000194,FALSE,FALSE,FALSE,2,"intercept",-1,-1.08250371770576,0.00751833550319435,0.9,-1.23422181023574,-0.937364873827046
16,194,1.6e+08,160000194,FALSE,FALSE,FALSE,2,"X1_groups",1,1.000834684319,0.00388194368053114,0.9,0.906019115546187,1.10468273327334
16,194,1.6e+08,160000194,FALSE,FALSE,FALSE,2,"X2_dist",1,1.07975138589051,0.00639464758413895,0.9,0.945688594904638,1.21591559844877
16,194,1.6e+08,160000194,FALSE,FALSE,FALSE,2,"X3_norm",1,0.944965244006957,0.00321677267915455,0.9,0.850573767624896,1.03999513954154
16,194,1.6e+08,160000194,FALSE,FALSE,FALSE,2,"X4_row",1,1.01673356279205,0.00470346514015274,0.9,0.904289438500364,1.13556120825964
16,194,1.6e+08,160000194,FALSE,TRUE,FALSE,1,"intercept",-1,-0.785117982597383,0.00616602290730352,0.9,-0.906504426116621,-0.654258450380905
16,194,1.6e+08,160000194,FALSE,TRUE,FALSE,1,"X1_groups",1,0.749843543363253,0.00226666241707445,0.9,0.673660885152925,0.826505198829174
16,194,1.6e+08,160000194,FALSE,TRUE,FALSE,1,"X2_dist",1,0.805067449717448,0.005397872682387,0.9,0.687467857582206,0.929668217369872
16,194,1.6e+08,160000194,FALSE,TRUE,FALSE,1,"X3_norm",1,0.735019688181606,0.0023378994238294,0.9,0.660845165513432,0.813439711164917
16,194,1.6e+08,160000194,FALSE,TRUE,FALSE,1,"X4_row",1,0.76770336734616,0.00317567918407829,0.9,0.672038755002168,0.865706221479459
16,194,1.6e+08,160000194,FALSE,TRUE,FALSE,2,"intercept",-1,-0.968845907008204,0.00877073927673779,0.9,-1.13578589546081,-0.824566072353527
16,194,1.6e+08,160000194,FALSE,TRUE,FALSE,2,"X1_groups",1,0.886986964061899,0.00426532153384549,0.9,0.791010456419892,0.996916275800131
16,194,1.6e+08,160000194,FALSE,TRUE,FALSE,2,"X2_dist",1,1.00270909438496,0.0079459933937258,0.9,0.867715085652016,1.15976151553134
16,194,1.6e+08,160000194,FALSE,TRUE,FALSE,2,"X3_norm",1,0.898134653430115,0.00380218354391572,0.9,0.805848917069127,1.01035159873366
16,194,1.6e+08,160000194,FALSE,TRUE,FALSE,2,"X4_row",1,0.952922031148637,0.00530297006605121,0.9,0.847779642368843,1.07851148712497
16,195,1.6e+08,160000195,FALSE,FALSE,FALSE,0,"intercept",-1,-0.923650920432012,0.00753867276045211,0.9,-1.06805821942676,-0.782806539069709
16,195,1.6e+08,160000195,FALSE,FALSE,FALSE,0,"X1_groups",1,1.0244338348244,0.00290466688959387,0.9,0.938185542547321,1.11613012021872
16,195,1.6e+08,160000195,FALSE,FALSE,FALSE,0,"X2_dist",1,0.88627080131729,0.00555555657347924,0.9,0.765823841537793,1.01692054840933
16,195,1.6e+08,160000195,FALSE,FALSE,FALSE,0,"X3_norm",1,1.02734288087771,0.00363495985524274,0.9,0.93198476676695,1.12050893040002
16,195,1.6e+08,160000195,FALSE,FALSE,FALSE,0,"X4_row",1,1.02883851588941,0.00440332197874364,0.9,0.920396609043593,1.14037264745337
16,195,1.6e+08,160000195,FALSE,TRUE,FALSE,0,"intercept",-1,-0.696669581393335,0.00457360400695879,0.9,-0.810931038409171,-0.581792463887184
16,195,1.6e+08,160000195,FALSE,TRUE,FALSE,0,"X1_groups",1,0.626609035617406,0.00144577197498099,0.9,0.562489817084655,0.689865068659262
16,195,1.6e+08,160000195,FALSE,TRUE,FALSE,0,"X2_dist",1,0.681899003016042,0.00345164723936729,0.9,0.580482653741075,0.770981716097987
16,195,1.6e+08,160000195,FALSE,TRUE,FALSE,0,"X3_norm",1,0.641723748261276,0.00152183043501072,0.9,0.579818255223298,0.705443821510772
16,195,1.6e+08,160000195,FALSE,TRUE,FALSE,0,"X4_row",1,0.609875788043558,0.00250717006701117,0.9,0.528440048263264,0.695120313922843
16,195,1.6e+08,160000195,FALSE,FALSE,FALSE,1,"intercept",-1,-0.957387528509779,0.00747951029902752,0.9,-1.10123724276983,-0.816491628414821
16,195,1.6e+08,160000195,FALSE,FALSE,FALSE,1,"X1_groups",1,1.06070779886928,0.00326384520761939,0.9,0.974714572699995,1.15841731388052
16,195,1.6e+08,160000195,FALSE,FALSE,FALSE,1,"X2_dist",1,0.913229347302818,0.0059525772438371,0.9,0.793727420181294,1.04120951083333
16,195,1.6e+08,160000195,FALSE,FALSE,FALSE,1,"X3_norm",1,1.05863440001826,0.00386399911261989,0.9,0.953857703601163,1.15886133064064
16,195,1.6e+08,160000195,FALSE,FALSE,FALSE,1,"X4_row",1,1.06654980117968,0.00429204960231727,0.9,0.951394892597038,1.16792325784712
16,195,1.6e+08,160000195,FALSE,FALSE,FALSE,2,"intercept",-1,-0.996578090903286,0.00856672475549798,0.9,-1.15959802295458,-0.84749840247546
16,195,1.6e+08,160000195,FALSE,FALSE,FALSE,2,"X1_groups",1,1.09700030754414,0.00425235051632708,0.9,0.994741461019749,1.21306262412619
16,195,1.6e+08,160000195,FALSE,FALSE,FALSE,2,"X2_dist",1,0.948132192081313,0.00635740910830591,0.9,0.823117422142352,1.08136301999552
16,195,1.6e+08,160000195,FALSE,FALSE,FALSE,2,"X3_norm",1,1.09623231799486,0.00486581282817687,0.9,0.987082678811152,1.21378047148932
16,195,1.6e+08,160000195,FALSE,FALSE,FALSE,2,"X4_row",1,1.10353071659012,0.00465130344471123,0.9,0.995852709345926,1.21696510238957
16,195,1.6e+08,160000195,FALSE,TRUE,FALSE,1,"intercept",-1,-0.860792499933707,0.0059101260950937,0.9,-0.970441231231393,-0.729159369791378
16,195,1.6e+08,160000195,FALSE,TRUE,FALSE,1,"X1_groups",1,0.80557095748694,0.00237668054540128,0.9,0.729629600901465,0.88514706854314
16,195,1.6e+08,160000195,FALSE,TRUE,FALSE,1,"X2_dist",1,0.845761896582895,0.00471538965215941,0.9,0.737021923747321,0.958024683187903
16,195,1.6e+08,160000195,FALSE,TRUE,FALSE,1,"X3_norm",1,0.795745744173192,0.00244813455875106,0.9,0.717758918939633,0.886269039502987
16,195,1.6e+08,160000195,FALSE,TRUE,FALSE,1,"X4_row",1,0.814703732613345,0.00395338774982799,0.9,0.70895792834142,0.91499203696019
16,195,1.6e+08,160000195,FALSE,TRUE,FALSE,2,"intercept",-1,-1.06667118854476,0.00883653232847909,0.9,-1.24196031077158,-0.926795300491172
16,195,1.6e+08,160000195,FALSE,TRUE,FALSE,2,"X1_groups",1,1.00296826275779,0.00448969252637605,0.9,0.887733190922927,1.11315958787403
16,195,1.6e+08,160000195,FALSE,TRUE,FALSE,2,"X2_dist",1,1.03980614128765,0.0072874084603718,0.9,0.905268378708205,1.1829549871402
16,195,1.6e+08,160000195,FALSE,TRUE,FALSE,2,"X3_norm",1,0.97920180318068,0.00385877775329526,0.9,0.878793314278952,1.08071396133515
16,195,1.6e+08,160000195,FALSE,TRUE,FALSE,2,"X4_row",1,0.991621824678419,0.00579677081924187,0.9,0.871317818566381,1.12035511311851
16,196,1.6e+08,160000196,FALSE,FALSE,FALSE,0,"intercept",-1,-0.997950606775938,0.00734805982156442,0.9,-1.1420559547265,-0.858057955024102
16,196,1.6e+08,160000196,FALSE,FALSE,FALSE,0,"X1_groups",1,0.999561184071996,0.00324297042196723,0.9,0.904424834390009,1.08817965214693
16,196,1.6e+08,160000196,FALSE,FALSE,FALSE,0,"X2_dist",1,1.0017683261333,0.0058277850729349,0.9,0.880399538595361,1.12432166145117
16,196,1.6e+08,160000196,FALSE,FALSE,FALSE,0,"X3_norm",1,1.06183991855642,0.00385345188321487,0.9,0.961474158756977,1.16717259509868
16,196,1.6e+08,160000196,FALSE,FALSE,FALSE,0,"X4_row",1,1.02408860255943,0.00488321751905556,0.9,0.908703273149514,1.13390947400501
16,196,1.6e+08,160000196,FALSE,TRUE,FALSE,0,"intercept",-1,-0.556708521803742,0.00449928492492596,0.9,-0.668534163778391,-0.444221658495042
16,196,1.6e+08,160000196,FALSE,TRUE,FALSE,0,"X1_groups",1,0.588529995287905,0.00150804323376338,0.9,0.529442808393302,0.651609963875859
16,196,1.6e+08,160000196,FALSE,TRUE,FALSE,0,"X2_dist",1,0.530778311814774,0.00324313220998539,0.9,0.438132344540794,0.626738736595298
16,196,1.6e+08,160000196,FALSE,TRUE,FALSE,0,"X3_norm",1,0.588845748185366,0.0015366013676805,0.9,0.533688365513612,0.655275063072282
16,196,1.6e+08,160000196,FALSE,TRUE,FALSE,0,"X4_row",1,0.595925369646012,0.00239245188378794,0.9,0.515551653798442,0.671019678588709
16,196,1.6e+08,160000196,FALSE,FALSE,FALSE,1,"intercept",-1,-1.04635327800094,0.0080049940176642,0.9,-1.19208705431199,-0.900899893912729
16,196,1.6e+08,160000196,FALSE,FALSE,FALSE,1,"X1_groups",1,1.04879922477714,0.00386558973026982,0.9,0.957946444114685,1.15095969015527
16,196,1.6e+08,160000196,FALSE,FALSE,FALSE,1,"X2_dist",1,1.04562838991253,0.00651265754697595,0.9,0.916722760211129,1.17653515455677
16,196,1.6e+08,160000196,FALSE,FALSE,FALSE,1,"X3_norm",1,1.111898188438,0.00430856008999167,0.9,1.00142352618093,1.21941293039295
16,196,1.6e+08,160000196,FALSE,FALSE,FALSE,1,"X4_row",1,1.07432594737563,0.00479597717577111,0.9,0.960423995731671,1.19109039293603
16,196,1.6e+08,160000196,FALSE,FALSE,FALSE,2,"intercept",-1,-1.08879006003279,0.00841158652167289,0.9,-1.24563535977791,-0.955970604949176
16,196,1.6e+08,160000196,FALSE,FALSE,FALSE,2,"X1_groups",1,1.08798426500755,0.00450206010471525,0.9,0.987276845551293,1.20280780131217
16,196,1.6e+08,160000196,FALSE,FALSE,FALSE,2,"X2_dist",1,1.08739244725161,0.00703466425099004,0.9,0.958280202864051,1.22974315270613
16,196,1.6e+08,160000196,FALSE,FALSE,FALSE,2,"X3_norm",1,1.15789093376494,0.00546235068245876,0.9,1.02996685967437,1.28397862698394
16,196,1.6e+08,160000196,FALSE,FALSE,FALSE,2,"X4_row",1,1.11561387047206,0.00515673252936309,0.9,1.0066861860814,1.23129115389429
16,196,1.6e+08,160000196,FALSE,TRUE,FALSE,1,"intercept",-1,-0.66043485947056,0.0052879169666705,0.9,-0.777408068815863,-0.544820760343006
16,196,1.6e+08,160000196,FALSE,TRUE,FALSE,1,"X1_groups",1,0.705807033723983,0.00204328722942891,0.9,0.635164616352601,0.779275201565226
16,196,1.6e+08,160000196,FALSE,TRUE,FALSE,1,"X2_dist",1,0.637011974444733,0.00418443792625758,0.9,0.526098462593809,0.745602317811755
16,196,1.6e+08,160000196,FALSE,TRUE,FALSE,1,"X3_norm",1,0.705418770437655,0.0022986478614595,0.9,0.626340790893677,0.782897046941882
16,196,1.6e+08,160000196,FALSE,TRUE,FALSE,1,"X4_row",1,0.742232895683664,0.00333483095231628,0.9,0.647101793583305,0.834661082295018
16,196,1.6e+08,160000196,FALSE,TRUE,FALSE,2,"intercept",-1,-0.856836917395731,0.0085565362591517,0.9,-1.00954026712981,-0.711885943977199
16,196,1.6e+08,160000196,FALSE,TRUE,FALSE,2,"X1_groups",1,0.930796535270434,0.00434567965138115,0.9,0.821096225950592,1.04182446274264
16,196,1.6e+08,160000196,FALSE,TRUE,FALSE,2,"X2_dist",1,0.824936073940664,0.00748763714819359,0.9,0.689415182962326,0.972719355810222
16,196,1.6e+08,160000196,FALSE,TRUE,FALSE,2,"X3_norm",1,0.904817045928879,0.00442669700288219,0.9,0.793050922688066,1.01791970143176
16,196,1.6e+08,160000196,FALSE,TRUE,FALSE,2,"X4_row",1,0.945110488923219,0.00508214484248471,0.9,0.836770806945508,1.0678205388144
16,197,1.6e+08,160000197,FALSE,FALSE,FALSE,0,"intercept",-1,-1.12630576040757,0.00812045819313415,0.9,-1.27494061134067,-0.978239322412674
16,197,1.6e+08,160000197,FALSE,FALSE,FALSE,0,"X1_groups",1,1.1892118497729,0.00360474358077572,0.9,1.08899364653865,1.28287175584241
16,197,1.6e+08,160000197,FALSE,FALSE,FALSE,0,"X2_dist",1,1.13161954883523,0.00676992958989487,0.9,0.997405668701325,1.27302306435963
16,197,1.6e+08,160000197,FALSE,FALSE,FALSE,0,"X3_norm",1,0.996770010841229,0.00347662223432608,0.9,0.905191342172282,1.09528019259596
16,197,1.6e+08,160000197,FALSE,FALSE,FALSE,0,"X4_row",1,1.08133785062499,0.00520938058960745,0.9,0.965825687280783,1.20187566112355
16,197,1.6e+08,160000197,FALSE,TRUE,FALSE,0,"intercept",-1,-0.619461773420745,0.00474836043881351,0.9,-0.733533208087233,-0.509436132340233
16,197,1.6e+08,160000197,FALSE,TRUE,FALSE,0,"X1_groups",1,0.6499093553984,0.00146369048006194,0.9,0.591346210153959,0.710345999628
16,197,1.6e+08,160000197,FALSE,TRUE,FALSE,0,"X2_dist",1,0.638411735221461,0.00379791949807287,0.9,0.541648048590613,0.740043602406575
16,197,1.6e+08,160000197,FALSE,TRUE,FALSE,0,"X3_norm",1,0.559923390588602,0.00160604066104548,0.9,0.489483967840812,0.626629684739159
16,197,1.6e+08,160000197,FALSE,TRUE,FALSE,0,"X4_row",1,0.612302044479959,0.00229117503583756,0.9,0.530191614392937,0.687455964948737
16,197,1.6e+08,160000197,FALSE,FALSE,FALSE,1,"intercept",-1,-1.16109015313895,0.00785127028613279,0.9,-1.31770087426173,-1.02141968670525
16,197,1.6e+08,160000197,FALSE,FALSE,FALSE,1,"X1_groups",1,1.23193192868486,0.00407696220331952,0.9,1.12888979258778,1.33642401016697
16,197,1.6e+08,160000197,FALSE,FALSE,FALSE,1,"X2_dist",1,1.16068212967205,0.00683028028387114,0.9,1.03567645005458,1.32338888478054
16,197,1.6e+08,160000197,FALSE,FALSE,FALSE,1,"X3_norm",1,1.02679704641849,0.0041208309305418,0.9,0.919312973545549,1.12848883831823
16,197,1.6e+08,160000197,FALSE,FALSE,FALSE,1,"X4_row",1,1.11826469769359,0.00515243039721185,0.9,1.00372055669264,1.24560410591518
16,197,1.6e+08,160000197,FALSE,FALSE,FALSE,2,"intercept",-1,-1.20553703268552,0.00930614389991949,0.9,-1.36547830044289,-1.05247441248336
16,197,1.6e+08,160000197,FALSE,FALSE,FALSE,2,"X1_groups",1,1.26747041437552,0.00504725153546593,0.9,1.14595198559053,1.39149341781993
16,197,1.6e+08,160000197,FALSE,FALSE,FALSE,2,"X2_dist",1,1.20382611529478,0.00825147842611387,0.9,1.05694478840402,1.36630340024981
16,197,1.6e+08,160000197,FALSE,FALSE,FALSE,2,"X3_norm",1,1.05877343598971,0.00437008459183609,0.9,0.947800549730756,1.16584928391799
16,197,1.6e+08,160000197,FALSE,FALSE,FALSE,2,"X4_row",1,1.15211939431586,0.00615755876972216,0.9,1.03012262402064,1.29115664461093
16,197,1.6e+08,160000197,FALSE,TRUE,FALSE,1,"intercept",-1,-0.745347229344239,0.00563075335446948,0.9,-0.863745256700192,-0.62474813179287
16,197,1.6e+08,160000197,FALSE,TRUE,FALSE,1,"X1_groups",1,0.824168366770012,0.0024231492569448,0.9,0.743048905679685,0.910511333718656
16,197,1.6e+08,160000197,FALSE,TRUE,FALSE,1,"X2_dist",1,0.76656227163463,0.00476592467155945,0.9,0.657824953080408,0.878300752190833
16,197,1.6e+08,160000197,FALSE,TRUE,FALSE,1,"X3_norm",1,0.693126523922505,0.00234013668720161,0.9,0.614649644855594,0.77424213882314
16,197,1.6e+08,160000197,FALSE,TRUE,FALSE,1,"X4_row",1,0.765356127120753,0.00349243405917511,0.9,0.664429468482486,0.858578918486902
16,197,1.6e+08,160000197,FALSE,TRUE,FALSE,2,"intercept",-1,-0.931989426344405,0.0101987752714564,0.9,-1.09530952040398,-0.760176862891016
16,197,1.6e+08,160000197,FALSE,TRUE,FALSE,2,"X1_groups",1,1.06634723881463,0.00513211925102246,0.9,0.946255883226692,1.19248448713485
16,197,1.6e+08,160000197,FALSE,TRUE,FALSE,2,"X2_dist",1,0.988011126392684,0.00932075385283481,0.9,0.835610728905887,1.14338625859488
16,197,1.6e+08,160000197,FALSE,TRUE,FALSE,2,"X3_norm",1,0.902206699593286,0.00484179549526641,0.9,0.788612105239683,1.01277204685486
16,197,1.6e+08,160000197,FALSE,TRUE,FALSE,2,"X4_row",1,1.01276310013404,0.00620531583364406,0.9,0.892850770204443,1.14288138869458
16,198,1.6e+08,160000198,FALSE,FALSE,FALSE,0,"intercept",-1,-1.10317667448809,0.00779835721614652,0.9,-1.24884130883617,-0.952369674201331
16,198,1.6e+08,160000198,FALSE,FALSE,FALSE,0,"X1_groups",1,1.01894612550657,0.00317676371320097,0.9,0.93426745391042,1.11604790177265
16,198,1.6e+08,160000198,FALSE,FALSE,FALSE,0,"X2_dist",1,1.05038166132576,0.00597511941772786,0.9,0.921501624287236,1.17947363998532
16,198,1.6e+08,160000198,FALSE,FALSE,FALSE,0,"X3_norm",1,1.0860116764501,0.00385112194963988,0.9,0.985183258869159,1.19027509048338
16,198,1.6e+08,160000198,FALSE,FALSE,FALSE,0,"X4_row",1,0.922966335797707,0.00398997201897354,0.9,0.82123451834297,1.02546143127615
16,198,1.6e+08,160000198,FALSE,TRUE,FALSE,0,"intercept",-1,-0.625576566580829,0.00427698900244985,0.9,-0.734849899448622,-0.522044384439682
16,198,1.6e+08,160000198,FALSE,TRUE,FALSE,0,"X1_groups",1,0.575602109607995,0.00129076318965504,0.9,0.519529469758556,0.637580814682824
16,198,1.6e+08,160000198,FALSE,TRUE,FALSE,0,"X2_dist",1,0.569522597181714,0.00330628608728323,0.9,0.476398256769653,0.661192355471288
16,198,1.6e+08,160000198,FALSE,TRUE,FALSE,0,"X3_norm",1,0.610066407411871,0.00160693579415173,0.9,0.543485026117449,0.681838179946394
16,198,1.6e+08,160000198,FALSE,TRUE,FALSE,0,"X4_row",1,0.528932759005781,0.00194207998425819,0.9,0.454494186884823,0.599023026382903
16,198,1.6e+08,160000198,FALSE,FALSE,FALSE,1,"intercept",-1,-1.15286091774349,0.00817919488143656,0.9,-1.30051257637977,-1.00932368444019
16,198,1.6e+08,160000198,FALSE,FALSE,FALSE,1,"X1_groups",1,1.06624726994478,0.00391374009567604,0.9,0.958907322641394,1.16734101117983
16,198,1.6e+08,160000198,FALSE,FALSE,FALSE,1,"X2_dist",1,1.09523340706381,0.00635824525718227,0.9,0.960136228673297,1.22738498060475
16,198,1.6e+08,160000198,FALSE,FALSE,FALSE,1,"X3_norm",1,1.13337869862492,0.0041857083297828,0.9,1.03121202133342,1.2395692329476
16,198,1.6e+08,160000198,FALSE,FALSE,FALSE,1,"X4_row",1,0.965159056205254,0.00483287534670488,0.9,0.841888168734005,1.06867514084837
16,198,1.6e+08,160000198,FALSE,FALSE,FALSE,2,"intercept",-1,-1.20771520440168,0.008532910156199,0.9,-1.36913750797973,-1.06245813991565
16,198,1.6e+08,160000198,FALSE,FALSE,FALSE,2,"X1_groups",1,1.11391102157603,0.004620450965726,0.9,1.00117262784209,1.23214195376589
16,198,1.6e+08,160000198,FALSE,FALSE,FALSE,2,"X2_dist",1,1.14663645008062,0.00713338947152154,0.9,1.00645840716654,1.28944896639541
16,198,1.6e+08,160000198,FALSE,FALSE,FALSE,2,"X3_norm",1,1.17892864777774,0.0047961111756585,0.9,1.06582395566071,1.29114702033019
16,198,1.6e+08,160000198,FALSE,FALSE,FALSE,2,"X4_row",1,1.00702780031991,0.0046498828868721,0.9,0.900116976675642,1.11966007389633
16,198,1.6e+08,160000198,FALSE,TRUE,FALSE,1,"intercept",-1,-0.771472651474868,0.00596215604851928,0.9,-0.899541972314189,-0.645660693958875
16,198,1.6e+08,160000198,FALSE,TRUE,FALSE,1,"X1_groups",1,0.743481928057457,0.00230019913705873,0.9,0.661570947160634,0.823116949142457
16,198,1.6e+08,160000198,FALSE,TRUE,FALSE,1,"X2_dist",1,0.693392870027599,0.00417761738998939,0.9,0.593261780602637,0.801678580246199
16,198,1.6e+08,160000198,FALSE,TRUE,FALSE,1,"X3_norm",1,0.773857618190445,0.00264527512174183,0.9,0.68860312967663,0.855962989035507
16,198,1.6e+08,160000198,FALSE,TRUE,FALSE,1,"X4_row",1,0.667455701294306,0.00310490079315156,0.9,0.576195348164334,0.7592104011482
16,198,1.6e+08,160000198,FALSE,TRUE,FALSE,2,"intercept",-1,-0.946882524887622,0.00827468870446598,0.9,-1.09709289485756,-0.79747551786315
16,198,1.6e+08,160000198,FALSE,TRUE,FALSE,2,"X1_groups",1,0.906241862009332,0.00434572323811913,0.9,0.799202106688314,1.01780105542178
16,198,1.6e+08,160000198,FALSE,TRUE,FALSE,2,"X2_dist",1,0.853120967244981,0.00648759352912918,0.9,0.72306533775386,0.987129175938122
16,198,1.6e+08,160000198,FALSE,TRUE,FALSE,2,"X3_norm",1,0.944854227025471,0.00406893552560042,0.9,0.8365586446431,1.05069739668001
16,198,1.6e+08,160000198,FALSE,TRUE,FALSE,2,"X4_row",1,0.808908999267574,0.00430104014515837,0.9,0.700233069397606,0.922911778161823
16,199,1.6e+08,160000199,FALSE,FALSE,FALSE,0,"intercept",-1,-0.927466717296999,0.0069724061242677,0.9,-1.06217518874165,-0.792744555126797
16,199,1.6e+08,160000199,FALSE,FALSE,FALSE,0,"X1_groups",1,0.973387555954865,0.00301294895497909,0.9,0.885260735068971,1.0651920076149
16,199,1.6e+08,160000199,FALSE,FALSE,FALSE,0,"X2_dist",1,0.914962363701753,0.00537558828218177,0.9,0.794917489269581,1.03211537511144
16,199,1.6e+08,160000199,FALSE,FALSE,FALSE,0,"X3_norm",1,0.961076565308535,0.00322105773844229,0.9,0.866969152078173,1.05643595753306
16,199,1.6e+08,160000199,FALSE,FALSE,FALSE,0,"X4_row",1,1.07083238028618,0.00460193998470488,0.9,0.955898278120873,1.18325054896918
16,199,1.6e+08,160000199,FALSE,TRUE,FALSE,0,"intercept",-1,-0.611123389298764,0.00456935321330738,0.9,-0.725115255914055,-0.499715603233012
16,199,1.6e+08,160000199,FALSE,TRUE,FALSE,0,"X1_groups",1,0.595268542519246,0.00154183370576825,0.9,0.532358202619793,0.664370228866348
16,199,1.6e+08,160000199,FALSE,TRUE,FALSE,0,"X2_dist",1,0.6146247063003,0.00347264620495046,0.9,0.519898696388839,0.711892784336059
16,199,1.6e+08,160000199,FALSE,TRUE,FALSE,0,"X3_norm",1,0.603853325619904,0.00163036181951647,0.9,0.540348013588413,0.669327930500177
16,199,1.6e+08,160000199,FALSE,TRUE,FALSE,0,"X4_row",1,0.640892592987061,0.00221603253002626,0.9,0.562547122660866,0.718957672945002
16,199,1.6e+08,160000199,FALSE,FALSE,FALSE,1,"intercept",-1,-0.995574618749499,0.00837827245235359,0.9,-1.14294881082075,-0.85422406393626
16,199,1.6e+08,160000199,FALSE,FALSE,FALSE,1,"X1_groups",1,1.04258522661339,0.0040439098987067,0.9,0.946246553812714,1.15253733949675
16,199,1.6e+08,160000199,FALSE,FALSE,FALSE,1,"X2_dist",1,0.971662554728602,0.00641963139721622,0.9,0.853798489262867,1.11237985037249
16,199,1.6e+08,160000199,FALSE,FALSE,FALSE,1,"X3_norm",1,1.02162740922571,0.00417842137625579,0.9,0.917814120160427,1.12720748756329
16,199,1.6e+08,160000199,FALSE,FALSE,FALSE,1,"X4_row",1,1.13666546006855,0.00568404399883633,0.9,1.01826309240893,1.26090266434411
16,199,1.6e+08,160000199,FALSE,FALSE,FALSE,2,"intercept",-1,-1.05413963024828,0.00978999715094067,0.9,-1.21534124676529,-0.894091404678276
16,199,1.6e+08,160000199,FALSE,FALSE,FALSE,2,"X1_groups",1,1.08920582786084,0.00535570306173499,0.9,0.9807338809888,1.21133473953931
16,199,1.6e+08,160000199,FALSE,FALSE,FALSE,2,"X2_dist",1,1.01872518117453,0.00757346157713772,0.9,0.881130968207208,1.18189847436261
16,199,1.6e+08,160000199,FALSE,FALSE,FALSE,2,"X3_norm",1,1.07150577464174,0.00502776075904583,0.9,0.955005169151696,1.19078300881692
16,199,1.6e+08,160000199,FALSE,FALSE,FALSE,2,"X4_row",1,1.18186026800864,0.00633963753160281,0.9,1.05612521965416,1.30382204927156
16,199,1.6e+08,160000199,FALSE,TRUE,FALSE,1,"intercept",-1,-0.752601107028341,0.00559092544179104,0.9,-0.863998363534647,-0.634236734756888
16,199,1.6e+08,160000199,FALSE,TRUE,FALSE,1,"X1_groups",1,0.746058832330344,0.00231551103646268,0.9,0.663279772350528,0.823199367824341
16,199,1.6e+08,160000199,FALSE,TRUE,FALSE,1,"X2_dist",1,0.769939147173247,0.00443400300781725,0.9,0.663982370118196,0.875746782528598
16,199,1.6e+08,160000199,FALSE,TRUE,FALSE,1,"X3_norm",1,0.769242996134653,0.0027651939610795,0.9,0.684495575144014,0.850608944606298
16,199,1.6e+08,160000199,FALSE,TRUE,FALSE,1,"X4_row",1,0.844574382953776,0.00353076456013638,0.9,0.742830639710236,0.94594108831889
16,199,1.6e+08,160000199,FALSE,TRUE,FALSE,2,"intercept",-1,-0.924741422187147,0.00821658940558181,0.9,-1.08171739349908,-0.776871905261067
16,199,1.6e+08,160000199,FALSE,TRUE,FALSE,2,"X1_groups",1,0.886059087452903,0.00394379894281637,0.9,0.784716307746545,0.984866884644966
16,199,1.6e+08,160000199,FALSE,TRUE,FALSE,2,"X2_dist",1,0.943176681644089,0.00726871358211312,0.9,0.810316893729362,1.0788641407687
16,199,1.6e+08,160000199,FALSE,TRUE,FALSE,2,"X3_norm",1,0.930386638271525,0.00375117000067108,0.9,0.825182643606294,1.0256802249959
16,199,1.6e+08,160000199,FALSE,TRUE,FALSE,2,"X4_row",1,1.02248270462906,0.00525195774998622,0.9,0.910202506919208,1.14218921909947
16,200,1.6e+08,160000200,FALSE,FALSE,FALSE,0,"intercept",-1,-0.914292151308835,0.00688554209956113,0.9,-1.0353634280759,-0.775004216476023
16,200,1.6e+08,160000200,FALSE,FALSE,FALSE,0,"X1_groups",1,1.04592352627576,0.00336775381822812,0.9,0.954915571389867,1.14194752226415
16,200,1.6e+08,160000200,FALSE,FALSE,FALSE,0,"X2_dist",1,0.931042652173124,0.00527301738085342,0.9,0.813553691502018,1.04826308887631
16,200,1.6e+08,160000200,FALSE,FALSE,FALSE,0,"X3_norm",1,1.15209298922187,0.00394891171151926,0.9,1.0532480073812,1.25755827239263
16,200,1.6e+08,160000200,FALSE,FALSE,FALSE,0,"X4_row",1,1.0825145768967,0.0050138999360594,0.9,0.970745307720365,1.20337318212881
16,200,1.6e+08,160000200,FALSE,TRUE,FALSE,0,"intercept",-1,-0.59189949043296,0.00451188858427819,0.9,-0.708458864288313,-0.486794519841362
16,200,1.6e+08,160000200,FALSE,TRUE,FALSE,0,"X1_groups",1,0.563276133135875,0.00131819751703215,0.9,0.505606377515509,0.625431114791698
16,200,1.6e+08,160000200,FALSE,TRUE,FALSE,0,"X2_dist",1,0.577924276651173,0.00338599203537658,0.9,0.478879985996487,0.677982577200265
16,200,1.6e+08,160000200,FALSE,TRUE,FALSE,0,"X3_norm",1,0.645579939595849,0.00162820089620431,0.9,0.583056658379321,0.713868639273907
16,200,1.6e+08,160000200,FALSE,TRUE,FALSE,0,"X4_row",1,0.622371909720904,0.00237790466742652,0.9,0.538032700339377,0.6958794999493
16,200,1.6e+08,160000200,FALSE,FALSE,FALSE,1,"intercept",-1,-0.96682858491674,0.00838194790258086,0.9,-1.11987985278958,-0.830775413176039
16,200,1.6e+08,160000200,FALSE,FALSE,FALSE,1,"X1_groups",1,1.09795673184186,0.00398661799056265,0.9,0.997376186346587,1.20013571225499
16,200,1.6e+08,160000200,FALSE,FALSE,FALSE,1,"X2_dist",1,0.983768691681133,0.00674070628307638,0.9,0.853269871882924,1.13200563629002
16,200,1.6e+08,160000200,FALSE,FALSE,FALSE,1,"X3_norm",1,1.20013354472857,0.00505059964242497,0.9,1.0872797580934,1.32093767491859
16,200,1.6e+08,160000200,FALSE,FALSE,FALSE,1,"X4_row",1,1.13506335394398,0.0051373054930585,0.9,1.01942053678161,1.24878427797668
16,200,1.6e+08,160000200,FALSE,FALSE,FALSE,2,"intercept",-1,-1.01451678696873,0.00869929387524186,0.9,-1.16606478079729,-0.858819669603088
16,200,1.6e+08,160000200,FALSE,FALSE,FALSE,2,"X1_groups",1,1.15123135653475,0.00524857162733876,0.9,1.0308610983132,1.26952900961285
16,200,1.6e+08,160000200,FALSE,FALSE,FALSE,2,"X2_dist",1,1.03267598389228,0.00724582314530252,0.9,0.895236528476846,1.17180788425087
16,200,1.6e+08,160000200,FALSE,FALSE,FALSE,2,"X3_norm",1,1.25841769274452,0.00580228084595679,0.9,1.1405241533087,1.3856290345781
16,200,1.6e+08,160000200,FALSE,FALSE,FALSE,2,"X4_row",1,1.19287705136726,0.0064171980747987,0.9,1.06847155710267,1.32973587076563
16,200,1.6e+08,160000200,FALSE,TRUE,FALSE,1,"intercept",-1,-0.756568189608775,0.00562433764832608,0.9,-0.877977833715599,-0.634226224677077
16,200,1.6e+08,160000200,FALSE,TRUE,FALSE,1,"X1_groups",1,0.722136963218858,0.0025057077210168,0.9,0.637823760617667,0.805747999974395
16,200,1.6e+08,160000200,FALSE,TRUE,FALSE,1,"X2_dist",1,0.736369543175005,0.00459008213925681,0.9,0.62101793152432,0.856586803126935
16,200,1.6e+08,160000200,FALSE,TRUE,FALSE,1,"X3_norm",1,0.797194724266018,0.00263611885161558,0.9,0.714369406429413,0.883818685310474
16,200,1.6e+08,160000200,FALSE,TRUE,FALSE,1,"X4_row",1,0.800609538184657,0.00335524593898283,0.9,0.705838450234921,0.889245577059334
16,200,1.6e+08,160000200,FALSE,TRUE,FALSE,2,"intercept",-1,-0.932298956632404,0.0100375352637865,0.9,-1.11738356387228,-0.779883792570721
16,200,1.6e+08,160000200,FALSE,TRUE,FALSE,2,"X1_groups",1,0.87113059466275,0.00417080872874385,0.9,0.759507239742263,0.968767006606523
16,200,1.6e+08,160000200,FALSE,TRUE,FALSE,2,"X2_dist",1,0.950062489846585,0.00862670631217908,0.9,0.801527972837335,1.09782354557714
16,200,1.6e+08,160000200,FALSE,TRUE,FALSE,2,"X3_norm",1,1.01770521765385,0.00473479207495386,0.9,0.903031180702249,1.13364206965123
16,200,1.6e+08,160000200,FALSE,TRUE,FALSE,2,"X4_row",1,1.00937844990366,0.00564337237028856,0.9,0.887219826414406,1.13170982611949
