"excessvar","re.type","num.re","response","run","rep","beta_int_true","beta_row_true","beta_col_true","beta_dyad_true","delta_int_true","delta_row_true","delta_col_true","delta_dyad_true","beta_intercept_mean","beta_intercept_var","beta_intercept_5q","beta_intercept_95q","delta_intercept_mean","delta_intercept_var","delta_intercept_5q","delta_intercept_95q","beta_row_mean","beta_row_var","beta_row_5q","beta_row_95q","delta_row_mean","delta_row_var","delta_row_5q","delta_row_95q","beta_column_mean","beta_column_var","beta_column_5q","beta_column_95q","delta_column_mean","delta_column_var","delta_column_5q","delta_column_95q","beta_dyad_mean","beta_dyad_var","beta_dyad_5q","beta_dyad_95q","delta_dyad_mean","delta_dyad_var","delta_dyad_5q","delta_dyad_95q"
"none","none",2,"binary",15,1,1,1,1,1,1,1,1,1,0.879183424754673,0.00633696136884094,0.749527165975133,1.01143609342012,0.879183424754673,0.00633696136884094,0.749527165975133,1.01143609342012,0.901947087935001,0.00562489693928948,0.780535266310485,1.02966783118646,0.901947087935001,0.00562489693928948,0.780535266310485,1.02966783118646,0.988427096934864,0.00805052551489484,0.843114399355009,1.13780243598547,0.988427096934864,0.00805052551489484,0.843114399355009,1.13780243598547,0.912344859328525,0.00646934932579354,0.781979637870654,1.05076048891615,0.912344859328525,0.00646934932579354,0.781979637870654,1.05076048891615
"none","none",2,"binary",15,2,1,1,1,1,1,1,1,1,1.00525933614922,0.00750600255136834,0.859342688878759,1.14472095894857,1.00525933614922,0.00750600255136834,0.859342688878759,1.14472095894857,0.999633935286833,0.00661620953075775,0.866209661027449,1.13366543178187,0.999633935286833,0.00661620953075775,0.866209661027449,1.13366543178187,1.07164619648309,0.00947008680993579,0.90964199141463,1.22931746750104,1.07164619648309,0.00947008680993579,0.90964199141463,1.22931746750104,1.13643810940032,0.00850702755816823,0.986993696384482,1.29261470676788,1.13643810940032,0.00850702755816823,0.986993696384482,1.29261470676788
"none","none",2,"binary",15,3,1,1,1,1,1,1,1,1,0.991286072377208,0.00732043273423833,0.848656833757146,1.13205651600498,0.991286072377208,0.00732043273423833,0.848656833757146,1.13205651600498,0.902104769392466,0.00557618275796855,0.77842522283292,1.02648237953358,0.902104769392466,0.00557618275796855,0.77842522283292,1.02648237953358,1.09852777785697,0.00943373894095796,0.940800174064785,1.26640864051658,1.09852777785697,0.00943373894095796,0.940800174064785,1.26640864051658,0.966504078727961,0.00738176935445,0.829591570872821,1.11460969900744,0.966504078727961,0.00738176935445,0.829591570872821,1.11460969900744
"none","none",2,"binary",15,4,1,1,1,1,1,1,1,1,1.10221010382449,0.00872108189694055,0.949625593157627,1.25753577212011,1.10221010382449,0.00872108189694055,0.949625593157627,1.25753577212011,1.13374984932054,0.00745682227983347,0.993802796075435,1.2820089037237,1.13374984932054,0.00745682227983347,0.993802796075435,1.2820089037237,1.00945428884614,0.00948993416790266,0.848371953997027,1.16957712665998,1.00945428884614,0.00948993416790266,0.848371953997027,1.16957712665998,1.11621584215967,0.00914850722821095,0.965482628944716,1.27552259682876,1.11621584215967,0.00914850722821095,0.965482628944716,1.27552259682876
"none","none",2,"binary",15,5,1,1,1,1,1,1,1,1,0.965271077804396,0.00751742673474379,0.818801878937303,1.10846970450536,0.965271077804396,0.00751742673474379,0.818801878937303,1.10846970450536,1.02993269496265,0.00661840120443849,0.896978658398531,1.1665972849997,1.02993269496265,0.00661840120443849,0.896978658398531,1.1665972849997,1.04151189401746,0.00899805489353336,0.888184585650736,1.19690828593568,1.04151189401746,0.00899805489353336,0.888184585650736,1.19690828593568,1.06922365640447,0.00843650970931019,0.921417549167853,1.22461080628041,1.06922365640447,0.00843650970931019,0.921417549167853,1.22461080628041
"none","none",2,"binary",15,6,1,1,1,1,1,1,1,1,1.03150777388643,0.00740438788786533,0.883319149919131,1.17319567266296,1.03150777388643,0.00740438788786533,0.883319149919131,1.17319567266296,0.909972688884531,0.00541596241864672,0.793266795860606,1.03413581527146,0.909972688884531,0.00541596241864672,0.793266795860606,1.03413581527146,0.953734596775311,0.00852535524146506,0.803483410183857,1.10734377301091,0.953734596775311,0.00852535524146506,0.803483410183857,1.10734377301091,0.881426922559578,0.00642390857860293,0.75500449429568,1.01602425096107,0.881426922559578,0.00642390857860293,0.75500449429568,1.01602425096107
"none","none",2,"binary",15,7,1,1,1,1,1,1,1,1,0.87874606802754,0.00639924408399419,0.747296532915133,1.01078867290079,0.87874606802754,0.00639924408399419,0.747296532915133,1.01078867290079,0.871431577946368,0.00511056270504439,0.758223488528479,0.991406825091852,0.871431577946368,0.00511056270504439,0.758223488528479,0.991406825091852,0.921260849303865,0.00756772673079983,0.780585208957494,1.06613457584117,0.921260849303865,0.00756772673079983,0.780585208957494,1.06613457584117,0.881643472215846,0.00612580552848585,0.758557600275588,1.01428401197772,0.881643472215846,0.00612580552848585,0.758557600275588,1.01428401197772
"none","none",2,"binary",15,8,1,1,1,1,1,1,1,1,1.12959080368615,0.00860395760178437,0.975346971380051,1.28238522676853,1.12959080368615,0.00860395760178437,0.975346971380051,1.28238522676853,1.01695625441708,0.0070435235802135,0.884083803946915,1.16074261544411,1.01695625441708,0.0070435235802135,0.884083803946915,1.16074261544411,1.17228736106518,0.0106223400159849,1.00586418981099,1.33976325766573,1.17228736106518,0.0106223400159849,1.00586418981099,1.33976325766573,1.04670701813419,0.00848688617608934,0.90024315176244,1.20598840636886,1.04670701813419,0.00848688617608934,0.90024315176244,1.20598840636886
"none","none",2,"binary",15,9,1,1,1,1,1,1,1,1,1.19288331880142,0.00947896400436466,1.03432712932254,1.35696533277144,1.19288331880142,0.00947896400436466,1.03432712932254,1.35696533277144,1.10171752244875,0.00750629888990248,0.964187805187743,1.24634877961852,1.10171752244875,0.00750629888990248,0.964187805187743,1.24634877961852,1.16830103020382,0.0114461371684032,0.996290482999043,1.35027668236521,1.16830103020382,0.0114461371684032,0.996290482999043,1.35027668236521,1.21552596902498,0.0103072596077006,1.05657819161978,1.38626259000986,1.21552596902498,0.0103072596077006,1.05657819161978,1.38626259000986
"none","none",2,"binary",15,10,1,1,1,1,1,1,1,1,0.965152361815265,0.00649598517128047,0.830039390818739,1.09676713104109,0.965152361815265,0.00649598517128047,0.830039390818739,1.09676713104109,0.87642377992598,0.00521082078029029,0.758913831888542,0.994267906258101,0.87642377992598,0.00521082078029029,0.758913831888542,0.994267906258101,0.865976192548036,0.00721086967853264,0.727424125130022,1.00543430936969,0.865976192548036,0.00721086967853264,0.727424125130022,1.00543430936969,0.904814629835327,0.00634376512368655,0.778726271547615,1.03765347359977,0.904814629835327,0.00634376512368655,0.778726271547615,1.03765347359977
"none","none",2,"binary",15,11,1,1,1,1,1,1,1,1,1.2534932675065,0.00989970955668531,1.09316412719812,1.41627716570772,1.2534932675065,0.00989970955668531,1.09316412719812,1.41627716570772,1.21077169369049,0.00861374617596199,1.06555525551412,1.363841583948,1.21077169369049,0.00861374617596199,1.06555525551412,1.363841583948,1.04992162977198,0.010098856218463,0.888602436220839,1.2166341621252,1.04992162977198,0.010098856218463,0.888602436220839,1.2166341621252,1.06424306010186,0.00912323430199718,0.913506065999159,1.22725261831297,1.06424306010186,0.00912323430199718,0.913506065999159,1.22725261831297
"none","none",2,"binary",15,12,1,1,1,1,1,1,1,1,0.972537288847638,0.00711339361292487,0.83115908209196,1.1116640823076,0.972537288847638,0.00711339361292487,0.83115908209196,1.1116640823076,1.01754111755587,0.00635372654459677,0.887633232688915,1.1483825948579,1.01754111755587,0.00635372654459677,0.887633232688915,1.1483825948579,1.08477736795157,0.00891096694776283,0.93054981076337,1.23965071079236,1.08477736795157,0.00891096694776283,0.93054981076337,1.23965071079236,0.877969304290021,0.0066024607445122,0.749296487398087,1.01651185636081,0.877969304290021,0.0066024607445122,0.749296487398087,1.01651185636081
"none","none",2,"binary",15,13,1,1,1,1,1,1,1,1,0.833393031497556,0.00627087730938238,0.701107049467288,0.959816250730956,0.833393031497556,0.00627087730938238,0.701107049467288,0.959816250730956,0.946038532434499,0.00570538995532372,0.824065551570807,1.0724031781444,0.946038532434499,0.00570538995532372,0.824065551570807,1.0724031781444,0.866616235226167,0.00734384792861128,0.728040995878585,1.00972131308349,0.866616235226167,0.00734384792861128,0.728040995878585,1.00972131308349,0.973248955060357,0.00691937791705966,0.841988582692328,1.11549347854915,0.973248955060357,0.00691937791705966,0.841988582692328,1.11549347854915
"none","none",2,"binary",15,14,1,1,1,1,1,1,1,1,1.07574295966974,0.00811076075266741,0.922642671296339,1.22084342757004,1.07574295966974,0.00811076075266741,0.922642671296339,1.22084342757004,0.98551470679693,0.00655200491178588,0.856306611344071,1.12476200102045,0.98551470679693,0.00655200491178588,0.856306611344071,1.12476200102045,1.10341751413108,0.00950804218846641,0.946284925929327,1.26456379295205,1.10341751413108,0.00950804218846641,0.946284925929327,1.26456379295205,1.04010493330747,0.0080901639730456,0.90006440841417,1.19492898844191,1.04010493330747,0.0080901639730456,0.90006440841417,1.19492898844191
"none","none",2,"binary",15,15,1,1,1,1,1,1,1,1,1.10232425040525,0.00819507800243002,0.95514723062288,1.25153875392342,1.10232425040525,0.00819507800243002,0.95514723062288,1.25153875392342,1.03424376336957,0.0065969146017261,0.904990393363323,1.16974999480886,1.03424376336957,0.0065969146017261,0.904990393363323,1.16974999480886,0.957568613105706,0.00864822313446689,0.805820515102416,1.11675987240954,0.957568613105706,0.00864822313446689,0.805820515102416,1.11675987240954,0.918966616309105,0.00707136855529339,0.788946533386474,1.06461590885931,0.918966616309105,0.00707136855529339,0.788946533386474,1.06461590885931
"none","none",2,"binary",15,16,1,1,1,1,1,1,1,1,1.08034064288249,0.00876818628239833,0.922239709241999,1.23340614277944,1.08034064288249,0.00876818628239833,0.922239709241999,1.23340614277944,1.12009835777569,0.00787515888031576,0.977520247104796,1.26614505471742,1.12009835777569,0.00787515888031576,0.977520247104796,1.26614505471742,1.12170848716985,0.0100836378968796,0.95985634939814,1.28696572887719,1.12170848716985,0.0100836378968796,0.95985634939814,1.28696572887719,1.16039019114061,0.00936491442130471,1.0094424076292,1.32511494452586,1.16039019114061,0.00936491442130471,1.0094424076292,1.32511494452586
"none","none",2,"binary",15,17,1,1,1,1,1,1,1,1,0.893974483891084,0.00655503716049428,0.756146877566902,1.02536026312915,0.893974483891084,0.00655503716049428,0.756146877566902,1.02536026312915,0.891393049360238,0.0055437830535599,0.770473614552746,1.01867783745768,0.891393049360238,0.0055437830535599,0.770473614552746,1.01867783745768,0.978778081666188,0.0080791747387138,0.836897752793411,1.12660254505756,0.978778081666188,0.0080791747387138,0.836897752793411,1.12660254505756,0.963881535067092,0.00694068525224435,0.831084758385877,1.09981781404715,0.963881535067092,0.00694068525224435,0.831084758385877,1.09981781404715
"none","none",2,"binary",15,18,1,1,1,1,1,1,1,1,1.02817817921808,0.00788304966128578,0.87507437146373,1.17312694367697,1.02817817921808,0.00788304966128578,0.87507437146373,1.17312694367697,0.971358338995206,0.00645697953556184,0.844041393922065,1.10612056878113,0.971358338995206,0.00645697953556184,0.844041393922065,1.10612056878113,1.02820569944624,0.00917063955196942,0.871196157734683,1.1884030198455,1.02820569944624,0.00917063955196942,0.871196157734683,1.1884030198455,1.05533110555374,0.00833756168423268,0.912787428295703,1.20933856286757,1.05533110555374,0.00833756168423268,0.912787428295703,1.20933856286757
"none","none",2,"binary",15,19,1,1,1,1,1,1,1,1,1.18269094414509,0.00923113991448691,1.02548096680208,1.34591300570257,1.18269094414509,0.00923113991448691,1.02548096680208,1.34591300570257,1.12576124680759,0.00779573834165203,0.984654775443654,1.27422710951782,1.12576124680759,0.00779573834165203,0.984654775443654,1.27422710951782,0.986106042083607,0.00972574602260604,0.826597839819754,1.15085287803303,0.986106042083607,0.00972574602260604,0.826597839819754,1.15085287803303,1.12671544326121,0.00908055070022487,0.97562181963511,1.28511716395745,1.12671544326121,0.00908055070022487,0.97562181963511,1.28511716395745
"none","none",2,"binary",15,20,1,1,1,1,1,1,1,1,0.926815633083773,0.00657452474743763,0.79218863545271,1.05795779365566,0.926815633083773,0.00657452474743763,0.79218863545271,1.05795779365566,0.88751050088716,0.00535406368317806,0.771501148563116,1.00950132542039,0.88751050088716,0.00535406368317806,0.771501148563116,1.00950132542039,0.9121484562027,0.00804493891966408,0.76585638079494,1.06168967866959,0.9121484562027,0.00804493891966408,0.76585638079494,1.06168967866959,0.975944522086132,0.00685981445195553,0.84329920692095,1.11099412498109,0.975944522086132,0.00685981445195553,0.84329920692095,1.11099412498109
"none","none",2,"binary",15,21,1,1,1,1,1,1,1,1,0.888289512671456,0.00631952969912884,0.756477509086256,1.02001061085925,0.888289512671456,0.00631952969912884,0.756477509086256,1.02001061085925,0.844436587793844,0.00509608460842495,0.731115723018547,0.963091088586566,0.844436587793844,0.00509608460842495,0.731115723018547,0.963091088586566,1.04240560058423,0.00841731334108629,0.893577285812266,1.19499254001254,1.04240560058423,0.00841731334108629,0.893577285812266,1.19499254001254,0.838720125281566,0.00614409353078769,0.715202213075245,0.97796781855191,0.838720125281566,0.00614409353078769,0.715202213075245,0.97796781855191
"none","none",2,"binary",15,22,1,1,1,1,1,1,1,1,0.99707429616679,0.0072279995133953,0.856544066203618,1.13448334933422,0.99707429616679,0.0072279995133953,0.856544066203618,1.13448334933422,0.97237924805727,0.0063741592660285,0.839565257714762,1.11126199457928,0.97237924805727,0.0063741592660285,0.839565257714762,1.11126199457928,0.899490920757817,0.00820379739601386,0.753103678408779,1.05103578497401,0.899490920757817,0.00820379739601386,0.753103678408779,1.05103578497401,1.05294528290619,0.0079292405275944,0.91192618943668,1.20220279372246,1.05294528290619,0.0079292405275944,0.91192618943668,1.20220279372246
"none","none",2,"binary",15,23,1,1,1,1,1,1,1,1,1.05101435667821,0.00773963541996775,0.903794087764284,1.19718242353813,1.05101435667821,0.00773963541996775,0.903794087764284,1.19718242353813,0.946520016640444,0.00582303649062415,0.826199885220182,1.07549626671908,0.946520016640444,0.00582303649062415,0.826199885220182,1.07549626671908,1.10852031365836,0.00933119591601442,0.952781809907239,1.27156924536732,1.10852031365836,0.00933119591601442,0.952781809907239,1.27156924536732,0.884008493301592,0.00681083381082184,0.754038224263553,1.02524563727567,0.884008493301592,0.00681083381082184,0.754038224263553,1.02524563727567
"none","none",2,"binary",15,24,1,1,1,1,1,1,1,1,0.899665823206727,0.00689450492818644,0.761014466121542,1.03713040093951,0.899665823206727,0.00689450492818644,0.761014466121542,1.03713040093951,0.94809637438841,0.00598685721289903,0.824277127178866,1.07809397352407,0.94809637438841,0.00598685721289903,0.824277127178866,1.07809397352407,1.02979862490273,0.00873345387028334,0.879229065990009,1.18724627047587,1.02979862490273,0.00873345387028334,0.879229065990009,1.18724627047587,1.01341541558792,0.00735427196707683,0.87781250674027,1.16069531586062,1.01341541558792,0.00735427196707683,0.87781250674027,1.16069531586062
"none","none",2,"binary",15,25,1,1,1,1,1,1,1,1,0.92341197828152,0.00644290020287141,0.788225515114691,1.05436743200726,0.92341197828152,0.00644290020287141,0.788225515114691,1.05436743200726,0.895124840631104,0.0052243176147852,0.776889862241097,1.01237593528853,0.895124840631104,0.0052243176147852,0.776889862241097,1.01237593528853,0.981829337937603,0.00814735491803954,0.83923417993284,1.13365926784163,0.981829337937603,0.00814735491803954,0.83923417993284,1.13365926784163,0.849248711516413,0.00636597133793207,0.719190878563476,0.980830478062812,0.849248711516413,0.00636597133793207,0.719190878563476,0.980830478062812
"none","none",2,"binary",15,26,1,1,1,1,1,1,1,1,1.08242077587396,0.00789359605093647,0.935052714805037,1.2327231665047,1.08242077587396,0.00789359605093647,0.935052714805037,1.2327231665047,0.996820325922961,0.00654711932928591,0.864239044094223,1.13220680625284,0.996820325922961,0.00654711932928591,0.864239044094223,1.13220680625284,1.02385458046991,0.00922722708754367,0.866303772974686,1.18471195217182,1.02385458046991,0.00922722708754367,0.866303772974686,1.18471195217182,1.00937760252444,0.00777044316421462,0.868297978624996,1.15600323514455,1.00937760252444,0.00777044316421462,0.868297978624996,1.15600323514455
"none","none",2,"binary",15,27,1,1,1,1,1,1,1,1,1.15444493353241,0.00913855780243175,0.995466421733268,1.31014168007394,1.15444493353241,0.00913855780243175,0.995466421733268,1.31014168007394,1.12941198270469,0.0077099912435327,0.987583162398848,1.27677683660728,1.12941198270469,0.0077099912435327,0.987583162398848,1.27677683660728,1.19280297855032,0.0112055575166737,1.01898100962952,1.37050062965599,1.19280297855032,0.0112055575166737,1.01898100962952,1.37050062965599,1.11843394229217,0.00934722641393314,0.964494653651171,1.28476380462007,1.11843394229217,0.00934722641393314,0.964494653651171,1.28476380462007
"none","none",2,"binary",15,28,1,1,1,1,1,1,1,1,1.10959055688976,0.0081877843445921,0.955118901149496,1.25476248912374,1.10959055688976,0.0081877843445921,0.955118901149496,1.25476248912374,1.02595331656874,0.00656430078815665,0.895354599081311,1.16150130215906,1.02595331656874,0.00656430078815665,0.895354599081311,1.16150130215906,1.05240766655713,0.00937496325684673,0.895669749821217,1.21412948367612,1.05240766655713,0.00937496325684673,0.895669749821217,1.21412948367612,1.0193100039723,0.00792712634520616,0.878160716384907,1.17373651029666,1.0193100039723,0.00792712634520616,0.878160716384907,1.17373651029666
"none","none",2,"binary",15,29,1,1,1,1,1,1,1,1,0.890376584868981,0.0065518531685841,0.756267754444103,1.02492219389473,0.890376584868981,0.0065518531685841,0.756267754444103,1.02492219389473,0.953940196838997,0.00583779114471061,0.83117481747421,1.08344594981552,0.953940196838997,0.00583779114471061,0.83117481747421,1.08344594981552,0.919636511580273,0.00795333193837098,0.775380245512686,1.06969326657137,0.919636511580273,0.00795333193837098,0.775380245512686,1.06969326657137,0.964813945784546,0.00700339628831919,0.832214990133209,1.10880349513611,0.964813945784546,0.00700339628831919,0.832214990133209,1.10880349513611
"none","none",2,"binary",15,30,1,1,1,1,1,1,1,1,1.04035169655612,0.00795164543333709,0.893880989860309,1.1880086806562,1.04035169655612,0.00795164543333709,0.893880989860309,1.1880086806562,1.08696685064741,0.00740596336390226,0.950296108146523,1.23310434504193,1.08696685064741,0.00740596336390226,0.950296108146523,1.23310434504193,1.15607084362887,0.0108270481622439,0.986267922741775,1.32901258227673,1.15607084362887,0.0108270481622439,0.986267922741775,1.32901258227673,1.19785655562895,0.00948040807085795,1.04611393925073,1.36808903417978,1.19785655562895,0.00948040807085795,1.04611393925073,1.36808903417978
"none","none",2,"binary",15,31,1,1,1,1,1,1,1,1,0.896868508096293,0.00704418050298132,0.755284267609595,1.03224625327205,0.896868508096293,0.00704418050298132,0.755284267609595,1.03224625327205,1.01325201157359,0.00628663985535767,0.886010883896491,1.14565601764304,1.01325201157359,0.00628663985535767,0.886010883896491,1.14565601764304,1.00172284669409,0.00879215913116271,0.8536024790236,1.15459212129673,1.00172284669409,0.00879215913116271,0.8536024790236,1.15459212129673,0.979089130807442,0.00757654285061516,0.841061953748838,1.13094344690253,0.979089130807442,0.00757654285061516,0.841061953748838,1.13094344690253
"none","none",2,"binary",15,32,1,1,1,1,1,1,1,1,0.995733349975426,0.0074984126782466,0.853608720722627,1.13935062547731,0.995733349975426,0.0074984126782466,0.853608720722627,1.13935062547731,0.89668404223921,0.00580801974944142,0.770403398410542,1.02276081988128,0.89668404223921,0.00580801974944142,0.770403398410542,1.02276081988128,0.924604967774527,0.00853316233961545,0.77447686489302,1.07925806007439,0.924604967774527,0.00853316233961545,0.77447686489302,1.07925806007439,1.07676440926741,0.00784119263476608,0.939941536483746,1.2300059354573,1.07676440926741,0.00784119263476608,0.939941536483746,1.2300059354573
"none","none",2,"binary",15,33,1,1,1,1,1,1,1,1,1.04064396158146,0.00757135699369317,0.897033125939309,1.18104825180738,1.04064396158146,0.00757135699369317,0.897033125939309,1.18104825180738,0.958954395293463,0.00604530715846966,0.833793687012815,1.09398827189594,0.958954395293463,0.00604530715846966,0.833793687012815,1.09398827189594,0.969058557749468,0.00874216789607416,0.821391182337234,1.1246054878299,0.969058557749468,0.00874216789607416,0.821391182337234,1.1246054878299,0.984761521086536,0.00767383694000597,0.839511443340948,1.13231746630196,0.984761521086536,0.00767383694000597,0.839511443340948,1.13231746630196
"none","none",2,"binary",15,34,1,1,1,1,1,1,1,1,0.924028306446569,0.00683123649113183,0.787914733010248,1.06049211274311,0.924028306446569,0.00683123649113183,0.787914733010248,1.06049211274311,0.929149661097878,0.00582494922887465,0.804507061989956,1.05688193289089,0.929149661097878,0.00582494922887465,0.804507061989956,1.05688193289089,0.989534669907047,0.00821947509942924,0.845683685626489,1.14366322667012,0.989534669907047,0.00821947509942924,0.845683685626489,1.14366322667012,0.986775248813543,0.00695944164408238,0.850880333908512,1.12692779615265,0.986775248813543,0.00695944164408238,0.850880333908512,1.12692779615265
"none","none",2,"binary",15,35,1,1,1,1,1,1,1,1,0.944387874562251,0.00712887453524796,0.804827805446343,1.08030906072602,0.944387874562251,0.00712887453524796,0.804827805446343,1.08030906072602,0.988422486948944,0.00617471192550294,0.86110520640214,1.12264646807286,0.988422486948944,0.00617471192550294,0.86110520640214,1.12264646807286,1.01174233515631,0.00854752974177651,0.862599098294737,1.16279592286277,1.01174233515631,0.00854752974177651,0.862599098294737,1.16279592286277,1.02846437540746,0.00753676875643975,0.893430946896176,1.17837827000715,1.02846437540746,0.00753676875643975,0.893430946896176,1.17837827000715
"none","none",2,"binary",15,36,1,1,1,1,1,1,1,1,1.09797334027453,0.00819212297860009,0.949771721668214,1.23822871609885,1.09797334027453,0.00819212297860009,0.949771721668214,1.23822871609885,1.14290721592674,0.00757539704141341,1.00518153799412,1.29306273713836,1.14290721592674,0.00757539704141341,1.00518153799412,1.29306273713836,1.10098182185309,0.00996537287215063,0.942140403525179,1.26902824832715,1.10098182185309,0.00996537287215063,0.942140403525179,1.26902824832715,1.03701179114058,0.00819434741295488,0.896735114722447,1.19333973248296,1.03701179114058,0.00819434741295488,0.896735114722447,1.19333973248296
"none","none",2,"binary",15,37,1,1,1,1,1,1,1,1,0.819380505454012,0.00628769182034345,0.685397614545475,0.949097560215248,0.819380505454012,0.00628769182034345,0.685397614545475,0.949097560215248,0.919375201053247,0.00566369801357832,0.799450810578846,1.04429941783768,0.919375201053247,0.00566369801357832,0.799450810578846,1.04429941783768,1.03753271059562,0.00877486008555187,0.881562858075332,1.19119982818725,1.03753271059562,0.00877486008555187,0.881562858075332,1.19119982818725,0.989661063976804,0.00700505506302418,0.853444023623348,1.12901203032548,0.989661063976804,0.00700505506302418,0.853444023623348,1.12901203032548
"none","none",2,"binary",15,38,1,1,1,1,1,1,1,1,1.00056367837938,0.00757082809647153,0.856916450268643,1.1383171543428,1.00056367837938,0.00757082809647153,0.856916450268643,1.1383171543428,0.980336245908409,0.00618345667397842,0.852173269143947,1.11432898836687,0.980336245908409,0.00618345667397842,0.852173269143947,1.11432898836687,0.986527639436658,0.0085814036246748,0.837126187388599,1.13911567468516,0.986527639436658,0.0085814036246748,0.837126187388599,1.13911567468516,1.02920373745762,0.00795107373429792,0.890920294126235,1.18414639641225,1.02920373745762,0.00795107373429792,0.890920294126235,1.18414639641225
"none","none",2,"binary",15,39,1,1,1,1,1,1,1,1,0.988687084994643,0.00677705566417689,0.851113706035477,1.12039187598912,0.988687084994643,0.00677705566417689,0.851113706035477,1.12039187598912,0.899461368412579,0.00527733053419453,0.781588407951075,1.02033399482753,0.899461368412579,0.00527733053419453,0.781588407951075,1.02033399482753,0.84400292467611,0.00717754056228889,0.706948792313135,0.988482280433497,0.84400292467611,0.00717754056228889,0.706948792313135,0.988482280433497,0.805891283213216,0.00590453055121436,0.683285166933277,0.932850525601609,0.805891283213216,0.00590453055121436,0.683285166933277,0.932850525601609
"none","none",2,"binary",15,40,1,1,1,1,1,1,1,1,1.00384487465316,0.00727920697385459,0.862626858687524,1.14060629904749,1.00384487465316,0.00727920697385459,0.862626858687524,1.14060629904749,0.966401238788618,0.00592031613789184,0.843556474416648,1.09865836671713,0.966401238788618,0.00592031613789184,0.843556474416648,1.09865836671713,0.884224060379063,0.00772323367254435,0.744837856760777,1.0314940662419,0.884224060379063,0.00772323367254435,0.744837856760777,1.0314940662419,0.92410849125454,0.00690221269048561,0.791937411363261,1.06543171251423,0.92410849125454,0.00690221269048561,0.791937411363261,1.06543171251423
"none","none",2,"binary",15,41,1,1,1,1,1,1,1,1,0.994366470147217,0.0073864037951873,0.852182825945411,1.13653034943965,0.994366470147217,0.0073864037951873,0.852182825945411,1.13653034943965,1.01829194207144,0.00627409202824647,0.89008277967722,1.15147656768014,1.01829194207144,0.00627409202824647,0.89008277967722,1.15147656768014,1.04788218504583,0.00921561555159338,0.895941235968748,1.21358535335053,1.04788218504583,0.00921561555159338,0.895941235968748,1.21358535335053,0.990630164392459,0.00766332156450889,0.849059093348763,1.1411722862387,0.990630164392459,0.00766332156450889,0.849059093348763,1.1411722862387
"none","none",2,"binary",15,42,1,1,1,1,1,1,1,1,1.04197929465233,0.00757268714498495,0.901188324713014,1.18740102764894,1.04197929465233,0.00757268714498495,0.901188324713014,1.18740102764894,0.992469085055084,0.00626792331494768,0.863216987421418,1.12806732093378,0.992469085055084,0.00626792331494768,0.863216987421418,1.12806732093378,0.918910640369859,0.00847135426005159,0.777330385889058,1.07230674878354,0.918910640369859,0.00847135426005159,0.777330385889058,1.07230674878354,1.06888208001775,0.00818206692513516,0.924656783583305,1.222160949443,1.06888208001775,0.00818206692513516,0.924656783583305,1.222160949443
"none","none",2,"binary",15,43,1,1,1,1,1,1,1,1,0.852254266714749,0.00669845398539214,0.713397197790491,0.982912056917962,0.852254266714749,0.00669845398539214,0.713397197790491,0.982912056917962,1.03040881020243,0.00615609251172766,0.905504476547484,1.16331157586761,1.03040881020243,0.00615609251172766,0.905504476547484,1.16331157586761,1.08094297156359,0.00896149082391488,0.922656028806827,1.23871226194267,1.08094297156359,0.00896149082391488,0.922656028806827,1.23871226194267,0.843273350550304,0.00614652808883421,0.720572756363442,0.974649109615867,0.843273350550304,0.00614652808883421,0.720572756363442,0.974649109615867
"none","none",2,"binary",15,44,1,1,1,1,1,1,1,1,0.948887009458216,0.00684281214321399,0.811339913031208,1.08332944993088,0.948887009458216,0.00684281214321399,0.811339913031208,1.08332944993088,0.935855258003032,0.0056091538651782,0.814488957637626,1.06117373659957,0.935855258003032,0.0056091538651782,0.814488957637626,1.06117373659957,0.871218147619437,0.00750894431480241,0.733167869899934,1.01451283179384,0.871218147619437,0.00750894431480241,0.733167869899934,1.01451283179384,0.948606125463703,0.00689083025604772,0.816356324841244,1.0834513820988,0.948606125463703,0.00689083025604772,0.816356324841244,1.0834513820988
"none","none",2,"binary",15,45,1,1,1,1,1,1,1,1,0.923780466500796,0.00686539154315399,0.784805549102268,1.05597771607598,0.923780466500796,0.00686539154315399,0.784805549102268,1.05597771607598,0.950498117006445,0.00607581622007084,0.828172689185815,1.08350002560743,0.950498117006445,0.00607581622007084,0.828172689185815,1.08350002560743,1.1439932948194,0.00968370319140802,0.9874899622686,1.3061020731978,1.1439932948194,0.00968370319140802,0.9874899622686,1.3061020731978,0.965391511822772,0.00721178360171558,0.827364291309667,1.10722212525008,0.965391511822772,0.00721178360171558,0.827364291309667,1.10722212525008
"none","none",2,"binary",15,46,1,1,1,1,1,1,1,1,0.995204466486425,0.00754507782511483,0.84831296966309,1.13519881350866,0.995204466486425,0.00754507782511483,0.84831296966309,1.13519881350866,1.01875868653756,0.00648646124301278,0.88953748071732,1.15437129672832,1.01875868653756,0.00648646124301278,0.88953748071732,1.15437129672832,1.01305363852612,0.00941361219269555,0.857441999826525,1.16810821748534,1.01305363852612,0.00941361219269555,0.857441999826525,1.16810821748534,1.03991307020874,0.00818889417759393,0.900288744291564,1.19278081791741,1.03991307020874,0.00818889417759393,0.900288744291564,1.19278081791741
"none","none",2,"binary",15,47,1,1,1,1,1,1,1,1,1.10534497595983,0.0082275651863753,0.95319049561679,1.25273663166533,1.10534497595983,0.0082275651863753,0.95319049561679,1.25273663166533,1.05113649040447,0.00676560134694326,0.916259253563203,1.19050665401951,1.05113649040447,0.00676560134694326,0.916259253563203,1.19050665401951,0.899786701469599,0.0083705802722081,0.751593114090639,1.05080677455118,0.899786701469599,0.0083705802722081,0.751593114090639,1.05080677455118,0.977797075150727,0.00776037048998802,0.838592561214506,1.1243241257313,0.977797075150727,0.00776037048998802,0.838592561214506,1.1243241257313
"none","none",2,"binary",15,48,1,1,1,1,1,1,1,1,1.05392254079911,0.00831069696621387,0.902663975606873,1.20307998713474,1.05392254079911,0.00831069696621387,0.902663975606873,1.20307998713474,1.13747498818126,0.00774589843687899,0.997402780251339,1.28680015645759,1.13747498818126,0.00774589843687899,0.997402780251339,1.28680015645759,1.06503141864005,0.00968451442544273,0.904454531689373,1.23115013773809,1.06503141864005,0.00968451442544273,0.904454531689373,1.23115013773809,1.08319328180361,0.0090019885084442,0.93223285368571,1.24620880021549,1.08319328180361,0.0090019885084442,0.93223285368571,1.24620880021549
"none","none",2,"binary",15,49,1,1,1,1,1,1,1,1,0.902041375454008,0.00708920026542624,0.763783054874114,1.04002723277065,0.902041375454008,0.00708920026542624,0.763783054874114,1.04002723277065,0.979154787818123,0.00641812250581916,0.849582783009368,1.11325284107636,0.979154787818123,0.00641812250581916,0.849582783009368,1.11325284107636,1.08947337331814,0.00928335684698977,0.938836761072321,1.25191081324018,1.08947337331814,0.00928335684698977,0.938836761072321,1.25191081324018,1.02592456023059,0.00817693025421727,0.882998627554295,1.18394119103868,1.02592456023059,0.00817693025421727,0.882998627554295,1.18394119103868
"none","none",2,"binary",15,50,1,1,1,1,1,1,1,1,0.954930905731756,0.0068905136394529,0.815971544155211,1.08852207362689,0.954930905731756,0.0068905136394529,0.815971544155211,1.08852207362689,0.897361040210505,0.00551472943542898,0.781190958829517,1.0220192427007,0.897361040210505,0.00551472943542898,0.781190958829517,1.0220192427007,1.09686671949066,0.00968172247148654,0.937604019046978,1.26022054352386,1.09686671949066,0.00968172247148654,0.937604019046978,1.26022054352386,1.04914124578568,0.00757350656311823,0.913185046978188,1.19670041257316,1.04914124578568,0.00757350656311823,0.913185046978188,1.19670041257316
"none","none",2,"binary",15,51,1,1,1,1,1,1,1,1,1.18211657722716,0.00920740918183373,1.02231535184174,1.33383515951014,1.18211657722716,0.00920740918183373,1.02231535184174,1.33383515951014,1.13483813686151,0.00748801453155313,0.99696141751851,1.27856271340087,1.13483813686151,0.00748801453155313,0.99696141751851,1.27856271340087,1.13881222692961,0.0103570803643151,0.972324074601203,1.3089858126464,1.13881222692961,0.0103570803643151,0.972324074601203,1.3089858126464,0.990542236825118,0.00818126613071587,0.8469568280877,1.1445964951992,0.990542236825118,0.00818126613071587,0.8469568280877,1.1445964951992
"none","none",2,"binary",15,52,1,1,1,1,1,1,1,1,1.00129878300297,0.0075925624155518,0.857153650651069,1.14150619652754,1.00129878300297,0.0075925624155518,0.857153650651069,1.14150619652754,1.03894074200341,0.0068071639663876,0.9045613489969,1.17375723526329,1.03894074200341,0.0068071639663876,0.9045613489969,1.17375723526329,0.974651064336355,0.00843702778658213,0.825936385997962,1.13140519372635,0.974651064336355,0.00843702778658213,0.825936385997962,1.13140519372635,1.02921801934763,0.00798623279313953,0.884152096256889,1.18164639322826,1.02921801934763,0.00798623279313953,0.884152096256889,1.18164639322826
"none","none",2,"binary",15,53,1,1,1,1,1,1,1,1,1.00089600912148,0.00740927087679565,0.858116807463549,1.13774691852989,1.00089600912148,0.00740927087679565,0.858116807463549,1.13774691852989,0.990481709380093,0.00633816047622853,0.865225768227631,1.12529614965675,0.990481709380093,0.00633816047622853,0.865225768227631,1.12529614965675,1.00112392832353,0.00903723283953368,0.848309971243176,1.16431724126337,1.00112392832353,0.00903723283953368,0.848309971243176,1.16431724126337,1.06525061529251,0.00792985748360229,0.925118019850009,1.21792258357924,1.06525061529251,0.00792985748360229,0.925118019850009,1.21792258357924
"none","none",2,"binary",15,54,1,1,1,1,1,1,1,1,0.87214136954545,0.00671533625623654,0.734582044630965,1.00924775403895,0.87214136954545,0.00671533625623654,0.734582044630965,1.00924775403895,0.931230355203279,0.00586834791024611,0.808082721902916,1.05929961978608,0.931230355203279,0.00586834791024611,0.808082721902916,1.05929961978608,1.08650364071337,0.00932487960162611,0.931007852561821,1.24553013567146,1.08650364071337,0.00932487960162611,0.931007852561821,1.24553013567146,0.991241324679816,0.00742298159781557,0.857467594205554,1.13785445390404,0.991241324679816,0.00742298159781557,0.857467594205554,1.13785445390404
"none","none",2,"binary",15,55,1,1,1,1,1,1,1,1,1.08078879912413,0.00850231737233425,0.929590429458235,1.2287219589986,1.08078879912413,0.00850231737233425,0.929590429458235,1.2287219589986,1.10825572545348,0.00747823960076533,0.971442720966572,1.25508223348354,1.10825572545348,0.00747823960076533,0.971442720966572,1.25508223348354,1.16520353545435,0.010512688660431,0.998108664298804,1.33629459684127,1.16520353545435,0.010512688660431,0.998108664298804,1.33629459684127,1.02078152381,0.0082395362161276,0.880717789687815,1.17438819496624,1.02078152381,0.0082395362161276,0.880717789687815,1.17438819496624
"none","none",2,"binary",15,56,1,1,1,1,1,1,1,1,1.09168950488816,0.0082478392663431,0.937941788921351,1.24253765389002,1.09168950488816,0.0082478392663431,0.937941788921351,1.24253765389002,1.10223621069788,0.00733443396915878,0.964351137748977,1.24574967175127,1.10223621069788,0.00733443396915878,0.964351137748977,1.24574967175127,1.18063272825071,0.0103141889919844,1.01765214273681,1.35237160695597,1.18063272825071,0.0103141889919844,1.01765214273681,1.35237160695597,1.00794940847232,0.00820772288941055,0.864415448896642,1.16262000334001,1.00794940847232,0.00820772288941055,0.864415448896642,1.16262000334001
"none","none",2,"binary",15,57,1,1,1,1,1,1,1,1,1.10649396222695,0.00831029751162651,0.956346437578306,1.25494900951398,1.10649396222695,0.00831029751162651,0.956346437578306,1.25494900951398,1.05520522757601,0.00703672445856551,0.921471170454828,1.19686835323867,1.05520522757601,0.00703672445856551,0.921471170454828,1.19686835323867,1.02475124842051,0.00898353817583204,0.872795468421784,1.18179202999431,1.02475124842051,0.00898353817583204,0.872795468421784,1.18179202999431,1.14533197974857,0.00904107096969192,0.991298176739141,1.30529906544626,1.14533197974857,0.00904107096969192,0.991298176739141,1.30529906544626
"none","none",2,"binary",15,58,1,1,1,1,1,1,1,1,0.969239320092512,0.00696765005761446,0.827950332814577,1.10286380142044,0.969239320092512,0.00696765005761446,0.827950332814577,1.10286380142044,1.05032262102113,0.0064938702790558,0.921154451505184,1.18873953148821,1.05032262102113,0.0064938702790558,0.921154451505184,1.18873953148821,0.918904931927059,0.00783986487011058,0.776214025977066,1.06328832022232,0.918904931927059,0.00783986487011058,0.776214025977066,1.06328832022232,0.88629417556958,0.00683183913502962,0.75414915510326,1.0256495676861,0.88629417556958,0.00683183913502962,0.75414915510326,1.0256495676861
"none","none",2,"binary",15,59,1,1,1,1,1,1,1,1,1.03907277738226,0.00826890483190381,0.887776248430203,1.18822949758179,1.03907277738226,0.00826890483190381,0.887776248430203,1.18822949758179,1.12979752240502,0.0076706370717317,0.992177851715827,1.27500510240344,1.12979752240502,0.0076706370717317,0.992177851715827,1.27500510240344,0.99983605717584,0.00915595639346196,0.844005454728924,1.1614354596305,0.99983605717584,0.00915595639346196,0.844005454728924,1.1614354596305,1.03830034789566,0.00816400163045115,0.892539879106461,1.19069905069912,1.03830034789566,0.00816400163045115,0.892539879106461,1.19069905069912
"none","none",2,"binary",15,60,1,1,1,1,1,1,1,1,1.11502355838532,0.00809451473341196,0.964980836002427,1.26414198555182,1.11502355838532,0.00809451473341196,0.964980836002427,1.26414198555182,1.07987852358372,0.00677173878218414,0.947240761809886,1.2211712551859,1.07987852358372,0.00677173878218414,0.947240761809886,1.2211712551859,0.9665901759398,0.00864205043185553,0.817873356016942,1.12762208299108,0.9665901759398,0.00864205043185553,0.817873356016942,1.12762208299108,0.96763324104284,0.00782725730487245,0.828366204581398,1.11677865590227,0.96763324104284,0.00782725730487245,0.828366204581398,1.11677865590227
"none","none",2,"binary",15,61,1,1,1,1,1,1,1,1,1.01409868914072,0.0080641870095527,0.863509613122582,1.16337847049966,1.01409868914072,0.0080641870095527,0.863509613122582,1.16337847049966,1.0319960039986,0.00691073952216774,0.901416972885263,1.17243362061753,1.0319960039986,0.00691073952216774,0.901416972885263,1.17243362061753,0.974029842912097,0.00902053830493456,0.821084560266872,1.12867568103483,0.974029842912097,0.00902053830493456,0.821084560266872,1.12867568103483,1.13595588571872,0.00876156748466564,0.990599734278375,1.29017750528009,1.13595588571872,0.00876156748466564,0.990599734278375,1.29017750528009
"none","none",2,"binary",15,62,1,1,1,1,1,1,1,1,0.970081837102003,0.0072044561395008,0.826778718988432,1.11235604998492,0.970081837102003,0.0072044561395008,0.826778718988432,1.11235604998492,0.907506124419461,0.00611173634077992,0.781711792794852,1.03965993984329,0.907506124419461,0.00611173634077992,0.781711792794852,1.03965993984329,1.08678137584248,0.00897880782489449,0.935619497211686,1.2436212860264,1.08678137584248,0.00897880782489449,0.935619497211686,1.2436212860264,1.0738460941522,0.00808429320765366,0.931196193580902,1.23012594421714,1.0738460941522,0.00808429320765366,0.931196193580902,1.23012594421714
"none","none",2,"binary",15,63,1,1,1,1,1,1,1,1,0.892991437739302,0.00603169777536947,0.76815494139172,1.0188124564558,0.892991437739302,0.00603169777536947,0.76815494139172,1.0188124564558,0.858931618750636,0.00503282031516292,0.741934162354677,0.980746667488746,0.858931618750636,0.00503282031516292,0.741934162354677,0.980746667488746,0.839280026659542,0.006975737879864,0.704137921555587,0.97876773189579,0.839280026659542,0.006975737879864,0.704137921555587,0.97876773189579,0.858978498616479,0.00614057829386359,0.734211696923029,0.991851942174844,0.858978498616479,0.00614057829386359,0.734211696923029,0.991851942174844
"none","none",2,"binary",15,64,1,1,1,1,1,1,1,1,0.931836345336655,0.00703691706125513,0.793931108961013,1.07006735452424,0.931836345336655,0.00703691706125513,0.793931108961013,1.07006735452424,0.995582251811997,0.0063726074632179,0.865455233972928,1.12895911485635,0.995582251811997,0.0063726074632179,0.865455233972928,1.12895911485635,1.06437355528341,0.00960417280840758,0.906855376144907,1.22966782781996,1.06437355528341,0.00960417280840758,0.906855376144907,1.22966782781996,1.0627450404496,0.00788347813282766,0.921350874000724,1.21315442975694,1.0627450404496,0.00788347813282766,0.921350874000724,1.21315442975694
"none","none",2,"binary",15,65,1,1,1,1,1,1,1,1,0.954905564571802,0.0065745496836099,0.816736902727502,1.09086566945777,0.954905564571802,0.0065745496836099,0.816736902727502,1.09086566945777,0.925736794111612,0.00544500494704706,0.807528660126695,1.04735686178172,0.925736794111612,0.00544500494704706,0.807528660126695,1.04735686178172,0.813675982054969,0.00719148349810771,0.678105574582063,0.953316567176976,0.813675982054969,0.00719148349810771,0.678105574582063,0.953316567176976,0.892419471697408,0.00637015167425927,0.767865317989017,1.02743998105316,0.892419471697408,0.00637015167425927,0.767865317989017,1.02743998105316
"none","none",2,"binary",15,66,1,1,1,1,1,1,1,1,0.942501699593644,0.00684542751661646,0.804317006840914,1.07529076832374,0.942501699593644,0.00684542751661646,0.804317006840914,1.07529076832374,0.99447188376848,0.00603982141371063,0.868086319233869,1.12386709187536,0.99447188376848,0.00603982141371063,0.868086319233869,1.12386709187536,0.92029792587158,0.00810604488018889,0.776089470902887,1.0715634899848,0.92029792587158,0.00810604488018889,0.776089470902887,1.0715634899848,0.952028528403639,0.00709127724105698,0.81884481997246,1.09024657261583,0.952028528403639,0.00709127724105698,0.81884481997246,1.09024657261583
"none","none",2,"binary",15,67,1,1,1,1,1,1,1,1,1.01660082878029,0.00803107127793157,0.868816404918725,1.16072049083005,1.01660082878029,0.00803107127793157,0.868816404918725,1.16072049083005,1.12644663729963,0.00743308145658982,0.98596445516639,1.27069227333525,1.12644663729963,0.00743308145658982,0.98596445516639,1.27069227333525,1.03208597450222,0.00896963390956027,0.883940214457979,1.18899677138338,1.03208597450222,0.00896963390956027,0.883940214457979,1.18899677138338,1.00152431226019,0.0084153629567849,0.85330182932882,1.15857224121331,1.00152431226019,0.0084153629567849,0.85330182932882,1.15857224121331
"none","none",2,"binary",15,68,1,1,1,1,1,1,1,1,1.24054935198081,0.00941921932496109,1.08183242579321,1.39812405270103,1.24054935198081,0.00941921932496109,1.08183242579321,1.39812405270103,1.10473393027999,0.00747447163806742,0.963388976132427,1.2478285426136,1.10473393027999,0.00747447163806742,0.963388976132427,1.2478285426136,1.01260605302383,0.00968405918447404,0.848922551055599,1.17339765870663,1.01260605302383,0.00968405918447404,0.848922551055599,1.17339765870663,1.07552861423698,0.00833268701273904,0.929615686452547,1.22693557387345,1.07552861423698,0.00833268701273904,0.929615686452547,1.22693557387345
"none","none",2,"binary",15,69,1,1,1,1,1,1,1,1,0.901117709576888,0.00666359759325564,0.765402749255552,1.03325477049634,0.901117709576888,0.00666359759325564,0.765402749255552,1.03325477049634,0.971219676763232,0.00596992827176151,0.845758600258889,1.10684874862853,0.971219676763232,0.00596992827176151,0.845758600258889,1.10684874862853,0.988898142092682,0.00838082901283668,0.840502664918034,1.14796466183159,0.988898142092682,0.00838082901283668,0.840502664918034,1.14796466183159,0.850775227387069,0.00643678864337113,0.722020029800179,0.98706043168525,0.850775227387069,0.00643678864337113,0.722020029800179,0.98706043168525
"none","none",2,"binary",15,70,1,1,1,1,1,1,1,1,0.948495248133453,0.00803952440341821,0.801708772049093,1.09876555392437,0.948495248133453,0.00803952440341821,0.801708772049093,1.09876555392437,1.06540812773332,0.00763743297003636,0.925837713153955,1.21564417309007,1.06540812773332,0.00763743297003636,0.925837713153955,1.21564417309007,1.25907541845883,0.0118758932952687,1.08306591068811,1.44496542944428,1.25907541845883,0.0118758932952687,1.08306591068811,1.44496542944428,1.16415706798161,0.00877600408828713,1.01776272225368,1.32208398856617,1.16415706798161,0.00877600408828713,1.01776272225368,1.32208398856617
"none","none",2,"binary",15,71,1,1,1,1,1,1,1,1,1.32044883064435,0.0110708898510341,1.14546739942,1.49118105327681,1.32044883064435,0.0110708898510341,1.14546739942,1.49118105327681,1.28257092974149,0.00963614527988064,1.12276314306852,1.44018100117483,1.28257092974149,0.00963614527988064,1.12276314306852,1.44018100117483,1.14167971025538,0.0116795290085053,0.965502250539241,1.32629338704706,1.14167971025538,0.0116795290085053,0.965502250539241,1.32629338704706,1.12399290519431,0.00983813205445499,0.969111966986585,1.29269357475391,1.12399290519431,0.00983813205445499,0.969111966986585,1.29269357475391
"none","none",2,"binary",15,72,1,1,1,1,1,1,1,1,1.22306058717576,0.00987187592539472,1.06248895660019,1.38575884959667,1.22306058717576,0.00987187592539472,1.06248895660019,1.38575884959667,1.05421476169619,0.00759436236921885,0.915426025985275,1.20613307318978,1.05421476169619,0.00759436236921885,0.915426025985275,1.20613307318978,1.02046859802765,0.00967334392693893,0.862831018060669,1.18604227952838,1.02046859802765,0.00967334392693893,0.862831018060669,1.18604227952838,1.18265933961999,0.00992024321184267,1.02475029211604,1.34772568219796,1.18265933961999,0.00992024321184267,1.02475029211604,1.34772568219796
"none","none",2,"binary",15,73,1,1,1,1,1,1,1,1,0.936501318525001,0.00624234561277069,0.805079468457085,1.06386695676085,0.936501318525001,0.00624234561277069,0.805079468457085,1.06386695676085,0.863875955422927,0.00497017640441375,0.747502584421694,0.983965550244081,0.863875955422927,0.00497017640441375,0.747502584421694,0.983965550244081,0.877936200958326,0.00715909761148904,0.736428110024526,1.01892037558933,0.877936200958326,0.00715909761148904,0.736428110024526,1.01892037558933,0.882241094099267,0.00629182624131481,0.753756446075053,1.01853341167058,0.882241094099267,0.00629182624131481,0.753756446075053,1.01853341167058
"none","none",2,"binary",15,74,1,1,1,1,1,1,1,1,0.922250504573248,0.00653885563880775,0.788497319622536,1.05535809503013,0.922250504573248,0.00653885563880775,0.788497319622536,1.05535809503013,0.905997586083916,0.00535637838722935,0.792594516103211,1.02774354074858,0.905997586083916,0.00535637838722935,0.792594516103211,1.02774354074858,0.985348760706896,0.00788588651636253,0.841856810897202,1.13023124597388,0.985348760706896,0.00788588651636253,0.841856810897202,1.13023124597388,0.906484435026881,0.00670680099793443,0.777950642022553,1.04729391379898,0.906484435026881,0.00670680099793443,0.777950642022553,1.04729391379898
"none","none",2,"binary",15,75,1,1,1,1,1,1,1,1,1.20649956873242,0.00874833465024971,1.05081679004645,1.35594029481524,1.20649956873242,0.00874833465024971,1.05081679004645,1.35594029481524,1.04480994770562,0.00699064959158975,0.911607852606619,1.1870636289626,1.04480994770562,0.00699064959158975,0.911607852606619,1.1870636289626,0.883337812423566,0.00786734974850212,0.738788313301838,1.03093681101349,0.883337812423566,0.00786734974850212,0.738788313301838,1.03093681101349,1.04815614457652,0.00809610394870553,0.907226231913773,1.20603271155432,1.04815614457652,0.00809610394870553,0.907226231913773,1.20603271155432
"none","none",2,"binary",15,76,1,1,1,1,1,1,1,1,1.07680270609646,0.00777539090057207,0.930194314925277,1.2210178976857,1.07680270609646,0.00777539090057207,0.930194314925277,1.2210178976857,1.03130964830967,0.00637888509761248,0.903103001384265,1.16540814369848,1.03130964830967,0.00637888509761248,0.903103001384265,1.16540814369848,0.947797519927908,0.00842292123271193,0.79416670250945,1.10145230411231,0.947797519927908,0.00842292123271193,0.79416670250945,1.10145230411231,0.935427095159714,0.0070573022187926,0.802390720558397,1.08126365012548,0.935427095159714,0.0070573022187926,0.802390720558397,1.08126365012548
"none","none",2,"binary",15,77,1,1,1,1,1,1,1,1,1.05598361003322,0.008118537942848,0.906351227447919,1.20613650276767,1.05598361003322,0.008118537942848,0.906351227447919,1.20613650276767,1.01720355776681,0.0066658451249245,0.882867235365925,1.15326289685161,1.01720355776681,0.0066658451249245,0.882867235365925,1.15326289685161,1.04192644162863,0.00978522789259042,0.884729156023664,1.20656578912147,1.04192644162863,0.00978522789259042,0.884729156023664,1.20656578912147,1.1615148689112,0.00914857531699259,1.01249723338943,1.32130737814306,1.1615148689112,0.00914857531699259,1.01249723338943,1.32130737814306
"none","none",2,"binary",15,78,1,1,1,1,1,1,1,1,0.941505318560212,0.00702955630400286,0.799216854576801,1.08211453422697,0.941505318560212,0.00702955630400286,0.799216854576801,1.08211453422697,0.956503517527508,0.00587966185953902,0.833065797259659,1.08410825436456,0.956503517527508,0.00587966185953902,0.833065797259659,1.08410825436456,0.977644128318672,0.00820554674265297,0.834216556213477,1.1283958023936,0.977644128318672,0.00820554674265297,0.834216556213477,1.1283958023936,0.905812036261553,0.00672529751997186,0.777874032867244,1.04117814700585,0.905812036261553,0.00672529751997186,0.777874032867244,1.04117814700585
"none","none",2,"binary",15,79,1,1,1,1,1,1,1,1,0.985078289371932,0.00715173610578648,0.842990890248937,1.12538989727694,0.985078289371932,0.00715173610578648,0.842990890248937,1.12538989727694,0.96358465900479,0.00616523294157724,0.83787731487354,1.0952096204856,0.96358465900479,0.00616523294157724,0.83787731487354,1.0952096204856,0.899887285224482,0.00808305731663721,0.752907894128619,1.04531581759287,0.899887285224482,0.00808305731663721,0.752907894128619,1.04531581759287,1.03492242695378,0.00767419391737203,0.896231872209708,1.18524219785389,1.03492242695378,0.00767419391737203,0.896231872209708,1.18524219785389
"none","none",2,"binary",15,80,1,1,1,1,1,1,1,1,0.991580681950313,0.00783201793249938,0.845933399210304,1.13439367190282,0.991580681950313,0.00783201793249938,0.845933399210304,1.13439367190282,1.03278863886651,0.0067811748336385,0.897145379167668,1.17206658737688,1.03278863886651,0.0067811748336385,0.897145379167668,1.17206658737688,0.979370760091949,0.00903169452907428,0.825437430976577,1.13722942527199,0.979370760091949,0.00903169452907428,0.825437430976577,1.13722942527199,1.0716897569696,0.00817593434205077,0.924413061708269,1.22670494502143,1.0716897569696,0.00817593434205077,0.924413061708269,1.22670494502143
"none","none",2,"binary",15,81,1,1,1,1,1,1,1,1,0.996204035039629,0.00734112681230816,0.855980137184676,1.13173980359702,0.996204035039629,0.00734112681230816,0.855980137184676,1.13173980359702,0.93097407819929,0.00593770036874832,0.804507627596027,1.06109246326312,0.93097407819929,0.00593770036874832,0.804507627596027,1.06109246326312,0.870522317556954,0.00768794126585643,0.733825602294723,1.01826031359782,0.870522317556954,0.00768794126585643,0.733825602294723,1.01826031359782,1.05042763681783,0.00760140834889804,0.912643104531568,1.19029014747901,1.05042763681783,0.00760140834889804,0.912643104531568,1.19029014747901
"none","none",2,"binary",15,82,1,1,1,1,1,1,1,1,0.974213817338443,0.00700736070352331,0.834418663221529,1.11018912271456,0.974213817338443,0.00700736070352331,0.834418663221529,1.11018912271456,1.01753470898023,0.00607563967135165,0.892314385936988,1.14910067518763,1.01753470898023,0.00607563967135165,0.892314385936988,1.14910067518763,0.975151742248587,0.00858299138177496,0.821533866650152,1.1297281914637,0.975151742248587,0.00858299138177496,0.821533866650152,1.1297281914637,0.97716559721228,0.00743170836318822,0.839446069359131,1.1237848895081,0.97716559721228,0.00743170836318822,0.839446069359131,1.1237848895081
"none","none",2,"binary",15,83,1,1,1,1,1,1,1,1,0.978677624328569,0.00682254338549417,0.843203281739702,1.11611055605041,0.978677624328569,0.00682254338549417,0.843203281739702,1.11611055605041,0.918775857487209,0.00559372832827338,0.801733144445312,1.0428470058474,0.918775857487209,0.00559372832827338,0.801733144445312,1.0428470058474,0.839565122875493,0.00765418854505481,0.700447198831782,0.987651880609362,0.839565122875493,0.00765418854505481,0.700447198831782,0.987651880609362,0.905093570586307,0.00649096090556043,0.775167504860673,1.04019670859877,0.905093570586307,0.00649096090556043,0.775167504860673,1.04019670859877
"none","none",2,"binary",15,84,1,1,1,1,1,1,1,1,0.936851348656293,0.00632664542807263,0.804221478131621,1.06659698956195,0.936851348656293,0.00632664542807263,0.804221478131621,1.06659698956195,0.94235978912264,0.00548382451089471,0.821991818857883,1.06893659860472,0.94235978912264,0.00548382451089471,0.821991818857883,1.06893659860472,0.905868053229079,0.0074171999176225,0.768922805967674,1.04796542608919,0.905868053229079,0.0074171999176225,0.768922805967674,1.04796542608919,0.836146560104433,0.00599961366966173,0.711512566053292,0.96370600012205,0.836146560104433,0.00599961366966173,0.711512566053292,0.96370600012205
"none","none",2,"binary",15,85,1,1,1,1,1,1,1,1,1.04397782113681,0.00792442945791606,0.891772067216246,1.19013114283835,1.04397782113681,0.00792442945791606,0.891772067216246,1.19013114283835,1.08909867246879,0.00731722121237225,0.951474987301452,1.23064578804426,1.08909867246879,0.00731722121237225,0.951474987301452,1.23064578804426,1.09382247182252,0.00970301785868127,0.93755219746184,1.26268332012836,1.09382247182252,0.00970301785868127,0.93755219746184,1.26268332012836,1.01097891398359,0.00799476292480073,0.869601480544489,1.16333700711424,1.01097891398359,0.00799476292480073,0.869601480544489,1.16333700711424
"none","none",2,"binary",15,86,1,1,1,1,1,1,1,1,1.01292184699476,0.00770984449249378,0.869915106705161,1.15773755516972,1.01292184699476,0.00770984449249378,0.869915106705161,1.15773755516972,1.0763840754579,0.00675311105183315,0.94677100143465,1.21575662317256,1.0763840754579,0.00675311105183315,0.94677100143465,1.21575662317256,1.0060665233706,0.0089873435971486,0.850384953033683,1.16324405529553,1.0060665233706,0.0089873435971486,0.850384953033683,1.16324405529553,1.0108316841321,0.00801316947664772,0.867761595991034,1.1624192825219,1.0108316841321,0.00801316947664772,0.867761595991034,1.1624192825219
"none","none",2,"binary",15,87,1,1,1,1,1,1,1,1,1.21461676939419,0.00951282232226607,1.05321135521906,1.38029986627927,1.21461676939419,0.00951282232226607,1.05321135521906,1.38029986627927,1.18396674045703,0.00803412843183123,1.04382836411663,1.33919579855498,1.18396674045703,0.00803412843183123,1.04382836411663,1.33919579855498,1.13399940360422,0.0106403272694526,0.969555822004911,1.30818087363041,1.13399940360422,0.0106403272694526,0.969555822004911,1.30818087363041,1.05176249782152,0.00869714262985415,0.902805843738316,1.21461771837965,1.05176249782152,0.00869714262985415,0.902805843738316,1.21461771837965
"none","none",2,"binary",15,88,1,1,1,1,1,1,1,1,1.00117368351031,0.00759449150317919,0.857707425535527,1.1405904842413,1.00117368351031,0.00759449150317919,0.857707425535527,1.1405904842413,0.924588076436527,0.0058819629025318,0.801193142252672,1.05454569155705,0.924588076436527,0.0058819629025318,0.801193142252672,1.05454569155705,1.16458756084698,0.00970954680617548,1.01152775023121,1.33344652504642,1.16458756084698,0.00970954680617548,1.01152775023121,1.33344652504642,1.01369276199321,0.0077345362268262,0.875049408776748,1.16603650739884,1.01369276199321,0.0077345362268262,0.875049408776748,1.16603650739884
"none","none",2,"binary",15,89,1,1,1,1,1,1,1,1,1.14006706905597,0.00870692583501819,0.988669002239214,1.2885295443353,1.14006706905597,0.00870692583501819,0.988669002239214,1.2885295443353,1.04692344504227,0.0067909950461079,0.910183371604507,1.18323954908721,1.04692344504227,0.0067909950461079,0.910183371604507,1.18323954908721,1.05939338027765,0.00984306387973055,0.897488434369402,1.22576643876429,1.05939338027765,0.00984306387973055,0.897488434369402,1.22576643876429,1.05248499162908,0.00820591298944578,0.910672260575202,1.20754398281739,1.05248499162908,0.00820591298944578,0.910672260575202,1.20754398281739
"none","none",2,"binary",15,90,1,1,1,1,1,1,1,1,1.00277253461928,0.00711371503563515,0.862205247798445,1.13860396476874,1.00277253461928,0.00711371503563515,0.862205247798445,1.13860396476874,0.947979965842454,0.00582121062431496,0.825703362647695,1.07745423314581,0.947979965842454,0.00582121062431496,0.825703362647695,1.07745423314581,0.95888183543243,0.00843471983424877,0.811582557838077,1.11227963388045,0.95888183543243,0.00843471983424877,0.811582557838077,1.11227963388045,0.920547963743988,0.0069673372125921,0.784709657693186,1.05970953524017,0.920547963743988,0.0069673372125921,0.784709657693186,1.05970953524017
"none","none",2,"binary",15,91,1,1,1,1,1,1,1,1,0.999796472854169,0.00730530193324996,0.853938341200627,1.1392594854988,0.999796472854169,0.00730530193324996,0.853938341200627,1.1392594854988,0.986344327626198,0.00624160631114874,0.859133999873502,1.11990289057896,0.986344327626198,0.00624160631114874,0.859133999873502,1.11990289057896,0.969331103261156,0.00865726730844144,0.820842917475774,1.12400888254327,0.969331103261156,0.00865726730844144,0.820842917475774,1.12400888254327,0.963476641157213,0.00720447316018214,0.825569978063005,1.10367679898852,0.963476641157213,0.00720447316018214,0.825569978063005,1.10367679898852
"none","none",2,"binary",15,92,1,1,1,1,1,1,1,1,0.817398210799973,0.00616479038040166,0.687974949000253,0.945733689863909,0.817398210799973,0.00616479038040166,0.687974949000253,0.945733689863909,0.814020331802149,0.00507675564080426,0.700981279204807,0.93812164931203,0.814020331802149,0.00507675564080426,0.700981279204807,0.93812164931203,1.08837993127637,0.00853852237325074,0.941380906164705,1.24171650700073,1.08837993127637,0.00853852237325074,0.941380906164705,1.24171650700073,0.99486668904997,0.00708234947916065,0.86413203390293,1.13913855544225,0.99486668904997,0.00708234947916065,0.86413203390293,1.13913855544225
"none","none",2,"binary",15,93,1,1,1,1,1,1,1,1,0.920063245402835,0.00682475295523958,0.780017534205845,1.05374922127864,0.920063245402835,0.00682475295523958,0.780017534205845,1.05374922127864,0.84647616703187,0.00527914135321722,0.72987884335479,0.973154892543469,0.84647616703187,0.00527914135321722,0.72987884335479,0.973154892543469,0.929050450658407,0.00802973179863924,0.785136633593093,1.08013345391165,0.929050450658407,0.00802973179863924,0.785136633593093,1.08013345391165,0.949784449211574,0.00688309110302533,0.82000442495285,1.09191016180896,0.949784449211574,0.00688309110302533,0.82000442495285,1.09191016180896
"none","none",2,"binary",15,94,1,1,1,1,1,1,1,1,1.02363595357476,0.00741134634430712,0.881999246690487,1.16477513918417,1.02363595357476,0.00741134634430712,0.881999246690487,1.16477513918417,1.00728104271461,0.00625677066709129,0.877130521243715,1.1409559114069,1.00728104271461,0.00625677066709129,0.877130521243715,1.1409559114069,0.937390989250473,0.00810455780381832,0.789132801109904,1.09073636841458,0.937390989250473,0.00810455780381832,0.789132801109904,1.09073636841458,0.980480462860973,0.00717539228496428,0.84235396783263,1.12634438227408,0.980480462860973,0.00717539228496428,0.84235396783263,1.12634438227408
"none","none",2,"binary",15,95,1,1,1,1,1,1,1,1,1.05037397444884,0.0078797296014839,0.90055311182516,1.19581655788664,1.05037397444884,0.0078797296014839,0.90055311182516,1.19581655788664,1.07956032441006,0.0068940297629789,0.94321648640393,1.21968469969763,1.07956032441006,0.0068940297629789,0.94321648640393,1.21968469969763,0.954481964821329,0.00842468413208779,0.802058037088649,1.10780938393109,0.954481964821329,0.00842468413208779,0.802058037088649,1.10780938393109,1.0026864058732,0.00799267079855146,0.855265525207485,1.15397690799144,1.0026864058732,0.00799267079855146,0.855265525207485,1.15397690799144
"none","none",2,"binary",15,96,1,1,1,1,1,1,1,1,1.07363199652579,0.0079073451331981,0.928333317521253,1.22073935804385,1.07363199652579,0.0079073451331981,0.928333317521253,1.22073935804385,0.949081236622456,0.00629398120766479,0.822967335980863,1.08255524980655,0.949081236622456,0.00629398120766479,0.822967335980863,1.08255524980655,1.07250817744485,0.00928475494180993,0.918539683013311,1.23252568881045,1.07250817744485,0.00928475494180993,0.918539683013311,1.23252568881045,0.993296734224624,0.00767471125392069,0.85476141954887,1.1427242775129,0.993296734224624,0.00767471125392069,0.85476141954887,1.1427242775129
"none","none",2,"binary",15,97,1,1,1,1,1,1,1,1,0.997354757534598,0.00713859838618957,0.855423721915484,1.14264835269721,0.997354757534598,0.00713859838618957,0.855423721915484,1.14264835269721,0.936483172370373,0.00596278737525374,0.813324190322142,1.06537066862259,0.936483172370373,0.00596278737525374,0.813324190322142,1.06537066862259,0.965489988842973,0.00827312149064143,0.823365365032997,1.12021783673959,0.965489988842973,0.00827312149064143,0.823365365032997,1.12021783673959,0.901046401224126,0.00685858623912902,0.772891883508072,1.04305358429637,0.901046401224126,0.00685858623912902,0.772891883508072,1.04305358429637
"none","none",2,"binary",15,98,1,1,1,1,1,1,1,1,1.09947949959937,0.00870825391382216,0.946872613669362,1.25606313834032,1.09947949959937,0.00870825391382216,0.946872613669362,1.25606313834032,1.06083987781816,0.00762257471111781,0.919960893956529,1.21329700732971,1.06083987781816,0.00762257471111781,0.919960893956529,1.21329700732971,1.10509684659605,0.0106275906859874,0.941383529165449,1.27639157829688,1.10509684659605,0.0106275906859874,0.941383529165449,1.27639157829688,1.27330650762663,0.0106310238106589,1.11186680350137,1.44909291928295,1.27330650762663,0.0106310238106589,1.11186680350137,1.44909291928295
"none","none",2,"binary",15,99,1,1,1,1,1,1,1,1,0.882045544034522,0.00671932483409695,0.74519696578832,1.01478527901162,0.882045544034522,0.00671932483409695,0.74519696578832,1.01478527901162,1.02594765962135,0.00640805957728242,0.898222708077854,1.15999017911525,1.02594765962135,0.00640805957728242,0.898222708077854,1.15999017911525,1.05152951881565,0.00871639414476158,0.89638926517757,1.20659161849011,1.05152951881565,0.00871639414476158,0.89638926517757,1.20659161849011,0.951178251785425,0.00685778210411219,0.821062878329939,1.09087122467136,0.951178251785425,0.00685778210411219,0.821062878329939,1.09087122467136
"none","none",2,"binary",15,100,1,1,1,1,1,1,1,1,1.0953347450299,0.00829069967178824,0.944075207310512,1.24355805197579,1.0953347450299,0.00829069967178824,0.944075207310512,1.24355805197579,1.06972633540229,0.00696168040448445,0.936678862843884,1.20931520586981,1.06972633540229,0.00696168040448445,0.936678862843884,1.20931520586981,1.04042137788366,0.00949655530482677,0.886905621752988,1.2072734292785,1.04042137788366,0.00949655530482677,0.886905621752988,1.2072734292785,1.06551990376682,0.0084460966133256,0.917664985588489,1.21825643393594,1.06551990376682,0.0084460966133256,0.917664985588489,1.21825643393594
"none","none",2,"binary",15,101,1,1,1,1,1,1,1,1,1.01699818441909,0.00715281381345475,0.879529947892638,1.15361230804184,1.01699818441909,0.00715281381345475,0.879529947892638,1.15361230804184,1.00447718161475,0.00616435341544818,0.877724370041789,1.13535367065646,1.00447718161475,0.00616435341544818,0.877724370041789,1.13535367065646,0.977393913988119,0.00857938277273431,0.828795202501086,1.13397440948645,0.977393913988119,0.00857938277273431,0.828795202501086,1.13397440948645,0.977147045787553,0.00747230699551808,0.838551354932552,1.1211378929101,0.977147045787553,0.00747230699551808,0.838551354932552,1.1211378929101
"none","none",2,"binary",15,102,1,1,1,1,1,1,1,1,0.927304442225237,0.00678597730349508,0.786736530607088,1.06150423727846,0.927304442225237,0.00678597730349508,0.786736530607088,1.06150423727846,1.01046297377204,0.00611251466923866,0.886253583376478,1.14352323793651,1.01046297377204,0.00611251466923866,0.886253583376478,1.14352323793651,1.01550646810262,0.00901924189710574,0.864033878731732,1.17386125690995,1.01550646810262,0.00901924189710574,0.864033878731732,1.17386125690995,1.01241066222479,0.00765889760874685,0.876453432123647,1.16072975450355,1.01241066222479,0.00765889760874685,0.876453432123647,1.16072975450355
"none","none",2,"binary",15,103,1,1,1,1,1,1,1,1,0.936960427974685,0.0067524518576203,0.799528650987249,1.06933390567018,0.936960427974685,0.0067524518576203,0.799528650987249,1.06933390567018,0.940593017106742,0.00591899701582459,0.815149203247271,1.0713239614536,0.940593017106742,0.00591899701582459,0.815149203247271,1.0713239614536,0.922753608440872,0.00817105774065159,0.779027461748549,1.07725953129956,0.922753608440872,0.00817105774065159,0.779027461748549,1.07725953129956,0.988050570980196,0.00729323642013572,0.851015396207323,1.13645897687146,0.988050570980196,0.00729323642013572,0.851015396207323,1.13645897687146
"none","none",2,"binary",15,104,1,1,1,1,1,1,1,1,1.0854995777034,0.00791800382384895,0.941550361142057,1.23350922654608,1.0854995777034,0.00791800382384895,0.941550361142057,1.23350922654608,1.00410319309307,0.00651618938220372,0.877284343202969,1.13962697645352,1.00410319309307,0.00651618938220372,0.877284343202969,1.13962697645352,0.991390318717559,0.00874417822361126,0.837475663378894,1.14398131451015,0.991390318717559,0.00874417822361126,0.837475663378894,1.14398131451015,0.993867704652195,0.00792179551262768,0.855136986217384,1.14712923275164,0.993867704652195,0.00792179551262768,0.855136986217384,1.14712923275164
"none","none",2,"binary",15,105,1,1,1,1,1,1,1,1,1.08015210821145,0.0082468625590082,0.930325504919954,1.23010374129496,1.08015210821145,0.0082468625590082,0.930325504919954,1.23010374129496,0.994901168669548,0.00666053994969818,0.865913772711065,1.13050917890116,0.994901168669548,0.00666053994969818,0.865913772711065,1.13050917890116,1.0222523876466,0.00924845526859007,0.868295938523991,1.17933182324459,1.0222523876466,0.00924845526859007,0.868295938523991,1.17933182324459,1.07494131350177,0.00842946752460233,0.928870481414129,1.23365201277748,1.07494131350177,0.00842946752460233,0.928870481414129,1.23365201277748
"none","none",2,"binary",15,106,1,1,1,1,1,1,1,1,0.876339222566496,0.00610404288717877,0.743934368939617,1.00374904901951,0.876339222566496,0.00610404288717877,0.743934368939617,1.00374904901951,0.906605262165647,0.00541450603980146,0.792561690373479,1.03174256254882,0.906605262165647,0.00541450603980146,0.792561690373479,1.03174256254882,0.924121571317615,0.00723793507652086,0.787822683731096,1.06581124902894,0.924121571317615,0.00723793507652086,0.787822683731096,1.06581124902894,0.836726419489993,0.00608674472173216,0.711316572431007,0.967202420414747,0.836726419489993,0.00608674472173216,0.711316572431007,0.967202420414747
"none","none",2,"binary",15,107,1,1,1,1,1,1,1,1,1.01436056564675,0.00733748318696739,0.871203917313327,1.15515634291549,1.01436056564675,0.00733748318696739,0.871203917313327,1.15515634291549,0.969174602320626,0.00589827767161752,0.843342031037079,1.09661400770512,0.969174602320626,0.00589827767161752,0.843342031037079,1.09661400770512,0.97649737361477,0.00841680916072597,0.827856537928912,1.12736520896402,0.97649737361477,0.00841680916072597,0.827856537928912,1.12736520896402,0.935303605415511,0.00694385039913271,0.800812513583201,1.07884920863958,0.935303605415511,0.00694385039913271,0.800812513583201,1.07884920863958
"none","none",2,"binary",15,108,1,1,1,1,1,1,1,1,1.03059814226599,0.00778971338577971,0.885129449140438,1.17535018709948,1.03059814226599,0.00778971338577971,0.885129449140438,1.17535018709948,1.12530179795739,0.0076061454741631,0.982523664941805,1.27133369642925,1.12530179795739,0.0076061454741631,0.982523664941805,1.27133369642925,0.924800915818118,0.00860273042712571,0.777657533690875,1.07638713400579,0.924800915818118,0.00860273042712571,0.777657533690875,1.07638713400579,1.1341000852273,0.0087492602938719,0.987173752480593,1.29459258505418,1.1341000852273,0.0087492602938719,0.987173752480593,1.29459258505418
"none","none",2,"binary",15,109,1,1,1,1,1,1,1,1,1.05531703772532,0.00790607193335666,0.905903935732206,1.19752906479901,1.05531703772532,0.00790607193335666,0.905903935732206,1.19752906479901,1.00234698078968,0.00651346216336765,0.87334325200635,1.13758865338278,1.00234698078968,0.00651346216336765,0.87334325200635,1.13758865338278,1.11284802853209,0.00959360332685093,0.956367967545201,1.27811303482661,1.11284802853209,0.00959360332685093,0.956367967545201,1.27811303482661,0.968985524974583,0.00702435595018217,0.838852894165081,1.10971366269037,0.968985524974583,0.00702435595018217,0.838852894165081,1.10971366269037
"none","none",2,"binary",15,110,1,1,1,1,1,1,1,1,1.01278902282146,0.00811309826170983,0.864465070993693,1.15363542578599,1.01278902282146,0.00811309826170983,0.864465070993693,1.15363542578599,1.10137552707315,0.00748114561309236,0.963389163569382,1.24977405460166,1.10137552707315,0.00748114561309236,0.963389163569382,1.24977405460166,1.05077972358514,0.00998989701051374,0.889075161129952,1.22127520748975,1.05077972358514,0.00998989701051374,0.889075161129952,1.22127520748975,1.25369552936705,0.00987544955215355,1.09981053003389,1.4222139263943,1.25369552936705,0.00987544955215355,1.09981053003389,1.4222139263943
"none","none",2,"binary",15,111,1,1,1,1,1,1,1,1,1.08412980260822,0.00825059765314704,0.933348849491036,1.23273148908739,1.08412980260822,0.00825059765314704,0.933348849491036,1.23273148908739,1.06814745226755,0.00708031491369181,0.932043605546186,1.2080936617086,1.06814745226755,0.00708031491369181,0.932043605546186,1.2080936617086,1.06850227939577,0.00962642118403614,0.909107905511863,1.22701731085561,1.06850227939577,0.00962642118403614,0.909107905511863,1.22701731085561,0.993523450231882,0.00786079171686082,0.856036424099421,1.1422135113403,0.993523450231882,0.00786079171686082,0.856036424099421,1.1422135113403
"none","none",2,"binary",15,112,1,1,1,1,1,1,1,1,0.991685234262571,0.00706397069133039,0.856352435714274,1.12260271131695,0.991685234262571,0.00706397069133039,0.856352435714274,1.12260271131695,1.07588097116549,0.00653514093403582,0.947149135726137,1.21185508456737,1.07588097116549,0.00653514093403582,0.947149135726137,1.21185508456737,0.877950562145194,0.00854337766683646,0.728527028283774,1.03335270908149,0.877950562145194,0.00854337766683646,0.728527028283774,1.03335270908149,0.922039597832855,0.00686807460857473,0.79222238373646,1.06167189827443,0.922039597832855,0.00686807460857473,0.79222238373646,1.06167189827443
"none","none",2,"binary",15,113,1,1,1,1,1,1,1,1,0.973018266135099,0.00782055063065135,0.823092353564912,1.11485267308982,0.973018266135099,0.00782055063065135,0.823092353564912,1.11485267308982,0.98459000155108,0.00666361914213532,0.855162838821582,1.12436077237476,0.98459000155108,0.00666361914213532,0.855162838821582,1.12436077237476,1.2558141550203,0.0111692302582774,1.07857635888741,1.43184452294548,1.2558141550203,0.0111692302582774,1.07857635888741,1.43184452294548,1.09218999734179,0.00847875317239768,0.942832072308235,1.2465514510643,1.09218999734179,0.00847875317239768,0.942832072308235,1.2465514510643
"none","none",2,"binary",15,114,1,1,1,1,1,1,1,1,0.8793827873296,0.00646887528092877,0.742640277526504,1.00717979905757,0.8793827873296,0.00646887528092877,0.742640277526504,1.00717979905757,0.905749944531647,0.00556281691199197,0.784550202299012,1.02822260960779,0.905749944531647,0.00556281691199197,0.784550202299012,1.02822260960779,0.924316984314568,0.00784473721569212,0.784997614708233,1.07378284433358,0.924316984314568,0.00784473721569212,0.784997614708233,1.07378284433358,0.96411490839584,0.00687291206084501,0.829639219403502,1.10519873143455,0.96411490839584,0.00687291206084501,0.829639219403502,1.10519873143455
"none","none",2,"binary",15,115,1,1,1,1,1,1,1,1,1.08576373620786,0.00857636673219844,0.931639721026584,1.23399105665405,1.08576373620786,0.00857636673219844,0.931639721026584,1.23399105665405,1.03429101820261,0.00696144173836297,0.898569878824385,1.17389327828945,1.03429101820261,0.00696144173836297,0.898569878824385,1.17389327828945,1.21136667250845,0.0109166443109329,1.04971666532626,1.38572505192365,1.21136667250845,0.0109166443109329,1.04971666532626,1.38572505192365,1.13349709146136,0.00918338042006197,0.98350368478625,1.2991548264256,1.13349709146136,0.00918338042006197,0.98350368478625,1.2991548264256
"none","none",2,"binary",15,116,1,1,1,1,1,1,1,1,1.02056758408966,0.00787936604391685,0.87163562977147,1.16436994811657,1.02056758408966,0.00787936604391685,0.87163562977147,1.16436994811657,1.0859577508016,0.00719996679845662,0.951806516286245,1.23097816543007,1.0859577508016,0.00719996679845662,0.951806516286245,1.23097816543007,1.06292053793635,0.00933330774348846,0.90689235140278,1.22242057429569,1.06292053793635,0.00933330774348846,0.90689235140278,1.22242057429569,1.040528207702,0.00786945085022931,0.900391925021821,1.19298702518563,1.040528207702,0.00786945085022931,0.900391925021821,1.19298702518563
"none","none",2,"binary",15,117,1,1,1,1,1,1,1,1,0.995012857684178,0.00699677486906054,0.854621996940795,1.13242564510157,0.995012857684178,0.00699677486906054,0.854621996940795,1.13242564510157,0.966073992829548,0.00606453947698516,0.839617894545084,1.09562125790232,0.966073992829548,0.00606453947698516,0.839617894545084,1.09562125790232,0.8956374104234,0.00753368792774765,0.757387308675421,1.04214681769275,0.8956374104234,0.00753368792774765,0.757387308675421,1.04214681769275,0.935887087430919,0.00693969170948191,0.805760173090826,1.08042148958601,0.935887087430919,0.00693969170948191,0.805760173090826,1.08042148958601
"none","none",2,"binary",15,118,1,1,1,1,1,1,1,1,0.981381532364094,0.00754397662419145,0.834335866996878,1.12280582339555,0.981381532364094,0.00754397662419145,0.834335866996878,1.12280582339555,1.01335006803626,0.00659324046734291,0.883204785330626,1.15055129142065,1.01335006803626,0.00659324046734291,0.883204785330626,1.15055129142065,1.07713095935102,0.00920827221963502,0.921745115239141,1.23736083520238,1.07713095935102,0.00920827221963502,0.921745115239141,1.23736083520238,1.00978838851301,0.00787226710846181,0.870593029737922,1.15923764258304,1.00978838851301,0.00787226710846181,0.870593029737922,1.15923764258304
"none","none",2,"binary",15,119,1,1,1,1,1,1,1,1,1.06795129097338,0.00811153539505098,0.920258836836513,1.21726605200221,1.06795129097338,0.00811153539505098,0.920258836836513,1.21726605200221,1.04231985629674,0.00702077936689408,0.913112803679366,1.18647157037676,1.04231985629674,0.00702077936689408,0.913112803679366,1.18647157037676,1.21344169882701,0.0109053081416075,1.04793093621854,1.38796734569647,1.21344169882701,0.0109053081416075,1.04793093621854,1.38796734569647,1.03689937212334,0.00830400710284837,0.895130855986916,1.19116589526469,1.03689937212334,0.00830400710284837,0.895130855986916,1.19116589526469
"none","none",2,"binary",15,120,1,1,1,1,1,1,1,1,0.929283886491699,0.00676191678226527,0.794440502406693,1.06458058511638,0.929283886491699,0.00676191678226527,0.794440502406693,1.06458058511638,1.00426645211077,0.00621005994098257,0.878750876826337,1.14125673222137,1.00426645211077,0.00621005994098257,0.878750876826337,1.14125673222137,1.0000867594055,0.00843274617647963,0.851803886880521,1.15816342992357,1.0000867594055,0.00843274617647963,0.851803886880521,1.15816342992357,0.918955536418255,0.00683897659077451,0.789548373398013,1.0612210894235,0.918955536418255,0.00683897659077451,0.789548373398013,1.0612210894235
"none","none",2,"binary",15,121,1,1,1,1,1,1,1,1,1.06800363640053,0.00773728330397234,0.920973449562376,1.21084037845915,1.06800363640053,0.00773728330397234,0.920973449562376,1.21084037845915,1.0484240599282,0.00682564078820266,0.916263831276828,1.18880511565138,1.0484240599282,0.00682564078820266,0.916263831276828,1.18880511565138,0.97085485477198,0.00837850100844631,0.818151568794033,1.12402027703663,0.97085485477198,0.00837850100844631,0.818151568794033,1.12402027703663,1.00709228912982,0.00780662325271708,0.869932142348322,1.15818194479983,1.00709228912982,0.00780662325271708,0.869932142348322,1.15818194479983
"none","none",2,"binary",15,122,1,1,1,1,1,1,1,1,0.976323583913245,0.00754814737768721,0.834077418816316,1.11695197185123,0.976323583913245,0.00754814737768721,0.834077418816316,1.11695197185123,1.17267367224659,0.00795928664933728,1.02615965092968,1.32262170786504,1.17267367224659,0.00795928664933728,1.02615965092968,1.32262170786504,0.857592973010835,0.00800020679207913,0.712664469494482,1.00305942432347,0.857592973010835,0.00800020679207913,0.712664469494482,1.00305942432347,1.04597828755874,0.008368023840067,0.900918105358988,1.20044887528488,1.04597828755874,0.008368023840067,0.900918105358988,1.20044887528488
"none","none",2,"binary",15,123,1,1,1,1,1,1,1,1,0.975030721423322,0.00770505112244794,0.831861584757909,1.12590906102,0.975030721423322,0.00770505112244794,0.831861584757909,1.12590906102,1.0703991776597,0.00713980824321705,0.937759827532439,1.21467596505352,1.0703991776597,0.00713980824321705,0.937759827532439,1.21467596505352,1.1757077330806,0.0106029666432324,1.00473496744283,1.34374980584224,1.1757077330806,0.0106029666432324,1.00473496744283,1.34374980584224,1.04163294888563,0.00828343694380835,0.899095169585713,1.19818101639803,1.04163294888563,0.00828343694380835,0.899095169585713,1.19818101639803
"none","none",2,"binary",15,124,1,1,1,1,1,1,1,1,1.10556018757094,0.00877307984299956,0.947211618642377,1.26044843019406,1.10556018757094,0.00877307984299956,0.947211618642377,1.26044843019406,1.18062124814281,0.00820098740210952,1.03667540050396,1.33060380980708,1.18062124814281,0.00820098740210952,1.03667540050396,1.33060380980708,1.14174477724478,0.0104718512925823,0.97773230634545,1.31585540782607,1.14174477724478,0.0104718512925823,0.97773230634545,1.31585540782607,1.10840834559707,0.00929972312408179,0.954588387462915,1.27820154473473,1.10840834559707,0.00929972312408179,0.954588387462915,1.27820154473473
"none","none",2,"binary",15,125,1,1,1,1,1,1,1,1,0.937618779438117,0.00683542855986901,0.800367003589378,1.07728800320366,0.937618779438117,0.00683542855986901,0.800367003589378,1.07728800320366,0.949751223500756,0.00575525323260068,0.826817520524361,1.07928476151768,0.949751223500756,0.00575525323260068,0.826817520524361,1.07928476151768,0.939759133144754,0.00802376443538792,0.796340022153543,1.08636978336565,0.939759133144754,0.00802376443538792,0.796340022153543,1.08636978336565,1.08276146529714,0.00819926553456122,0.940799520191923,1.23674144591502,1.08276146529714,0.00819926553456122,0.940799520191923,1.23674144591502
"none","none",2,"binary",15,126,1,1,1,1,1,1,1,1,0.860043312940868,0.00621295613979509,0.726985073960865,0.989302399672581,0.860043312940868,0.00621295613979509,0.726985073960865,0.989302399672581,0.874475115007003,0.0051133090277151,0.763424008328996,0.994086576620388,0.874475115007003,0.0051133090277151,0.763424008328996,0.994086576620388,0.888033722620404,0.00779078394821317,0.744364775430633,1.03515337621034,0.888033722620404,0.00779078394821317,0.744364775430633,1.03515337621034,0.937994395191766,0.0070741787991006,0.803031529934092,1.07773620188474,0.937994395191766,0.0070741787991006,0.803031529934092,1.07773620188474
"none","none",2,"binary",15,127,1,1,1,1,1,1,1,1,0.98631320020936,0.00737565437584748,0.845062212563676,1.12673365147738,0.98631320020936,0.00737565437584748,0.845062212563676,1.12673365147738,0.959318574435718,0.00601725222796129,0.837723924456326,1.08887032583615,0.959318574435718,0.00601725222796129,0.837723924456326,1.08887032583615,0.916365795512717,0.00814001821725276,0.766040142082085,1.06721389581989,0.916365795512717,0.00814001821725276,0.766040142082085,1.06721389581989,0.947953870887854,0.00686044387029159,0.816363199751306,1.08985803605648,0.947953870887854,0.00686044387029159,0.816363199751306,1.08985803605648
"none","none",2,"binary",15,128,1,1,1,1,1,1,1,1,1.1591467368637,0.00857429583020273,1.00961773684041,1.30683378469619,1.1591467368637,0.00857429583020273,1.00961773684041,1.30683378469619,0.998093184642941,0.00650643274505771,0.869224311250367,1.13130229042659,0.998093184642941,0.00650643274505771,0.869224311250367,1.13130229042659,1.047157564534,0.00945385032877934,0.889527648893265,1.21047503267776,1.047157564534,0.00945385032877934,0.889527648893265,1.21047503267776,1.01500038828677,0.00790336437636939,0.877570847364365,1.16309890396447,1.01500038828677,0.00790336437636939,0.877570847364365,1.16309890396447
"none","none",2,"binary",15,129,1,1,1,1,1,1,1,1,1.09377443222911,0.00887641507174401,0.937646913413393,1.24940562331335,1.09377443222911,0.00887641507174401,0.937646913413393,1.24940562331335,1.0953374794566,0.00732514113862865,0.960157642141448,1.24244291384672,1.0953374794566,0.00732514113862865,0.960157642141448,1.24244291384672,1.16930250868014,0.0105460129857346,1.00686472616199,1.34180854679469,1.16930250868014,0.0105460129857346,1.00686472616199,1.34180854679469,1.06472295558898,0.00848764826132945,0.923628574661199,1.21876377223903,1.06472295558898,0.00848764826132945,0.923628574661199,1.21876377223903
"none","none",2,"binary",15,130,1,1,1,1,1,1,1,1,0.987249085045882,0.00710841424802601,0.844760345724229,1.12401860458083,0.987249085045882,0.00710841424802601,0.844760345724229,1.12401860458083,0.94632543462577,0.00567749411731921,0.825794750867671,1.06944648711697,0.94632543462577,0.00567749411731921,0.825794750867671,1.06944648711697,0.848195989891007,0.00759679784382402,0.707136919707218,0.99100703425965,0.848195989891007,0.00759679784382402,0.707136919707218,0.99100703425965,0.94963202361685,0.00699880291252867,0.818664635767806,1.09219955686348,0.94963202361685,0.00699880291252867,0.818664635767806,1.09219955686348
"none","none",2,"binary",15,131,1,1,1,1,1,1,1,1,1.11884360863106,0.00886018270750156,0.963373035403894,1.27468888724123,1.11884360863106,0.00886018270750156,0.963373035403894,1.27468888724123,1.0828107835824,0.00739859266521771,0.944972428319977,1.22722756194031,1.0828107835824,0.00739859266521771,0.944972428319977,1.22722756194031,1.1700262211571,0.0109999120460671,1.00414383949425,1.34412698124172,1.1700262211571,0.0109999120460671,1.00414383949425,1.34412698124172,1.15956324852799,0.00932290187666029,1.0047945557159,1.32013444068648,1.15956324852799,0.00932290187666029,1.0047945557159,1.32013444068648
"none","none",2,"binary",15,132,1,1,1,1,1,1,1,1,0.898961681295853,0.00679344186388786,0.765868411853934,1.03473650869795,0.898961681295853,0.00679344186388786,0.765868411853934,1.03473650869795,0.927093845794499,0.0059028199052686,0.805523941338933,1.05802683969378,0.927093845794499,0.0059028199052686,0.805523941338933,1.05802683969378,1.00204302603848,0.00833241282241307,0.856288358886863,1.15302304953077,1.00204302603848,0.00833241282241307,0.856288358886863,1.15302304953077,1.05953842309083,0.00805439751163918,0.922411892313591,1.21495538060314,1.05953842309083,0.00805439751163918,0.922411892313591,1.21495538060314
"none","none",2,"binary",15,133,1,1,1,1,1,1,1,1,1.05049689506681,0.00790322601398872,0.90043428938694,1.19702687317099,1.05049689506681,0.00790322601398872,0.90043428938694,1.19702687317099,1.14153047355819,0.00768943260413063,1.00236673275565,1.2884847267857,1.14153047355819,0.00768943260413063,1.00236673275565,1.2884847267857,1.07147929421761,0.00943727075543365,0.918292208366637,1.23372771512846,1.07147929421761,0.00943727075543365,0.918292208366637,1.23372771512846,1.01522691828066,0.00793691843113869,0.87254971122693,1.17143408906023,1.01522691828066,0.00793691843113869,0.87254971122693,1.17143408906023
"none","none",2,"binary",15,134,1,1,1,1,1,1,1,1,0.972036323766761,0.0072510805903672,0.832564989527366,1.11128802148601,0.972036323766761,0.0072510805903672,0.832564989527366,1.11128802148601,0.998363336528032,0.00634296691897675,0.871158591514225,1.13434363601187,0.998363336528032,0.00634296691897675,0.871158591514225,1.13434363601187,0.918292993923345,0.00819758708944668,0.770078571749694,1.06798112609954,0.918292993923345,0.00819758708944668,0.770078571749694,1.06798112609954,1.06015683415091,0.00813009457039869,0.91703263999465,1.2107507242278,1.06015683415091,0.00813009457039869,0.91703263999465,1.2107507242278
"none","none",2,"binary",15,135,1,1,1,1,1,1,1,1,1.16340858631386,0.00942192280502783,1.00194460578722,1.32026965511232,1.16340858631386,0.00942192280502783,1.00194460578722,1.32026965511232,1.05327716670288,0.00732958781295265,0.915375785120007,1.19613266466974,1.05327716670288,0.00732958781295265,0.915375785120007,1.19613266466974,0.948307059735706,0.00908112885001719,0.80049430078092,1.10753753986606,0.948307059735706,0.00908112885001719,0.80049430078092,1.10753753986606,1.08937672093533,0.0088218659598126,0.943328299401955,1.24496482737597,1.08937672093533,0.0088218659598126,0.943328299401955,1.24496482737597
"none","none",2,"binary",15,136,1,1,1,1,1,1,1,1,1.1104219649332,0.00855274197135353,0.956657023290746,1.25753621378023,1.1104219649332,0.00855274197135353,0.956657023290746,1.25753621378023,1.1252945279836,0.00767662805236244,0.982725770677326,1.27455124722871,1.1252945279836,0.00767662805236244,0.982725770677326,1.27455124722871,1.03331208699173,0.00928598884164847,0.875132552413139,1.19508410827519,1.03331208699173,0.00928598884164847,0.875132552413139,1.19508410827519,1.08142826557244,0.00863820239888867,0.935003159692377,1.24633563590279,1.08142826557244,0.00863820239888867,0.935003159692377,1.24633563590279
"none","none",2,"binary",15,137,1,1,1,1,1,1,1,1,1.00224711126343,0.0076032233735389,0.855763900516137,1.14105034318594,1.00224711126343,0.0076032233735389,0.855763900516137,1.14105034318594,0.984389452328943,0.00610966734303313,0.86106783949784,1.11715787867707,0.984389452328943,0.00610966734303313,0.86106783949784,1.11715787867707,1.07370464653518,0.00919104912313982,0.922738654574702,1.23661289146387,1.07370464653518,0.00919104912313982,0.922738654574702,1.23661289146387,0.972655317607153,0.00720575331831006,0.839729305018306,1.11389332626429,0.972655317607153,0.00720575331831006,0.839729305018306,1.11389332626429
"none","none",2,"binary",15,138,1,1,1,1,1,1,1,1,0.909465354318649,0.00699019500205788,0.770578648140331,1.04795450888385,0.909465354318649,0.00699019500205788,0.770578648140331,1.04795450888385,0.979473186721727,0.00621336611492085,0.851700946872576,1.11170039295574,0.979473186721727,0.00621336611492085,0.851700946872576,1.11170039295574,1.05661103884754,0.00883357047133443,0.905126375532532,1.2124227262364,1.05661103884754,0.00883357047133443,0.905126375532532,1.2124227262364,1.03956395518557,0.0074948427012303,0.900026746223478,1.18687193318598,1.03956395518557,0.0074948427012303,0.900026746223478,1.18687193318598
"none","none",2,"binary",15,139,1,1,1,1,1,1,1,1,0.948067719357801,0.00700139686680967,0.808703265962327,1.08050714923246,0.948067719357801,0.00700139686680967,0.808703265962327,1.08050714923246,0.980645437306936,0.00611696706322221,0.849315850763339,1.11191072306782,0.980645437306936,0.00611696706322221,0.849315850763339,1.11191072306782,0.970831872351469,0.00853415297312503,0.823370042560307,1.12461732469389,0.970831872351469,0.00853415297312503,0.823370042560307,1.12461732469389,1.0053299858237,0.00757481799047109,0.864622187349453,1.15301434454601,1.0053299858237,0.00757481799047109,0.864622187349453,1.15301434454601
"none","none",2,"binary",15,140,1,1,1,1,1,1,1,1,1.05905269689283,0.00775426464633176,0.913112103842996,1.20620603770508,1.05905269689283,0.00775426464633176,0.913112103842996,1.20620603770508,1.04429130861184,0.00652646333721993,0.911458660119302,1.18408258309683,1.04429130861184,0.00652646333721993,0.911458660119302,1.18408258309683,1.07676527068667,0.00917278514944502,0.92225485557813,1.23549616860659,1.07676527068667,0.00917278514944502,0.92225485557813,1.23549616860659,0.90375323231034,0.00707973178396273,0.770458411569003,1.04394687092677,0.90375323231034,0.00707973178396273,0.770458411569003,1.04394687092677
"none","none",2,"binary",15,141,1,1,1,1,1,1,1,1,0.875323671249874,0.00672056480584834,0.737192235700223,1.00847575668045,0.875323671249874,0.00672056480584834,0.737192235700223,1.00847575668045,0.895940348801212,0.00559811563894301,0.776951661220585,1.01816440822587,0.895940348801212,0.00559811563894301,0.776951661220585,1.01816440822587,0.900336664910641,0.00781269977262079,0.754307621838303,1.04430896207729,0.900336664910641,0.00781269977262079,0.754307621838303,1.04430896207729,0.99854685818862,0.00685731965744792,0.86444080714644,1.13696389716646,0.99854685818862,0.00685731965744792,0.86444080714644,1.13696389716646
"none","none",2,"binary",15,142,1,1,1,1,1,1,1,1,1.00216681750165,0.00731218846464091,0.859480230882015,1.13948335073514,1.00216681750165,0.00731218846464091,0.859480230882015,1.13948335073514,1.02020785028053,0.00628262585735673,0.891852262704145,1.15242699239125,1.02020785028053,0.00628262585735673,0.891852262704145,1.15242699239125,0.952922550377255,0.00838277886353085,0.805799446421007,1.10370700302035,0.952922550377255,0.00838277886353085,0.805799446421007,1.10370700302035,0.933392000354419,0.00724596901963023,0.799274200641198,1.08079590679757,0.933392000354419,0.00724596901963023,0.799274200641198,1.08079590679757
"none","none",2,"binary",15,143,1,1,1,1,1,1,1,1,1.12212203797618,0.00910052762860743,0.961782426335838,1.27954926418261,1.12212203797618,0.00910052762860743,0.961782426335838,1.27954926418261,1.11975314438866,0.00788006569055553,0.974497452710868,1.27317809197141,1.11975314438866,0.00788006569055553,0.974497452710868,1.27317809197141,0.961666939784536,0.0092619660886634,0.809283642461278,1.12495151478082,0.961666939784536,0.0092619660886634,0.809283642461278,1.12495151478082,1.10434258184037,0.00863441710459424,0.955264231465845,1.26657832069305,1.10434258184037,0.00863441710459424,0.955264231465845,1.26657832069305
"none","none",2,"binary",15,144,1,1,1,1,1,1,1,1,1.1977992926478,0.0093620645200986,1.03806789204853,1.36029781486463,1.1977992926478,0.0093620645200986,1.03806789204853,1.36029781486463,1.12598397602493,0.0078414799651584,0.985235396667922,1.28188617666408,1.12598397602493,0.0078414799651584,0.985235396667922,1.28188617666408,1.03080838432202,0.0097993876201506,0.871704081432159,1.20087272378515,1.03080838432202,0.0097993876201506,0.871704081432159,1.20087272378515,1.080684695011,0.00888001508286183,0.931329532225529,1.24195068365916,1.080684695011,0.00888001508286183,0.931329532225529,1.24195068365916
"none","none",2,"binary",15,145,1,1,1,1,1,1,1,1,1.00422155023069,0.00779764301717145,0.857581318123108,1.1472166480509,1.00422155023069,0.00779764301717145,0.857581318123108,1.1472166480509,1.16804704688131,0.00783309194301759,1.03068785754149,1.31914998323563,1.16804704688131,0.00783309194301759,1.03068785754149,1.31914998323563,1.01354188911005,0.0090250361804302,0.857130179767349,1.1724362675517,1.01354188911005,0.0090250361804302,0.857130179767349,1.1724362675517,1.15997448604458,0.00932003861919685,1.00472760629908,1.32499964419248,1.15997448604458,0.00932003861919685,1.00472760629908,1.32499964419248
"none","none",2,"binary",15,146,1,1,1,1,1,1,1,1,0.966407349662087,0.00715526250147651,0.823830695719087,1.10545802711979,0.966407349662087,0.00715526250147651,0.823830695719087,1.10545802711979,0.955457941007029,0.00597289570684395,0.832466801887478,1.08900421380003,0.955457941007029,0.00597289570684395,0.832466801887478,1.08900421380003,1.12350847239908,0.00918424031499951,0.971783320984004,1.28233062342061,1.12350847239908,0.00918424031499951,0.971783320984004,1.28233062342061,0.879516928085157,0.00684347324022593,0.748131410621188,1.01603011191245,0.879516928085157,0.00684347324022593,0.748131410621188,1.01603011191245
"none","none",2,"binary",15,147,1,1,1,1,1,1,1,1,0.996597549522661,0.00717753894369203,0.855631490630453,1.13461107833879,0.996597549522661,0.00717753894369203,0.855631490630453,1.13461107833879,0.984070484573638,0.00613324498091297,0.857361556108994,1.11858627857061,0.984070484573638,0.00613324498091297,0.857361556108994,1.11858627857061,0.862024588101144,0.00800968048812368,0.715757599216343,1.01172346413478,0.862024588101144,0.00800968048812368,0.715757599216343,1.01172346413478,1.02181923922932,0.00756313143296838,0.886853109754574,1.16931619373321,1.02181923922932,0.00756313143296838,0.886853109754574,1.16931619373321
"none","none",2,"binary",15,148,1,1,1,1,1,1,1,1,1.00254296069788,0.00736877847657861,0.856567292378346,1.14490608815363,1.00254296069788,0.00736877847657861,0.856567292378346,1.14490608815363,0.959942766361039,0.00610700801369933,0.836156583230501,1.09244098039753,0.959942766361039,0.00610700801369933,0.836156583230501,1.09244098039753,0.912659387415496,0.00803202409401246,0.769364929852985,1.06330158279564,0.912659387415496,0.00803202409401246,0.769364929852985,1.06330158279564,1.05390802175043,0.0078578508989532,0.905568848869099,1.20508307873209,1.05390802175043,0.0078578508989532,0.905568848869099,1.20508307873209
"none","none",2,"binary",15,149,1,1,1,1,1,1,1,1,1.0462633438781,0.00794517502247848,0.900131534446216,1.18884576915802,1.0462633438781,0.00794517502247848,0.900131534446216,1.18884576915802,1.00120917165675,0.00648491580463727,0.872883185810054,1.13934908803184,1.00120917165675,0.00648491580463727,0.872883185810054,1.13934908803184,0.902363201746243,0.00879256734212989,0.754242503179045,1.0652231279016,0.902363201746243,0.00879256734212989,0.754242503179045,1.0652231279016,1.18397880096848,0.00890775440971207,1.0366750626778,1.34200411715273,1.18397880096848,0.00890775440971207,1.0366750626778,1.34200411715273
"none","none",2,"binary",15,150,1,1,1,1,1,1,1,1,1.10219527478938,0.00840552886277169,0.955529674299377,1.24968035837719,1.10219527478938,0.00840552886277169,0.955529674299377,1.24968035837719,1.07607180330358,0.00707914708354988,0.939115136097917,1.21532386473515,1.07607180330358,0.00707914708354988,0.939115136097917,1.21532386473515,0.954748437278067,0.00912120776689697,0.803421795092762,1.11087802579389,0.954748437278067,0.00912120776689697,0.803421795092762,1.11087802579389,1.16599458995168,0.00888237901359109,1.01559190875569,1.32773834890816,1.16599458995168,0.00888237901359109,1.01559190875569,1.32773834890816
"none","none",2,"binary",15,151,1,1,1,1,1,1,1,1,0.946985683095328,0.00696131727860964,0.807219354469366,1.08008976327041,0.946985683095328,0.00696131727860964,0.807219354469366,1.08008976327041,0.995154937847072,0.00634279270805979,0.866210270611445,1.1257078544189,0.995154937847072,0.00634279270805979,0.866210270611445,1.1257078544189,0.987360049588515,0.00886439168312389,0.840084689528559,1.14349495852127,0.987360049588515,0.00886439168312389,0.840084689528559,1.14349495852127,1.00773690894505,0.00768044026421615,0.86544696404399,1.16106567434324,1.00773690894505,0.00768044026421615,0.86544696404399,1.16106567434324
"none","none",2,"binary",15,152,1,1,1,1,1,1,1,1,0.998453083475151,0.00756773654985453,0.854279661517995,1.13969813902941,0.998453083475151,0.00756773654985453,0.854279661517995,1.13969813902941,1.14527258091529,0.00774329093176842,1.00443383657177,1.29506682268206,1.14527258091529,0.00774329093176842,1.00443383657177,1.29506682268206,1.06022558470646,0.00944842106726575,0.901461622639663,1.22378633484398,1.06022558470646,0.00944842106726575,0.901461622639663,1.22378633484398,1.04502492050403,0.00827028701675267,0.903335570084316,1.19909765555961,1.04502492050403,0.00827028701675267,0.903335570084316,1.19909765555961
"none","none",2,"binary",15,153,1,1,1,1,1,1,1,1,1.06572321851472,0.00798701899242684,0.916545985397962,1.21305297312039,1.06572321851472,0.00798701899242684,0.916545985397962,1.21305297312039,0.967127537959136,0.0062053107115853,0.839285852031213,1.10111250823843,0.967127537959136,0.0062053107115853,0.839285852031213,1.10111250823843,1.03046821371332,0.00877432242698618,0.87889943407911,1.18789305733859,1.03046821371332,0.00877432242698618,0.87889943407911,1.18789305733859,0.980083667763597,0.00762804728361684,0.842485296893807,1.12694442278881,0.980083667763597,0.00762804728361684,0.842485296893807,1.12694442278881
"none","none",2,"binary",15,154,1,1,1,1,1,1,1,1,1.27809450616241,0.0114000437526736,1.10125584625197,1.45587892851488,1.27809450616241,0.0114000437526736,1.10125584625197,1.45587892851488,1.30604524525379,0.00995251596320893,1.14973683356339,1.47581892988754,1.30604524525379,0.00995251596320893,1.14973683356339,1.47581892988754,1.25169084505654,0.0127374640862009,1.06785982630035,1.44554383635766,1.25169084505654,0.0127374640862009,1.06785982630035,1.44554383635766,1.31365568897233,0.0120483956967744,1.13931123973809,1.50151476129612,1.31365568897233,0.0120483956967744,1.13931123973809,1.50151476129612
"none","none",2,"binary",15,155,1,1,1,1,1,1,1,1,0.912677107171489,0.00655708429758084,0.775716753932896,1.0388796159722,0.912677107171489,0.00655708429758084,0.775716753932896,1.0388796159722,0.919815119391668,0.00586590694976007,0.798588492323699,1.05265056413832,0.919815119391668,0.00586590694976007,0.798588492323699,1.05265056413832,0.988369708083847,0.00810630958563738,0.842932811108298,1.13464306923885,0.988369708083847,0.00810630958563738,0.842932811108298,1.13464306923885,0.919906820385233,0.00656119870816011,0.790927568024423,1.05575296460245,0.919906820385233,0.00656119870816011,0.790927568024423,1.05575296460245
"none","none",2,"binary",15,156,1,1,1,1,1,1,1,1,1.02339709386797,0.00765860739240574,0.874787709965579,1.16751182337823,1.02339709386797,0.00765860739240574,0.874787709965579,1.16751182337823,1.0440316470309,0.00664959534392093,0.91203714143513,1.18306471861646,1.0440316470309,0.00664959534392093,0.91203714143513,1.18306471861646,0.909129894977663,0.00805645517724703,0.765406376151175,1.06485165312653,0.909129894977663,0.00805645517724703,0.765406376151175,1.06485165312653,0.98988111044138,0.0078049400585245,0.852295439313958,1.14205183964262,0.98988111044138,0.0078049400585245,0.852295439313958,1.14205183964262
"none","none",2,"binary",15,157,1,1,1,1,1,1,1,1,0.965394292104107,0.00771698643452856,0.820355871699879,1.11098702209655,0.965394292104107,0.00771698643452856,0.820355871699879,1.11098702209655,1.00994928326477,0.00675479760208249,0.876686451789191,1.14710908048857,1.00994928326477,0.00675479760208249,0.876686451789191,1.14710908048857,0.981475603654648,0.00855967838805346,0.831097362842754,1.13479871546307,0.981475603654648,0.00855967838805346,0.831097362842754,1.13479871546307,1.14798705741887,0.00878304900113598,0.994907429356915,1.30372331811538,1.14798705741887,0.00878304900113598,0.994907429356915,1.30372331811538
"none","none",2,"binary",15,158,1,1,1,1,1,1,1,1,1.07023281577401,0.0077032192716816,0.924625723332014,1.21374339299675,1.07023281577401,0.0077032192716816,0.924625723332014,1.21374339299675,0.94249932872878,0.00601691683408381,0.819618774314207,1.07456777991909,0.94249932872878,0.00601691683408381,0.819618774314207,1.07456777991909,0.955475509158133,0.0088082437479331,0.801007019089385,1.11231601271021,0.955475509158133,0.0088082437479331,0.801007019089385,1.11231601271021,1.03152295476098,0.00785154457849049,0.889769361630435,1.18308249272001,1.03152295476098,0.00785154457849049,0.889769361630435,1.18308249272001
"none","none",2,"binary",15,159,1,1,1,1,1,1,1,1,0.931520034734209,0.00732796368711248,0.786331011469465,1.07273233832303,0.931520034734209,0.00732796368711248,0.786331011469465,1.07273233832303,1.02212744503357,0.00652722317827408,0.895767099196596,1.16134488475052,1.02212744503357,0.00652722317827408,0.895767099196596,1.16134488475052,1.01732792009986,0.00916610477983967,0.86101395967089,1.17497475393521,1.01732792009986,0.00916610477983967,0.86101395967089,1.17497475393521,1.08234715345482,0.0083521601953825,0.937940211536848,1.2386529370498,1.08234715345482,0.0083521601953825,0.937940211536848,1.2386529370498
"none","none",2,"binary",15,160,1,1,1,1,1,1,1,1,0.938155435882429,0.00641173849794724,0.806183737739915,1.06701671050377,0.938155435882429,0.00641173849794724,0.806183737739915,1.06701671050377,0.866647329203512,0.00515364192529435,0.748852878330814,0.987710374527791,0.866647329203512,0.00515364192529435,0.748852878330814,0.987710374527791,0.898694139809254,0.00781851342026381,0.757791795117885,1.05023142208642,0.898694139809254,0.00781851342026381,0.757791795117885,1.05023142208642,0.982985436874404,0.00700497081351267,0.853069276298295,1.13172333011676,0.982985436874404,0.00700497081351267,0.853069276298295,1.13172333011676
"none","none",2,"binary",15,161,1,1,1,1,1,1,1,1,1.10904826525054,0.00824445976789173,0.962250085424276,1.25992133376289,1.10904826525054,0.00824445976789173,0.962250085424276,1.25992133376289,0.972958489520597,0.00625386849045457,0.846976559735285,1.10577421495336,0.972958489520597,0.00625386849045457,0.846976559735285,1.10577421495336,1.01347878118951,0.00938410110991941,0.858752418891964,1.17016418903035,1.01347878118951,0.00938410110991941,0.858752418891964,1.17016418903035,1.02910489007021,0.00819139990787688,0.887655293406681,1.17854202245608,1.02910489007021,0.00819139990787688,0.887655293406681,1.17854202245608
"none","none",2,"binary",15,162,1,1,1,1,1,1,1,1,1.03189235032604,0.00806924586553991,0.88338066611275,1.18208271775583,1.03189235032604,0.00806924586553991,0.88338066611275,1.18208271775583,1.05664638788163,0.00739179300845881,0.915121658137134,1.19688725130773,1.05664638788163,0.00739179300845881,0.915121658137134,1.19688725130773,1.02992954641261,0.00945978833073932,0.873097376160822,1.1909108958619,1.02992954641261,0.00945978833073932,0.873097376160822,1.1909108958619,1.19967246304006,0.00967858534472143,1.04561642561464,1.36904528453537,1.19967246304006,0.00967858534472143,1.04561642561464,1.36904528453537
"none","none",2,"binary",15,163,1,1,1,1,1,1,1,1,1.10131839072244,0.00844269377220475,0.950190886955752,1.25228024683102,1.10131839072244,0.00844269377220475,0.950190886955752,1.25228024683102,1.00343956200596,0.00665713348007064,0.872161020589609,1.14179881168426,1.00343956200596,0.00665713348007064,0.872161020589609,1.14179881168426,1.01163747715673,0.00916164599054276,0.855281938906884,1.17277510047363,1.01163747715673,0.00916164599054276,0.855281938906884,1.17277510047363,1.07998264906313,0.00816682626147389,0.935779278726915,1.23397539773398,1.07998264906313,0.00816682626147389,0.935779278726915,1.23397539773398
"none","none",2,"binary",15,164,1,1,1,1,1,1,1,1,1.05017852784428,0.00765890024902874,0.905638226106904,1.19323521450283,1.05017852784428,0.00765890024902874,0.905638226106904,1.19323521450283,0.942371771470397,0.00604431099287909,0.815785663458564,1.07975568597421,0.942371771470397,0.00604431099287909,0.815785663458564,1.07975568597421,0.927169806052511,0.00835639017664012,0.779077125043077,1.08203518849608,0.927169806052511,0.00835639017664012,0.779077125043077,1.08203518849608,0.962661696952449,0.00742064376130489,0.821897681996975,1.10520018268341,0.962661696952449,0.00742064376130489,0.821897681996975,1.10520018268341
"none","none",2,"binary",15,165,1,1,1,1,1,1,1,1,1.00847300753015,0.00752789953159219,0.863406385964495,1.14999884826524,1.00847300753015,0.00752789953159219,0.863406385964495,1.14999884826524,0.989831879439675,0.00627263847070577,0.860917010984686,1.12150846469257,0.989831879439675,0.00627263847070577,0.860917010984686,1.12150846469257,0.960467874836868,0.00860788336240359,0.80792590448506,1.1159856020885,0.960467874836868,0.00860788336240359,0.80792590448506,1.1159856020885,1.0389349707933,0.0076544364532316,0.901862421238224,1.18728271048538,1.0389349707933,0.0076544364532316,0.901862421238224,1.18728271048538
"none","none",2,"binary",15,166,1,1,1,1,1,1,1,1,0.97548435145208,0.00727613089352533,0.834348241173193,1.11839360687097,0.97548435145208,0.00727613089352533,0.834348241173193,1.11839360687097,0.984382132922301,0.00633887237924393,0.853682842302516,1.11941695251556,0.984382132922301,0.00633887237924393,0.853682842302516,1.11941695251556,0.948182870513218,0.00823067898702877,0.798159200649073,1.09926586643418,0.948182870513218,0.00823067898702877,0.798159200649073,1.09926586643418,1.08198129572857,0.00809428557583134,0.942075187814956,1.2334576841126,1.08198129572857,0.00809428557583134,0.942075187814956,1.2334576841126
"none","none",2,"binary",15,167,1,1,1,1,1,1,1,1,1.0040467722124,0.00744588256472498,0.860471322406369,1.14641796893264,1.0040467722124,0.00744588256472498,0.860471322406369,1.14641796893264,1.00824121772471,0.00627152601434088,0.88274590231223,1.14106362159892,1.00824121772471,0.00627152601434088,0.88274590231223,1.14106362159892,0.950784679002144,0.00787056166937326,0.807724235368708,1.09694602583607,0.950784679002144,0.00787056166937326,0.807724235368708,1.09694602583607,0.973700906898247,0.00736000760938746,0.838134129743117,1.12303547485376,0.973700906898247,0.00736000760938746,0.838134129743117,1.12303547485376
"none","none",2,"binary",15,168,1,1,1,1,1,1,1,1,0.979973528679202,0.00733814294567961,0.841911848175666,1.1206572863241,0.979973528679202,0.00733814294567961,0.841911848175666,1.1206572863241,1.04419092497649,0.00647922933927504,0.913072314470369,1.17885561935205,1.04419092497649,0.00647922933927504,0.913072314470369,1.17885561935205,0.923824208612317,0.00806781769414873,0.779304084333049,1.06972906968043,0.923824208612317,0.00806781769414873,0.779304084333049,1.06972906968043,0.898752195818013,0.00691888123524549,0.76601512159475,1.04241502797838,0.898752195818013,0.00691888123524549,0.76601512159475,1.04241502797838
"none","none",2,"binary",15,169,1,1,1,1,1,1,1,1,1.15381509391349,0.00906120168297423,0.998862414605568,1.31182586555082,1.15381509391349,0.00906120168297423,0.998862414605568,1.31182586555082,1.13003248515529,0.0078455422194874,0.98753126052094,1.27706209150061,1.13003248515529,0.0078455422194874,0.98753126052094,1.27706209150061,1.11127499933795,0.0102949187916028,0.946457924198611,1.27837440483221,1.11127499933795,0.0102949187916028,0.946457924198611,1.27837440483221,1.06123985118223,0.0085413382752852,0.913520616753819,1.21837754284401,1.06123985118223,0.0085413382752852,0.913520616753819,1.21837754284401
"none","none",2,"binary",15,170,1,1,1,1,1,1,1,1,1.025478399936,0.00774861193276542,0.882198554866852,1.16613709934351,1.025478399936,0.00774861193276542,0.882198554866852,1.16613709934351,1.06368729087155,0.00677284965465806,0.935313668665411,1.20326876245047,1.06368729087155,0.00677284965465806,0.935313668665411,1.20326876245047,0.977839084156643,0.00879401641697528,0.827128280815863,1.13442806074276,0.977839084156643,0.00879401641697528,0.827128280815863,1.13442806074276,1.02224571678664,0.00783889568740088,0.883477690817189,1.16818786495025,1.02224571678664,0.00783889568740088,0.883477690817189,1.16818786495025
"none","none",2,"binary",15,171,1,1,1,1,1,1,1,1,1.06765311457165,0.00787609543863195,0.920660473639805,1.21365690351427,1.06765311457165,0.00787609543863195,0.920660473639805,1.21365690351427,1.08000251712009,0.00695888067124604,0.94578305479567,1.22235612236037,1.08000251712009,0.00695888067124604,0.94578305479567,1.22235612236037,0.981963103220766,0.00878802883476081,0.829255301060921,1.13958588752323,0.981963103220766,0.00878802883476081,0.829255301060921,1.13958588752323,0.941584980197817,0.00732750915947393,0.806425312420329,1.08667382832105,0.941584980197817,0.00732750915947393,0.806425312420329,1.08667382832105
"none","none",2,"binary",15,172,1,1,1,1,1,1,1,1,0.90971487974416,0.00690366190552168,0.770884750151383,1.04626123933257,0.90971487974416,0.00690366190552168,0.770884750151383,1.04626123933257,0.966898554970552,0.00632803761501599,0.83604945073401,1.10382381397479,0.966898554970552,0.00632803761501599,0.83604945073401,1.10382381397479,0.961592248070032,0.00806067072751925,0.81451365798682,1.11194291542509,0.961592248070032,0.00806067072751925,0.81451365798682,1.11194291542509,1.00685412674486,0.00742846136153476,0.865824610432501,1.15341379446194,1.00685412674486,0.00742846136153476,0.865824610432501,1.15341379446194
"none","none",2,"binary",15,173,1,1,1,1,1,1,1,1,0.907847687375047,0.00676446427057791,0.773673490298945,1.04172166833416,0.907847687375047,0.00676446427057791,0.773673490298945,1.04172166833416,0.99443237738408,0.00625721038637277,0.866546964793651,1.12923285035778,0.99443237738408,0.00625721038637277,0.866546964793651,1.12923285035778,1.0106214224545,0.00889807202463371,0.856237581600632,1.16338032679191,1.0106214224545,0.00889807202463371,0.856237581600632,1.16338032679191,1.01683578015232,0.00789938073413648,0.871879595134736,1.16510165357561,1.01683578015232,0.00789938073413648,0.871879595134736,1.16510165357561
"none","none",2,"binary",15,174,1,1,1,1,1,1,1,1,1.04783567146348,0.00781100689870217,0.906966973482582,1.19061936098544,1.04783567146348,0.00781100689870217,0.906966973482582,1.19061936098544,1.03842622834081,0.00664369783393203,0.905553282198557,1.17981622798111,1.03842622834081,0.00664369783393203,0.905553282198557,1.17981622798111,1.03520233824563,0.00896218403051617,0.884152061205444,1.197683313316,1.03520233824563,0.00896218403051617,0.884152061205444,1.197683313316,0.928072133853894,0.00710949609366799,0.792241360089467,1.0697641406158,0.928072133853894,0.00710949609366799,0.792241360089467,1.0697641406158
"none","none",2,"binary",15,175,1,1,1,1,1,1,1,1,1.20024216868397,0.00910158252012231,1.04013629802988,1.36119626389612,1.20024216868397,0.00910158252012231,1.04013629802988,1.36119626389612,1.10529922226237,0.00757241429806748,0.96624168170439,1.25068372957051,1.10529922226237,0.00757241429806748,0.96624168170439,1.25068372957051,1.09562072471104,0.0100450814046694,0.932001679221278,1.26826761619289,1.09562072471104,0.0100450814046694,0.932001679221278,1.26826761619289,1.09179366568617,0.00876846204529707,0.9447437729942,1.24876340947471,1.09179366568617,0.00876846204529707,0.9447437729942,1.24876340947471
"none","none",2,"binary",15,176,1,1,1,1,1,1,1,1,1.16080838673479,0.00909088644997177,1.00066058231581,1.31736671510425,1.16080838673479,0.00909088644997177,1.00066058231581,1.31736671510425,1.01591046219391,0.00715045961445701,0.882555292329676,1.15547678355568,1.01591046219391,0.00715045961445701,0.882555292329676,1.15547678355568,1.17512035100859,0.0110088963327895,1.01002923308938,1.35305824799131,1.17512035100859,0.0110088963327895,1.01002923308938,1.35305824799131,1.1118750261951,0.0089377486980177,0.956909927886178,1.27232909792718,1.1118750261951,0.0089377486980177,0.956909927886178,1.27232909792718
"none","none",2,"binary",15,177,1,1,1,1,1,1,1,1,0.96550908249424,0.00752760057153767,0.825745043625259,1.10899384825197,0.96550908249424,0.00752760057153767,0.825745043625259,1.10899384825197,1.08535801972515,0.00731840864688422,0.949105781390579,1.23177036285903,1.08535801972515,0.00731840864688422,0.949105781390579,1.23177036285903,1.03006023923952,0.00903163588069517,0.87450729138217,1.19346921624729,1.03006023923952,0.00903163588069517,0.87450729138217,1.19346921624729,0.99761859711125,0.00786779138598697,0.85862034993736,1.14886626112505,0.99761859711125,0.00786779138598697,0.85862034993736,1.14886626112505
"none","none",2,"binary",15,178,1,1,1,1,1,1,1,1,1.03502157047713,0.00795651117733735,0.885211385573952,1.18388313242112,1.03502157047713,0.00795651117733735,0.885211385573952,1.18388313242112,0.952342185706521,0.00613414871988215,0.829999028516727,1.08664165720141,0.952342185706521,0.00613414871988215,0.829999028516727,1.08664165720141,1.00761629665464,0.00892343227687461,0.854883370216241,1.16377273573528,1.00761629665464,0.00892343227687461,0.854883370216241,1.16377273573528,1.11155659124267,0.00824843998621728,0.962142991958432,1.26597726666236,1.11155659124267,0.00824843998621728,0.962142991958432,1.26597726666236
"none","none",2,"binary",15,179,1,1,1,1,1,1,1,1,0.987867726423548,0.00710889375593158,0.845178428235842,1.12572960424683,0.987867726423548,0.00710889375593158,0.845178428235842,1.12572960424683,1.00509938339748,0.00615255026475508,0.878937830410441,1.14122696202036,1.00509938339748,0.00615255026475508,0.878937830410441,1.14122696202036,1.00223724133899,0.00875718787428606,0.851802998382307,1.15811341854516,1.00223724133899,0.00875718787428606,0.851802998382307,1.15811341854516,0.924078030182203,0.00704644651477595,0.787124849686945,1.06805300857935,0.924078030182203,0.00704644651477595,0.787124849686945,1.06805300857935
"none","none",2,"binary",15,180,1,1,1,1,1,1,1,1,1.09297588453753,0.00861982541358123,0.939322603730953,1.24571536287551,1.09297588453753,0.00861982541358123,0.939322603730953,1.24571536287551,1.04103497463389,0.00719406110395963,0.906311154368614,1.18875841354438,1.04103497463389,0.00719406110395963,0.906311154368614,1.18875841354438,1.13777439320337,0.0104168726912202,0.976587672423915,1.31428048298005,1.13777439320337,0.0104168726912202,0.976587672423915,1.31428048298005,1.1702234506145,0.00956943429623391,1.01345698814841,1.33782586513089,1.1702234506145,0.00956943429623391,1.01345698814841,1.33782586513089
"none","none",2,"binary",15,181,1,1,1,1,1,1,1,1,0.975935583522667,0.00709487486587896,0.840213653655683,1.10758754828781,0.975935583522667,0.00709487486587896,0.840213653655683,1.10758754828781,1.00145244935446,0.00625664075413118,0.872890522028329,1.13235507822553,1.00145244935446,0.00625664075413118,0.872890522028329,1.13235507822553,0.976805307774987,0.00816780332117989,0.829548811434322,1.13116131172521,0.976805307774987,0.00816780332117989,0.829548811434322,1.13116131172521,0.907218602459339,0.0066865512735083,0.778802645379104,1.04237108687841,0.907218602459339,0.0066865512735083,0.778802645379104,1.04237108687841
"none","none",2,"binary",15,182,1,1,1,1,1,1,1,1,0.999960698091464,0.00716611789515733,0.861310051524646,1.13939606739925,0.999960698091464,0.00716611789515733,0.861310051524646,1.13939606739925,0.997194144240351,0.00608819595458982,0.87351323755033,1.12774903409353,0.997194144240351,0.00608819595458982,0.87351323755033,1.12774903409353,0.990101672020782,0.0084105927675853,0.840444577227065,1.13993893660943,0.990101672020782,0.0084105927675853,0.840444577227065,1.13993893660943,0.881147744081198,0.00648061902442881,0.75398079337241,1.02014832474242,0.881147744081198,0.00648061902442881,0.75398079337241,1.02014832474242
"none","none",2,"binary",15,183,1,1,1,1,1,1,1,1,0.960896029359176,0.00752388047094242,0.818694513660905,1.10004171370226,0.960896029359176,0.00752388047094242,0.818694513660905,1.10004171370226,0.969165951176051,0.0063200288233117,0.840136906215526,1.09945539797516,0.969165951176051,0.0063200288233117,0.840136906215526,1.09945539797516,1.13698749878307,0.0100815755850319,0.974530478241555,1.3021002390293,1.13698749878307,0.0100815755850319,0.974530478241555,1.3021002390293,1.1159580077742,0.00856633201081033,0.971736962575124,1.2717825053117,1.1159580077742,0.00856633201081033,0.971736962575124,1.2717825053117
"none","none",2,"binary",15,184,1,1,1,1,1,1,1,1,1.06234900943135,0.00810247795135264,0.911234265586883,1.20955515293458,1.06234900943135,0.00810247795135264,0.911234265586883,1.20955515293458,0.974480928633313,0.00666701981233109,0.841315143004499,1.11046930774062,0.974480928633313,0.00666701981233109,0.841315143004499,1.11046930774062,1.12634916024861,0.0102937675083441,0.96532331977003,1.29163066306235,1.12634916024861,0.0102937675083441,0.96532331977003,1.29163066306235,1.06921119773014,0.00853757571173296,0.921282502414156,1.22567483207022,1.06921119773014,0.00853757571173296,0.921282502414156,1.22567483207022
"none","none",2,"binary",15,185,1,1,1,1,1,1,1,1,0.924008784168949,0.00649478960098406,0.792786067243584,1.05521192186012,0.924008784168949,0.00649478960098406,0.792786067243584,1.05521192186012,0.961112749359624,0.00583596162236672,0.839544176350621,1.08620064537206,0.961112749359624,0.00583596162236672,0.839544176350621,1.08620064537206,0.978214233870891,0.00856612448337994,0.828744115360895,1.13424905583228,0.978214233870891,0.00856612448337994,0.828744115360895,1.13424905583228,0.896889917741862,0.00665888197650553,0.767105484410587,1.03413027265243,0.896889917741862,0.00665888197650553,0.767105484410587,1.03413027265243
"none","none",2,"binary",15,186,1,1,1,1,1,1,1,1,0.883832774796697,0.00643769657706282,0.753418882110749,1.01498867514065,0.883832774796697,0.00643769657706282,0.753418882110749,1.01498867514065,0.897283092416537,0.00554243542472999,0.778178654264057,1.02204853961052,0.897283092416537,0.00554243542472999,0.778178654264057,1.02204853961052,0.940394282537815,0.00807036161076392,0.795915283751657,1.08640288081392,0.940394282537815,0.00807036161076392,0.795915283751657,1.08640288081392,1.00119921795199,0.00749326611989496,0.863654706274731,1.15110517754652,1.00119921795199,0.00749326611989496,0.863654706274731,1.15110517754652
"none","none",2,"binary",15,187,1,1,1,1,1,1,1,1,1.04742120939192,0.00812283808812962,0.898839089576519,1.19527574539836,1.04742120939192,0.00812283808812962,0.898839089576519,1.19527574539836,1.04414772120926,0.00676186755869542,0.914203640364121,1.18197147132381,1.04414772120926,0.00676186755869542,0.914203640364121,1.18197147132381,1.0939990842336,0.00958119175898547,0.936099338611626,1.2576371663942,1.0939990842336,0.00958119175898547,0.936099338611626,1.2576371663942,0.916721665880953,0.00717740894643127,0.781265639527072,1.06171334022535,0.916721665880953,0.00717740894643127,0.781265639527072,1.06171334022535
"none","none",2,"binary",15,188,1,1,1,1,1,1,1,1,1.06107189777078,0.00793528530003369,0.917092833850522,1.20472341293302,1.06107189777078,0.00793528530003369,0.917092833850522,1.20472341293302,1.03908936845091,0.00692389898723529,0.904969296801429,1.17974201549336,1.03908936845091,0.00692389898723529,0.904969296801429,1.17974201549336,0.970089753472009,0.00857834501237442,0.825327740841957,1.12872052789744,0.970089753472009,0.00857834501237442,0.825327740841957,1.12872052789744,1.07629226112943,0.00842968587485904,0.931437712445459,1.23147882108601,1.07629226112943,0.00842968587485904,0.931437712445459,1.23147882108601
"none","none",2,"binary",15,189,1,1,1,1,1,1,1,1,0.895753476705291,0.00686909431720675,0.761318661243314,1.03643051536304,0.895753476705291,0.00686909431720675,0.761318661243314,1.03643051536304,1.02000018433163,0.00652034145800282,0.893248017449169,1.1580285452474,1.02000018433163,0.00652034145800282,0.893248017449169,1.1580285452474,0.975942566879967,0.00860353750112058,0.8229276608286,1.13001458908269,0.975942566879967,0.00860353750112058,0.8229276608286,1.13001458908269,1.01471251767462,0.00710811480359899,0.879603224275862,1.15959668348607,1.01471251767462,0.00710811480359899,0.879603224275862,1.15959668348607
"none","none",2,"binary",15,190,1,1,1,1,1,1,1,1,1.06814054381127,0.00781296277393498,0.926943347156954,1.21422341174966,1.06814054381127,0.00781296277393498,0.926943347156954,1.21422341174966,1.01929605333519,0.00659265534173118,0.888707800538398,1.15460658504975,1.01929605333519,0.00659265534173118,0.888707800538398,1.15460658504975,1.01467857354327,0.0089309692663728,0.860321539913957,1.1665713688426,1.01467857354327,0.0089309692663728,0.860321539913957,1.1665713688426,1.01067438029066,0.00800972479038081,0.870419913466946,1.16107411922608,1.01067438029066,0.00800972479038081,0.870419913466946,1.16107411922608
"none","none",2,"binary",15,191,1,1,1,1,1,1,1,1,1.04416742982888,0.00827545302564332,0.896756542586766,1.19104058724439,1.04416742982888,0.00827545302564332,0.896756542586766,1.19104058724439,1.13100462266197,0.00778217000467212,0.988723935632573,1.28113633113065,1.13100462266197,0.00778217000467212,0.988723935632573,1.28113633113065,1.12976955180402,0.0103942343425181,0.966277783750279,1.30047636580183,1.12976955180402,0.0103942343425181,0.966277783750279,1.30047636580183,1.05641228883518,0.00880034085161277,0.907781836164689,1.21503433552753,1.05641228883518,0.00880034085161277,0.907781836164689,1.21503433552753
"none","none",2,"binary",15,192,1,1,1,1,1,1,1,1,1.01310885627902,0.00761196708131732,0.866814314293571,1.15593214818997,1.01310885627902,0.00761196708131732,0.866814314293571,1.15593214818997,0.937432102749935,0.00619100413182333,0.81102824080758,1.06923760837597,0.937432102749935,0.00619100413182333,0.81102824080758,1.06923760837597,0.987281229816715,0.00837606665954983,0.840114956175746,1.14201466456657,0.987281229816715,0.00837606665954983,0.840114956175746,1.14201466456657,1.05375481587965,0.00779319556032721,0.91696822740385,1.20220896326973,1.05375481587965,0.00779319556032721,0.91696822740385,1.20220896326973
"none","none",2,"binary",15,193,1,1,1,1,1,1,1,1,0.982368682531578,0.00690199234523705,0.844451522303518,1.11588724495258,0.982368682531578,0.00690199234523705,0.844451522303518,1.11588724495258,0.954048520963808,0.00568945003630379,0.831839685313579,1.08289281079126,0.954048520963808,0.00568945003630379,0.831839685313579,1.08289281079126,0.97661515807754,0.00819397747209404,0.828942131623997,1.12537429523294,0.97661515807754,0.00819397747209404,0.828942131623997,1.12537429523294,0.932337486496879,0.00675142607465092,0.799417159555936,1.06902699228187,0.932337486496879,0.00675142607465092,0.799417159555936,1.06902699228187
"none","none",2,"binary",15,194,1,1,1,1,1,1,1,1,1.13391503596245,0.00873735862017433,0.979247009255516,1.28855541788887,1.13391503596245,0.00873735862017433,0.979247009255516,1.28855541788887,1.03182473020398,0.0069059614813572,0.899738198524978,1.17672720715253,1.03182473020398,0.0069059614813572,0.899738198524978,1.17672720715253,0.996201051872618,0.00894540450839846,0.841222077163398,1.15071627432036,0.996201051872618,0.00894540450839846,0.841222077163398,1.15071627432036,0.968970553616493,0.00786411909994851,0.828177527016809,1.1218424829833,0.968970553616493,0.00786411909994851,0.828177527016809,1.1218424829833
"none","none",2,"binary",15,195,1,1,1,1,1,1,1,1,0.941713710739038,0.00686337762033953,0.80203227785163,1.07748036169813,0.941713710739038,0.00686337762033953,0.80203227785163,1.07748036169813,0.935665230971647,0.00578462729343738,0.814840893624692,1.06454460536833,0.935665230971647,0.00578462729343738,0.814840893624692,1.06454460536833,1.02345770225744,0.00829223044689965,0.872396293849988,1.17293258794331,1.02345770225744,0.00829223044689965,0.872396293849988,1.17293258794331,0.877505855489119,0.00661173013420409,0.748175933202617,1.01357847672877,0.877505855489119,0.00661173013420409,0.748175933202617,1.01357847672877
"none","none",2,"binary",15,196,1,1,1,1,1,1,1,1,0.9994676443514,0.00713686509734526,0.85860014500699,1.14201095013227,0.9994676443514,0.00713686509734526,0.85860014500699,1.14201095013227,0.837456762360545,0.0053791117132584,0.720875612174823,0.958605784441066,0.837456762360545,0.0053791117132584,0.720875612174823,0.958605784441066,0.99468173694562,0.00869710351699466,0.84545853085072,1.1458464035148,0.99468173694562,0.00869710351699466,0.84545853085072,1.1458464035148,0.996501973553492,0.00729219865422967,0.860380475389778,1.13848424913187,0.996501973553492,0.00729219865422967,0.860380475389778,1.13848424913187
"none","none",2,"binary",15,197,1,1,1,1,1,1,1,1,1.0196373863517,0.0075403998793693,0.878767343070006,1.1568738205782,1.0196373863517,0.0075403998793693,0.878767343070006,1.1568738205782,0.981736070471292,0.00641004153674307,0.852668343714798,1.11752543060775,0.981736070471292,0.00641004153674307,0.852668343714798,1.11752543060775,0.982691053621708,0.00900531162614141,0.827718774593201,1.14453090269983,0.982691053621708,0.00900531162614141,0.827718774593201,1.14453090269983,1.06530071679829,0.00809958301318762,0.922208607012912,1.21629880333877,1.06530071679829,0.00809958301318762,0.922208607012912,1.21629880333877
"none","none",2,"binary",15,198,1,1,1,1,1,1,1,1,0.968586597808267,0.00704695414209744,0.830133900803404,1.1027135606296,0.968586597808267,0.00704695414209744,0.830133900803404,1.1027135606296,0.926903181449205,0.00594009350508574,0.796947056832046,1.05015834997459,0.926903181449205,0.00594009350508574,0.796947056832046,1.05015834997459,0.825968026808718,0.00703957226444772,0.690364410453833,0.966210757329873,0.825968026808718,0.00703957226444772,0.690364410453833,0.966210757329873,0.977018131841281,0.00730186298599928,0.843370134303251,1.12176191452639,0.977018131841281,0.00730186298599928,0.843370134303251,1.12176191452639
"none","none",2,"binary",15,199,1,1,1,1,1,1,1,1,1.02331252786733,0.00693824647368218,0.883609080433147,1.15711649252655,1.02331252786733,0.00693824647368218,0.883609080433147,1.15711649252655,0.811517452290512,0.00511826606436415,0.693152935786881,0.931117127832199,0.811517452290512,0.00511826606436415,0.693152935786881,0.931117127832199,0.975212496426985,0.00793249175288487,0.832193488596648,1.12281918860099,0.975212496426985,0.00793249175288487,0.832193488596648,1.12281918860099,0.897060229281657,0.00666409175930129,0.764233605001457,1.03124706775497,0.897060229281657,0.00666409175930129,0.764233605001457,1.03124706775497
"none","none",2,"binary",15,200,1,1,1,1,1,1,1,1,1.06107952274591,0.00792015550172758,0.912720154414291,1.20905222341176,1.06107952274591,0.00792015550172758,0.912720154414291,1.20905222341176,1.06145749917662,0.00697971732217242,0.928999826773344,1.20256097386551,1.06145749917662,0.00697971732217242,0.928999826773344,1.20256097386551,1.03098713884309,0.00888584787536621,0.875178340169787,1.1888004136777,1.03098713884309,0.00888584787536621,0.875178340169787,1.1888004136777,0.993242097187825,0.00813076549457205,0.852117517391323,1.14707781582615,0.993242097187825,0.00813076549457205,0.852117517391323,1.14707781582615
