"excessvar","re.type","num.re","response","run","rep","beta_int_true","beta_row_true","beta_col_true","beta_dyad_true","delta_int_true","delta_row_true","delta_col_true","delta_dyad_true","beta_intercept_mean","beta_intercept_var","beta_intercept_5q","beta_intercept_95q","delta_intercept_mean","delta_intercept_var","delta_intercept_5q","delta_intercept_95q","beta_row_mean","beta_row_var","beta_row_5q","beta_row_95q","delta_row_mean","delta_row_var","delta_row_5q","delta_row_95q","beta_column_mean","beta_column_var","beta_column_5q","beta_column_95q","delta_column_mean","delta_column_var","delta_column_5q","delta_column_95q","beta_dyad_mean","beta_dyad_var","beta_dyad_5q","beta_dyad_95q","delta_dyad_mean","delta_dyad_var","delta_dyad_5q","delta_dyad_95q"
"high-small","none",2,"continuous",20,1,1,1,1,1,1.0472418876066,1.00786063360134,0.589028092017505,1.0472418876066,1.05331622873222,0.00160470918217996,0.986143879020184,1.11855239753705,1.05331622873222,0.00160470918217996,0.986143879020184,1.11855239753705,0.575266087503734,0.00158526439684818,0.509809477901058,0.642340688189277,0.575266087503734,0.00158526439684818,0.509809477901058,0.642340688189277,0.74560813115604,0.00179642855115534,0.677985110124887,0.816071380204324,0.74560813115604,0.00179642855115534,0.677985110124887,0.816071380204324,1.03268542946388,0.00133059634112562,0.971947475357283,1.09207939147535,1.03268542946388,0.00133059634112562,0.971947475357283,1.09207939147535
"high-small","none",2,"continuous",20,2,1,1,1,1,1.0472418876066,1.00786063360134,0.589028092017505,1.0472418876066,1.06352679759154,0.0018614145842154,0.991180453044923,1.13378744052377,1.06352679759154,0.0018614145842154,0.991180453044923,1.13378744052377,0.57003873285412,0.00183874124120314,0.499542819897049,0.642277519064469,0.57003873285412,0.00183874124120314,0.499542819897049,0.642277519064469,0.634517591338999,0.00208366813731334,0.56168732649259,0.710404479467027,0.634517591338999,0.00208366813731334,0.56168732649259,0.710404479467027,1.02638380459206,0.00154335786558728,0.960971458324034,1.09034763694136,1.02638380459206,0.00154335786558728,0.960971458324034,1.09034763694136
"high-small","none",2,"continuous",20,3,1,1,1,1,1.0472418876066,1.00786063360134,0.589028092017505,1.0472418876066,1.06703918257739,0.00177427350014727,0.996406821095713,1.13563545588335,1.06703918257739,0.00177427350014727,0.996406821095713,1.13563545588335,0.5959780829038,0.00175268084279547,0.52715186044305,0.666506339180353,0.5959780829038,0.00175268084279547,0.52715186044305,0.666506339180353,0.664885976280339,0.00198614622100136,0.593781342302241,0.738976326569535,0.664885976280339,0.00198614622100136,0.593781342302241,0.738976326569535,0.991547533621803,0.00147112203766828,0.92768335248154,1.05399807123631,0.991547533621803,0.00147112203766828,0.92768335248154,1.05399807123631
"high-small","none",2,"continuous",20,4,1,1,1,1,1.0472418876066,1.00786063360134,0.589028092017505,1.0472418876066,1.06285948252035,0.00171164972146003,0.993484781989004,1.1302342967248,1.06285948252035,0.00171164972146003,0.993484781989004,1.1302342967248,0.530035753196053,0.00169085119997712,0.462434139746086,0.59930793680593,0.530035753196053,0.00169085119997712,0.462434139746086,0.59930793680593,0.695452916709233,0.0019160784866087,0.625613984854028,0.768224899937028,0.695452916709233,0.0019160784866087,0.625613984854028,0.768224899937028,1.03139535319601,0.00141922269684239,0.968668428568613,1.09273352784765,1.03139535319601,0.00141922269684239,0.968668428568613,1.09273352784765
"high-small","none",2,"continuous",20,5,1,1,1,1,1.0472418876066,1.00786063360134,0.589028092017505,1.0472418876066,1.00718897687583,0.00155522699052155,0.941060056668077,1.07141155261587,1.00718897687583,0.00155522699052155,0.941060056668077,1.07141155261587,0.509001297263464,0.0015363630633654,0.444561945980519,0.57503285371184,0.509001297263464,0.0015363630633654,0.444561945980519,0.57503285371184,0.677095923830094,0.00174101087717064,0.610523120122586,0.746463117735691,0.677095923830094,0.00174101087717064,0.610523120122586,0.746463117735691,1.03860880408323,0.00128955125062359,0.978816248760794,1.09707754586584,1.03860880408323,0.00128955125062359,0.978816248760794,1.09707754586584
"high-small","none",2,"continuous",20,6,1,1,1,1,1.0472418876066,1.00786063360134,0.589028092017505,1.0472418876066,1.07769420923756,0.00163120355685647,1.00996968982857,1.14346661864397,1.07769420923756,0.00163120355685647,1.00996968982857,1.14346661864397,0.548178485317656,0.00161140062961755,0.482184353303625,0.615803735926702,0.548178485317656,0.00161140062961755,0.482184353303625,0.615803735926702,0.735189118899797,0.00182604661594078,0.667011753147621,0.806231607631817,0.735189118899797,0.00182604661594078,0.667011753147621,0.806231607631817,0.995496300542619,0.00135253476636986,0.934259879010544,1.0553775512279,0.995496300542619,0.00135253476636986,0.934259879010544,1.0553775512279
"high-small","none",2,"continuous",20,7,1,1,1,1,1.0472418876066,1.00786063360134,0.589028092017505,1.0472418876066,1.08131482876202,0.0016876375397191,1.01242880708185,1.1482152641118,1.08131482876202,0.0016876375397191,1.01242880708185,1.1482152641118,0.559961677693928,0.00166710163002275,0.492836658332176,0.628746215812247,0.559961677693928,0.00166710163002275,0.492836658332176,0.628746215812247,0.709423630666417,0.00188916846942835,0.64007840327808,0.78168398043179,0.709423630666417,0.00188916846942835,0.64007840327808,0.78168398043179,0.9499025827304,0.00139928949925894,0.887616599484885,1.01081017280439,0.9499025827304,0.00139928949925894,0.887616599484885,1.01081017280439
"high-small","none",2,"continuous",20,8,1,1,1,1,1.0472418876066,1.00786063360134,0.589028092017505,1.0472418876066,1.01762034290422,0.00167896113424554,0.948911146992894,1.08434883302205,1.01762034290422,0.00167896113424554,0.948911146992894,1.08434883302205,0.586204692702522,0.00165857041988813,0.519251801194571,0.65481302534748,0.586204692702522,0.00165857041988813,0.519251801194571,0.65481302534748,0.657608207526336,0.00187949840207581,0.588437915944519,0.729681100868399,0.657608207526336,0.00187949840207581,0.588437915944519,0.729681100868399,1.02864864211058,0.00139212858936397,0.966523033462087,1.0893989878411,1.02864864211058,0.00139212858936397,0.966523033462087,1.0893989878411
"high-small","none",2,"continuous",20,9,1,1,1,1,1.0472418876066,1.00786063360134,0.589028092017505,1.0472418876066,1.14097756169923,0.00161644671219959,1.07356021529803,1.20645176696491,1.14097756169923,0.00161644671219959,1.07356021529803,1.20645176696491,0.612630440900801,0.00159679646604981,0.546936378217521,0.679949503316903,0.612630440900801,0.00159679646604981,0.546936378217521,0.679949503316903,0.694722433902085,0.00180949949398091,0.62685454450481,0.765442105000202,0.694722433902085,0.00180949949398091,0.62685454450481,0.765442105000202,0.930696164395442,0.00134027880543356,0.869736963862252,0.990306740849324,0.930696164395442,0.00134027880543356,0.869736963862252,0.990306740849324
"high-small","none",2,"continuous",20,10,1,1,1,1,1.0472418876066,1.00786063360134,0.589028092017505,1.0472418876066,0.987205560114807,0.0017022663761391,0.918021476061214,1.05439539414859,0.987205560114807,0.0017022663761391,0.918021476061214,1.05439539414859,0.561156965571735,0.00168152611934183,0.493742186674797,0.630238652251081,0.561156965571735,0.00168152611934183,0.493742186674797,0.630238652251081,0.678704057780701,0.00190551446244133,0.609059253660695,0.751276181420514,0.678704057780701,0.00190551446244133,0.609059253660695,0.751276181420514,0.931505145908518,0.00141139791426999,0.86895039721559,0.992675432226819,0.931505145908518,0.00141139791426999,0.86895039721559,0.992675432226819
"high-small","none",2,"continuous",20,11,1,1,1,1,1.0472418876066,1.00786063360134,0.589028092017505,1.0472418876066,0.980498415993015,0.00188173624093459,0.907758364983373,1.0511415359623,0.980498415993015,0.00188173624093459,0.907758364983373,1.0511415359623,0.586889322387626,0.00185883154088047,0.516009385956036,0.659521693080657,0.586889322387626,0.00185883154088047,0.516009385956036,0.659521693080657,0.683383224515533,0.00210643592358845,0.610157122786528,0.759684322237505,0.683383224515533,0.00210643592358845,0.610157122786528,0.759684322237505,1.0266751387626,0.00156021997460155,0.960905792788439,1.09098847502392,1.0266751387626,0.00156021997460155,0.960905792788439,1.09098847502392
"high-small","none",2,"continuous",20,12,1,1,1,1,1.0472418876066,1.00786063360134,0.589028092017505,1.0472418876066,1.09440254195418,0.00184564383969432,1.02236355345508,1.16436477441931,1.09440254195418,0.00184564383969432,1.02236355345508,1.16436477441931,0.529630097180912,0.00182315790435056,0.459433328419173,0.601561682140328,0.529630097180912,0.00182315790435056,0.459433328419173,0.601561682140328,0.676701005117443,0.00206600931597843,0.604181535068864,0.752266934816794,0.676701005117443,0.00206600931597843,0.604181535068864,0.752266934816794,1.00990475488464,0.00153027685301103,0.944770103975163,1.0735971186741,1.00990475488464,0.00153027685301103,0.944770103975163,1.0735971186741
"high-small","none",2,"continuous",20,13,1,1,1,1,1.0472418876066,1.00786063360134,0.589028092017505,1.0472418876066,0.976233859487728,0.0015324084548184,0.91059160892649,1.03998377038709,0.976233859487728,0.0015324084548184,0.91059160892649,1.03998377038709,0.623082562948729,0.0015138259304723,0.559118158488522,0.688629220713717,0.623082562948729,0.0015138259304723,0.559118158488522,0.688629220713717,0.587825800719432,0.00171547279031579,0.521740630754953,0.656680214336455,0.587825800719432,0.00171547279031579,0.521740630754953,0.656680214336455,1.02652182957696,0.00127063678700631,0.967168832743459,1.08456100245193,1.02652182957696,0.00127063678700631,0.967168832743459,1.08456100245193
"high-small","none",2,"continuous",20,14,1,1,1,1,1.0472418876066,1.00786063360134,0.589028092017505,1.0472418876066,1.00410268357192,0.00179620042701041,0.933035288491838,1.07312150276642,1.00410268357192,0.00179620042701041,0.933035288491838,1.07312150276642,0.592203474535844,0.00177434260155256,0.522953192479033,0.663166118524837,0.592203474535844,0.00177434260155256,0.522953192479033,0.663166118524837,0.696455966881964,0.00201069400256587,0.624914069164672,0.771003408485627,0.696455966881964,0.00201069400256587,0.624914069164672,0.771003408485627,0.989226365965909,0.00148930346039693,0.924968497310646,1.05206204212611,0.989226365965909,0.00148930346039693,0.924968497310646,1.05206204212611
"high-small","none",2,"continuous",20,15,1,1,1,1,1.0472418876066,1.00786063360134,0.589028092017505,1.0472418876066,1.0366307633926,0.00166205467766317,0.968268807047703,1.10302226609835,1.0366307633926,0.00166205467766317,0.968268807047703,1.10302226609835,0.591821961583254,0.0016418449684002,0.525207534584559,0.660083744763311,0.591821961583254,0.0016418449684002,0.525207534584559,0.660083744763311,0.703006976752481,0.0018605479685378,0.634188525810195,0.774717387066614,0.703006976752481,0.0018605479685378,0.634188525810195,0.774717387066614,0.951204323865031,0.00137809028799464,0.889391637872602,1.01164928489101,0.951204323865031,0.00137809028799464,0.889391637872602,1.01164928489101
"high-small","none",2,"continuous",20,16,1,1,1,1,1.0472418876066,1.00786063360134,0.589028092017505,1.0472418876066,0.989971298808064,0.00172717533141131,0.920282942052515,1.05765091233743,0.989971298808064,0.00172717533141131,0.920282942052515,1.05765091233743,0.564130958902383,0.00170614542069557,0.496224445676861,0.633716391549542,0.564130958902383,0.00170614542069557,0.496224445676861,0.633716391549542,0.707581498978063,0.00193341332253707,0.637429035796874,0.78068321496265,0.707581498978063,0.00193341332253707,0.637429035796874,0.78068321496265,0.946622359476028,0.00143206155435048,0.883611205209193,1.00823906399677,0.946622359476028,0.00143206155435048,0.883611205209193,1.00823906399677
"high-small","none",2,"continuous",20,17,1,1,1,1,1.0472418876066,1.00786063360134,0.589028092017505,1.0472418876066,1.05304243960017,0.00177970590496012,0.982301943597687,1.12174373202779,1.05304243960017,0.00177970590496012,0.982301943597687,1.12174373202779,0.620663873174441,0.00175810183043741,0.551731387158737,0.691300923082453,0.620663873174441,0.00175810183043741,0.551731387158737,0.691300923082453,0.69194241558321,0.00199228843213249,0.620727059494957,0.766146483827993,0.69194241558321,0.00199228843213249,0.620727059494957,0.766146483827993,1.05745496713247,0.0014756705279483,0.993492087540387,1.12000211537431,1.05745496713247,0.0014756705279483,0.993492087540387,1.12000211537431
"high-small","none",2,"continuous",20,18,1,1,1,1,1.0472418876066,1.00786063360134,0.589028092017505,1.0472418876066,1.09994525704551,0.00180469890015479,1.02871026931336,1.1691270139638,1.09994525704551,0.00180469890015479,1.02871026931336,1.1691270139638,0.582333640303957,0.00178277387841829,0.512918927106019,0.653464236918651,0.582333640303957,0.00178277387841829,0.512918927106019,0.653464236918651,0.779056543717553,0.00202024887883661,0.707346167876944,0.85378194734805,0.779056543717553,0.00202024887883661,0.707346167876944,0.85378194734805,1.00919826143795,0.00149637803934946,0.944787409146695,1.0721839050301,1.00919826143795,0.00149637803934946,0.944787409146695,1.0721839050301
"high-small","none",2,"continuous",20,19,1,1,1,1,1.0472418876066,1.00786063360134,0.589028092017505,1.0472418876066,1.0933828253679,0.00181271849753792,1.02198956850591,1.1627182128231,1.0933828253679,0.00181271849753792,1.02198956850591,1.1627182128231,0.617099703824156,0.00179068043231898,0.547531422239888,0.688388374865302,0.617099703824156,0.00179068043231898,0.547531422239888,0.688388374865302,0.724203006964695,0.00202920875593,0.652332622649371,0.799092955245777,0.724203006964695,0.00202920875593,0.652332622649371,0.799092955245777,1.0013154346742,0.00150301611130281,0.936761993807829,1.06444040136779,1.0013154346742,0.00150301611130281,0.936761993807829,1.06444040136779
"high-small","none",2,"continuous",20,20,1,1,1,1,1.0472418876066,1.00786063360134,0.589028092017505,1.0472418876066,0.995431841923318,0.00170316850884735,0.926228932221514,1.06263966241596,0.995431841923318,0.00170316850884735,0.926228932221514,1.06263966241596,0.549916735662645,0.00168243025382791,0.48248381027745,0.619016811797886,0.549916735662645,0.00168243025382791,0.48248381027745,0.619016811797886,0.606734002870825,0.00190653569337488,0.537067852696237,0.679323452506929,0.606734002870825,0.00190653569337488,0.537067852696237,0.679323452506929,0.995349457136213,0.00141215713373431,0.932779249749442,1.05653407819462,0.995349457136213,0.00141215713373431,0.932779249749442,1.05653407819462
"high-small","none",2,"continuous",20,21,1,1,1,1,1.0472418876066,1.00786063360134,0.589028092017505,1.0472418876066,1.04038118387083,0.0016798261478773,0.971654455345602,1.10712682407132,1.04038118387083,0.0016798261478773,0.971654455345602,1.10712682407132,0.622555202759515,0.00165942216571886,0.555585287955453,0.691181549736013,0.622555202759515,0.00165942216571886,0.555585287955453,0.691181549736013,0.668564209915937,0.00188046526727365,0.599376567412094,0.740655926082515,0.668564209915937,0.00188046526727365,0.599376567412094,0.740655926082515,1.00019719208402,0.00139284396044718,0.938054911600968,1.06096423107084,1.00019719208402,0.00139284396044718,0.938054911600968,1.06096423107084
"high-small","none",2,"continuous",20,22,1,1,1,1,1.0472418876066,1.00786063360134,0.589028092017505,1.0472418876066,1.04164032390224,0.00175704661827343,0.971351418277641,1.10990292204679,1.04164032390224,0.00175704661827343,0.971351418277641,1.10990292204679,0.598787183638943,0.00173571439279147,0.530294922136254,0.668972905264043,0.598787183638943,0.00173571439279147,0.530294922136254,0.668972905264043,0.657224013996396,0.00196691749763174,0.586462753363043,0.730953481061234,0.657224013996396,0.00196691749763174,0.586462753363043,0.730953481061234,1.06968308248421,0.00145687969772517,1.00612934728782,1.13182979223752,1.06968308248421,0.00145687969772517,1.00612934728782,1.13182979223752
"high-small","none",2,"continuous",20,23,1,1,1,1,1.0472418876066,1.00786063360134,0.589028092017505,1.0472418876066,1.07737663581214,0.00175652746221951,1.00709848526091,1.14562896085701,1.07737663581214,0.00175652746221951,1.00709848526091,1.14562896085701,0.591893742044461,0.00173514883418458,0.523412605988055,0.66206835743475,0.591893742044461,0.00173514883418458,0.523412605988055,0.66206835743475,0.675375503458965,0.00196627935128799,0.604627865395781,0.749094757292374,0.675375503458965,0.00196627935128799,0.604627865395781,0.749094757292374,0.977021046964847,0.00145640631606618,0.91347688728304,1.03915876225142,0.977021046964847,0.00145640631606618,0.91347688728304,1.03915876225142
"high-small","none",2,"continuous",20,24,1,1,1,1,1.0472418876066,1.00786063360134,0.589028092017505,1.0472418876066,1.08193998823439,0.00166967615950813,1.01342107659804,1.14848364418218,1.08193998823439,0.00166967615950813,1.01342107659804,1.14848364418218,0.539481650889574,0.00164940235228325,0.472713841691143,0.607899578137425,0.539481650889574,0.00164940235228325,0.472713841691143,0.607899578137425,0.671859507097355,0.00186910790133137,0.602880983945922,0.743733229140333,0.671859507097355,0.00186910790133137,0.602880983945922,0.743733229140333,1.0452122445632,0.00138443237638849,0.983259060642892,1.10579373590691,1.0452122445632,0.00138443237638849,0.983259060642892,1.10579373590691
"high-small","none",2,"continuous",20,25,1,1,1,1,1.0472418876066,1.00786063360134,0.589028092017505,1.0472418876066,1.08389104064741,0.00167445767637959,1.01527412810429,1.15052998980212,1.08389104064741,0.00167445767637959,1.01527412810429,1.15052998980212,0.643161254758223,0.00165412224585659,0.576298481404895,0.711678140188569,0.643161254758223,0.00165412224585659,0.576298481404895,0.711678140188569,0.637632621771247,0.0018744590296774,0.568554603781801,0.709608317514617,0.637632621771247,0.0018744590296774,0.568554603781801,0.709608317514617,1.00801890593535,0.00138839592860513,0.945976011284239,1.06868868926645,1.00801890593535,0.00138839592860513,0.945976011284239,1.06868868926645
"high-small","none",2,"continuous",20,26,1,1,1,1,1.0472418876066,1.00786063360134,0.589028092017505,1.0472418876066,1.02594422661074,0.00178851862786077,0.955028645479008,1.09481544617033,1.02594422661074,0.00178851862786077,0.955028645479008,1.09481544617033,0.611013882508175,0.00176677020561203,0.541911648035474,0.681825071885073,0.611013882508175,0.00176677020561203,0.541911648035474,0.681825071885073,0.640568357508782,0.00200211115038577,0.569177189870283,0.714954790425072,0.640568357508782,0.00200211115038577,0.569177189870283,0.714954790425072,1.03071080872599,0.00148294798366824,0.966590817171949,1.09341129454624,1.03071080872599,0.00148294798366824,0.966590817171949,1.09341129454624
"high-small","none",2,"continuous",20,27,1,1,1,1,1.0472418876066,1.00786063360134,0.589028092017505,1.0472418876066,1.05059320422484,0.00172865996489218,0.98087495339931,1.11830194597981,1.05059320422484,0.00172865996489218,0.98087495339931,1.11830194597981,0.626120766848865,0.00170766329494733,0.55818433496209,0.695737399701555,0.626120766848865,0.00170766329494733,0.55818433496209,0.695737399701555,0.732886923377226,0.00193513386818062,0.662702392687001,0.806020341846966,0.732886923377226,0.00193513386818062,0.662702392687001,0.806020341846966,0.986838032757107,0.00143333466981605,0.923798290991616,1.04848307417491,0.986838032757107,0.00143333466981605,0.923798290991616,1.04848307417491
"high-small","none",2,"continuous",20,28,1,1,1,1,1.0472418876066,1.00786063360134,0.589028092017505,1.0472418876066,1.06733787971698,0.00182921864035078,0.995620043020211,1.13698818128067,1.06733787971698,0.00182921864035078,0.995620043020211,1.13698818128067,0.554064724905723,0.00180692322812437,0.484181348610302,0.625675727578913,0.554064724905723,0.00180692322812437,0.484181348610302,0.625675727578913,0.640515118362944,0.00204761239699299,0.568318476119802,0.715743192399157,0.640515118362944,0.00204761239699299,0.568318476119802,0.715743192399157,0.996747177784862,0.00151665132102771,0.931903110484444,1.06015538576617,0.996747177784862,0.00151665132102771,0.931903110484444,1.06015538576617
"high-small","none",2,"continuous",20,29,1,1,1,1,1.0472418876066,1.00786063360134,0.589028092017505,1.0472418876066,1.01673671711855,0.00173141333507973,0.946962626471077,1.08449942557368,1.01673671711855,0.00173141333507973,0.946962626471077,1.08449942557368,0.55985351403757,0.00171036488940288,0.491863069233022,0.629524650356522,0.55985351403757,0.00171036488940288,0.491863069233022,0.629524650356522,0.684922637071096,0.00193819239660286,0.614681744508832,0.75811322607136,0.684922637071096,0.00193819239660286,0.614681744508832,0.75811322607136,1.01679869887335,0.00143560247143006,0.953710553344674,1.07849024074297,1.01679869887335,0.00143560247143006,0.953710553344674,1.07849024074297
"high-small","none",2,"continuous",20,30,1,1,1,1,1.0472418876066,1.00786063360134,0.589028092017505,1.0472418876066,1.0535171974536,0.00181520939601069,0.982074472278588,1.12290031810337,1.0535171974536,0.00181520939601069,0.982074472278588,1.12290031810337,0.569932400105192,0.00179309122065785,0.500317113980282,0.641268950286972,0.569932400105192,0.00179309122065785,0.500317113980282,0.641268950286972,0.630642483733994,0.00203193805881123,0.558722293009374,0.705581705957916,0.630642483733994,0.00203193805881123,0.558722293009374,0.705581705957916,0.998039178163254,0.00150504153084788,0.933443677642065,1.06120438086686,0.998039178163254,0.00150504153084788,0.933443677642065,1.06120438086686
"high-small","none",2,"continuous",20,31,1,1,1,1,1.0472418876066,1.00786063360134,0.589028092017505,1.0472418876066,1.04211082312159,0.00178221069083028,0.971320943723169,1.11086021882068,1.04211082312159,0.00178221069083028,0.971320943723169,1.11086021882068,0.56272609617006,0.00176052011033772,0.493745923284945,0.633411483528122,0.56272609617006,0.00176052011033772,0.493745923284945,0.633411483528122,0.733117696648922,0.0019950307256774,0.661856295499317,0.807375294613226,0.733117696648922,0.0019950307256774,0.661856295499317,0.807375294613226,0.971683142523133,0.00147770063222133,0.90767585709082,1.0342739140916,0.971683142523133,0.00147770063222133,0.90767585709082,1.0342739140916
"high-small","none",2,"continuous",20,32,1,1,1,1,1.0472418876066,1.00786063360134,0.589028092017505,1.0472418876066,1.0902200656778,0.00194635691909734,1.0162418498917,1.16206569441623,1.0902200656778,0.00194635691909734,1.0162418498917,1.16206569441623,0.522687394047511,0.00192262756145639,0.450600994467135,0.596555028983781,0.522687394047511,0.00192262756145639,0.450600994467135,0.596555028983781,0.721107950738374,0.00217872957622314,0.646637784014646,0.798709034940283,0.721107950738374,0.00217872957622314,0.646637784014646,0.798709034940283,1.00646548859009,0.00161376696173307,0.939577292665169,1.07187272907369,1.00646548859009,0.00161376696173307,0.939577292665169,1.07187272907369
"high-small","none",2,"continuous",20,33,1,1,1,1,1.0472418876066,1.00786063360134,0.589028092017505,1.0472418876066,1.13816128193772,0.00182041128185887,1.06661679216037,1.20764358987498,1.13816128193772,0.00182041128185887,1.06661679216037,1.20764358987498,0.615904950082209,0.00179829254265392,0.546188933401455,0.687344841648979,0.615904950082209,0.00179829254265392,0.546188933401455,0.687344841648979,0.748651034908058,0.0020378348746404,0.676628338631149,0.823700221973043,0.748651034908058,0.0020378348746404,0.676628338631149,0.823700221973043,1.01255204822491,0.00150940467113384,0.947861441682131,1.07581123237372,1.01255204822491,0.00150940467113384,0.947861441682131,1.07581123237372
"high-small","none",2,"continuous",20,34,1,1,1,1,1.0472418876066,1.00786063360134,0.589028092017505,1.0472418876066,1.02922488724286,0.00170017326669328,0.960083176398701,1.09637349056565,1.02922488724286,0.00170017326669328,0.960083176398701,1.09637349056565,0.566849067192513,0.0016795226294991,0.499474481763629,0.635889148333376,0.566849067192513,0.0016795226294991,0.499474481763629,0.635889148333376,0.696682055632136,0.00190324193572228,0.627077313713385,0.7692096748926,0.696682055632136,0.00190324193572228,0.627077313713385,0.7692096748926,1.023411847173,0.00140971429131331,0.960894924323766,1.08454494818896,1.023411847173,0.00140971429131331,0.960894924323766,1.08454494818896
"high-small","none",2,"continuous",20,35,1,1,1,1,1.0472418876066,1.00786063360134,0.589028092017505,1.0472418876066,1.00705541478986,0.00179958338667264,0.935920753736893,1.07613929822057,1.00705541478986,0.00179958338667264,0.935920753736893,1.07613929822057,0.533292176990052,0.00177770530542805,0.46397602632157,0.604321243120709,0.533292176990052,0.00177770530542805,0.46397602632157,0.604321243120709,0.668894744999231,0.0020145006476797,0.59728361107091,0.743511587588825,0.668894744999231,0.0020145006476797,0.59728361107091,0.743511587588825,1.06521756813649,0.00149212475591864,1.00090033825839,1.1281104810316,1.06521756813649,0.00149212475591864,1.00090033825839,1.1281104810316
"high-small","none",2,"continuous",20,36,1,1,1,1,1.0472418876066,1.00786063360134,0.589028092017505,1.0472418876066,1.02168786853544,0.00173836821488316,0.951773864519859,1.08958652503215,1.02168786853544,0.00173836821488316,0.951773864519859,1.08958652503215,0.579630555867066,0.00171724242855312,0.51150363403109,0.649441768081343,0.579630555867066,0.00171724242855312,0.51150363403109,0.649441768081343,0.700346167518788,0.00194598681514565,0.629964394289313,0.773683908832212,0.700346167518788,0.00194598681514565,0.629964394289313,0.773683908832212,1.01422717230698,0.00144137505995585,0.951011938024995,1.07604321190619,1.01422717230698,0.00144137505995585,0.951011938024995,1.07604321190619
"high-small","none",2,"continuous",20,37,1,1,1,1,1.0472418876066,1.00786063360134,0.589028092017505,1.0472418876066,1.07421336715562,0.00191184057630676,1.00089394477934,1.14541921653273,1.07421336715562,0.00191184057630676,1.00089394477934,1.14541921653273,0.589487554914027,0.00188854426422934,0.518043357009818,0.662698289004872,0.589487554914027,0.00188854426422934,0.518043357009818,0.662698289004872,0.684153952405431,0.00214010740984562,0.610345505473479,0.761062971949855,0.684153952405431,0.00214010740984562,0.610345505473479,0.761062971949855,0.999502913383068,0.00158516026162514,0.933209758036733,1.0643285449867,0.999502913383068,0.00158516026162514,0.933209758036733,1.0643285449867
"high-small","none",2,"continuous",20,38,1,1,1,1,1.0472418876066,1.00786063360134,0.589028092017505,1.0472418876066,1.06260600172376,0.00184029941884079,0.99067119024808,1.13246697696303,1.06260600172376,0.00184029941884079,0.99067119024808,1.13246697696303,0.546878678425197,0.00181789032832816,0.476783500295996,0.618706418774813,0.546878678425197,0.00181789032832816,0.476783500295996,0.618706418774813,0.648701213632874,0.00206003934560264,0.576285411374073,0.724156899130493,0.648701213632874,0.00206003934560264,0.576285411374073,0.724156899130493,1.03186051609963,0.0015258557817163,0.966820265190235,1.09546043603571,1.03186051609963,0.0015258557817163,0.966820265190235,1.09546043603571
"high-small","none",2,"continuous",20,39,1,1,1,1,1.0472418876066,1.00786063360134,0.589028092017505,1.0472418876066,1.09505830904779,0.00173276434277479,1.02525740073798,1.16284731271084,1.09505830904779,0.00173276434277479,1.02525740073798,1.16284731271084,0.590182199743241,0.00171171645446937,0.52216500967429,0.659881012339909,0.590182199743241,0.00171171645446937,0.52216500967429,0.659881012339909,0.749880673035819,0.00193972625659358,0.679613411349976,0.823101287441796,0.749880673035819,0.00193972625659358,0.679613411349976,0.823101287441796,0.99472356897274,0.00143673605289728,0.931609377214392,1.05644125244899,0.99472356897274,0.00143673605289728,0.931609377214392,1.05644125244899
"high-small","none",2,"continuous",20,40,1,1,1,1,1.0472418876066,1.00786063360134,0.589028092017505,1.0472418876066,0.985295442255637,0.00170150344072308,0.916126557006873,1.05247042290629,0.985295442255637,0.00170150344072308,0.916126557006873,1.05247042290629,0.628064964124935,0.0016808182085385,0.560664718971622,0.6971325108093,0.628064964124935,0.0016808182085385,0.560664718971622,0.6971325108093,0.639480048937251,0.0019047112616186,0.569847360056969,0.712034689788168,0.639480048937251,0.0019047112616186,0.569847360056969,0.712034689788168,0.992194995826757,0.00141080379103445,0.929653528688446,1.05335225593852,0.992194995826757,0.00141080379103445,0.929653528688446,1.05335225593852
"high-small","none",2,"continuous",20,41,1,1,1,1,1.0472418876066,1.00786063360134,0.589028092017505,1.0472418876066,1.0875392082266,0.00168777582540267,1.01865043505581,1.15444235239561,1.0875392082266,0.00168777582540267,1.01865043505581,1.15444235239561,0.548144332583918,0.0016672519955111,0.481016215538109,0.61693171887249,0.548144332583918,0.0016672519955111,0.481016215538109,0.61693171887249,0.738278463670078,0.00188933871491577,0.668930527728066,0.810542413111015,0.738278463670078,0.00188933871491577,0.668930527728066,0.810542413111015,0.961849298049482,0.00139941477851648,0.899560460717387,1.02275974448802,0.961849298049482,0.00139941477851648,0.899560460717387,1.02275974448802
"high-small","none",2,"continuous",20,42,1,1,1,1,1.0472418876066,1.00786063360134,0.589028092017505,1.0472418876066,0.957143656149083,0.00178396753886589,0.8863179079328,1.02592735858832,0.957143656149083,0.00178396753886589,0.8863179079328,1.02592735858832,0.562452799913118,0.00176228700228413,0.493438084340775,0.633173505663569,0.562452799913118,0.00176228700228413,0.493438084340775,0.633173505663569,0.59470034256807,0.00199702711571444,0.52339812239349,0.668990942734611,0.59470034256807,0.00199702711571444,0.52339812239349,0.668990942734611,1.09277641658548,0.00147918431068574,1.02873916212189,1.15539524977822,1.09277641658548,0.00147918431068574,1.02873916212189,1.15539524977822
"high-small","none",2,"continuous",20,43,1,1,1,1,1.0472418876066,1.00786063360134,0.589028092017505,1.0472418876066,1.02606431426018,0.00167205770620169,0.957496453024657,1.09265544729921,1.02606431426018,0.00167205770620169,0.957496453024657,1.09265544729921,0.529010916931962,0.00165174126544738,0.462195741437769,0.597477334891475,0.529010916931962,0.00165174126544738,0.462195741437769,0.597477334891475,0.654140013118879,0.00187175806072721,0.585112487309155,0.72606459882084,0.654140013118879,0.00187175806072721,0.585112487309155,0.72606459882084,1.03706707338684,0.00138639601370278,0.975070207782044,1.09769112770258,1.03706707338684,0.00138639601370278,0.975070207782044,1.09769112770258
"high-small","none",2,"continuous",20,44,1,1,1,1,1.0472418876066,1.00786063360134,0.589028092017505,1.0472418876066,1.05599373907845,0.00161529455459057,0.988599961884628,1.12144471463917,1.05599373907845,0.00161529455459057,0.988599961884628,1.12144471463917,0.513625592222093,0.00159566247565282,0.447954399861122,0.580919661436982,0.513625592222093,0.00159566247565282,0.447954399861122,0.580919661436982,0.665134316606871,0.00180821005670298,0.597289496070009,0.73582806891309,0.665134316606871,0.00180821005670298,0.597289496070009,0.73582806891309,1.00289390238535,0.00133932585140749,0.941958321890803,1.06248031340098,1.00289390238535,0.00133932585140749,0.941958321890803,1.06248031340098
"high-small","none",2,"continuous",20,45,1,1,1,1,1.0472418876066,1.00786063360134,0.589028092017505,1.0472418876066,1.07805718885515,0.00195359713450725,1.00394098742016,1.15003663416514,1.07805718885515,0.00195359713450725,1.00394098742016,1.15003663416514,0.621991265769197,0.0019297946949034,0.549771196003898,0.695997575616704,0.621991265769197,0.0019297946949034,0.549771196003898,0.695997575616704,0.610452226861106,0.00218685067666688,0.535839463075957,0.688194474309597,0.610452226861106,0.00218685067666688,0.535839463075957,0.688194474309597,1.04055894470772,0.00161978540165093,0.973546366038816,1.10608762942385,1.04055894470772,0.00161978540165093,0.973546366038816,1.10608762942385
"high-small","none",2,"continuous",20,46,1,1,1,1,1.0472418876066,1.00786063360134,0.589028092017505,1.0472418876066,1.05818491873605,0.00165548696139427,0.989958106622368,1.12444511856965,1.05818491873605,0.00165548696139427,0.989958106622368,1.12444511856965,0.53954201287878,0.00163540948467252,0.473057999701286,0.60766889543416,0.53954201287878,0.00163540948467252,0.473057999701286,0.60766889543416,0.759236947702987,0.00185325273292238,0.690553396681664,0.830806570176081,0.759236947702987,0.00185325273292238,0.690553396681664,0.830806570176081,1.03414331310211,0.00137268568652377,0.972452552942659,1.09446879421847,1.03414331310211,0.00137268568652377,0.972452552942659,1.09446879421847
"high-small","none",2,"continuous",20,47,1,1,1,1,1.0472418876066,1.00786063360134,0.589028092017505,1.0472418876066,1.03199111007126,0.00178223663104833,0.961200514841077,1.10074113256808,1.03199111007126,0.00178223663104833,0.961200514841077,1.10074113256808,0.591719585145059,0.00176058757078153,0.522738235900415,0.662406334468332,0.591719585145059,0.00176058757078153,0.522738235900415,0.662406334468332,0.727172911286459,0.00199510603403011,0.655908656718824,0.801430636033609,0.727172911286459,0.00199510603403011,0.655908656718824,0.801430636033609,1.03000689593948,0.0014777565727362,0.965998622009754,1.09259855543492,1.03000689593948,0.0014777565727362,0.965998622009754,1.09259855543492
"high-small","none",2,"continuous",20,48,1,1,1,1,1.0472418876066,1.00786063360134,0.589028092017505,1.0472418876066,1.05697483443274,0.00175493981429509,0.986728399301885,1.1251963577479,1.05697483443274,0.00175493981429509,0.986728399301885,1.1251963577479,0.604656229230304,0.00173360685820023,0.536205583660444,0.674799583478688,0.604656229230304,0.00173360685820023,0.536205583660444,0.674799583478688,0.687666401158567,0.00196453161687344,0.61694979225044,0.761352511562507,0.687666401158567,0.00196453161687344,0.61694979225044,0.761352511562507,1.0063725024428,0.00145511130462932,0.942856572533251,1.06848266673186,1.0063725024428,0.00145511130462932,0.942856572533251,1.06848266673186
"high-small","none",2,"continuous",20,49,1,1,1,1,1.0472418876066,1.00786063360134,0.589028092017505,1.0472418876066,1.02514622142129,0.00165817155092408,0.956864220434228,1.09146013746531,1.02514622142129,0.00165817155092408,0.956864220434228,1.09146013746531,0.587587416256772,0.00163806813688485,0.521049594442455,0.65577007614873,0.587587416256772,0.00163806813688485,0.521049594442455,0.65577007614873,0.7760591539642,0.00185626718189792,0.707320019973041,0.847687071278346,0.7760591539642,0.00185626718189792,0.707320019973041,0.847687071278346,1.01607093056347,0.00137491749795381,0.954329261905471,1.07644663782648,1.01607093056347,0.00137491749795381,0.954329261905471,1.07644663782648
"high-small","none",2,"continuous",20,50,1,1,1,1,1.0472418876066,1.00786063360134,0.589028092017505,1.0472418876066,0.989560933755665,0.00163627238835995,0.92173091881324,1.05543572054818,0.989560933755665,0.00163627238835995,0.92173091881324,1.05543572054818,0.634859311439792,0.00161645431168341,0.568762169458326,0.702591029290099,0.634859311439792,0.00161645431168341,0.568762169458326,0.702591029290099,0.699387844706456,0.00183177282387246,0.631101091775701,0.770539406380185,0.699387844706456,0.00183177282387246,0.631101091775701,0.770539406380185,1.06282856342375,0.00135677664192042,1.00149602914993,1.12280390805879,1.06282856342375,0.00135677664192042,1.00149602914993,1.12280390805879
"high-small","none",2,"continuous",20,51,1,1,1,1,1.0472418876066,1.00786063360134,0.589028092017505,1.0472418876066,1.05042327692771,0.00184501349968917,0.978396654910381,1.12037354613728,1.05042327692771,0.00184501349968917,0.978396654910381,1.12037354613728,0.524346635958184,0.00182253747904388,0.454161778044964,0.596265891285219,0.524346635958184,0.00182253747904388,0.454161778044964,0.596265891285219,0.69827358222414,0.00206530669897296,0.625767062411619,0.773827154974469,0.69827358222414,0.00206530669897296,0.625767062411619,0.773827154974469,1.00404496323669,0.00152975566225073,0.938921190804066,1.06772682744278,1.00404496323669,0.00152975566225073,0.938921190804066,1.06772682744278
"high-small","none",2,"continuous",20,52,1,1,1,1,1.0472418876066,1.00786063360134,0.589028092017505,1.0472418876066,1.09530660816106,0.00173550468517656,1.02545046308118,1.16314926606775,1.09530660816106,0.00173550468517656,1.02545046308118,1.16314926606775,0.627506768342232,0.00171444782301435,0.559435500133259,0.697261358664527,0.627506768342232,0.00171444782301435,0.559435500133259,0.697261358664527,0.749813621841289,0.00194282145978455,0.679489509258361,0.823091909311425,0.749813621841289,0.00194282145978455,0.679489509258361,0.823091909311425,1.02032862614801,0.00143902842160514,0.95716390185497,1.08209585506689,1.02032862614801,0.00143902842160514,0.95716390185497,1.08209585506689
"high-small","none",2,"continuous",20,53,1,1,1,1,1.0472418876066,1.00786063360134,0.589028092017505,1.0472418876066,1.06447250198463,0.00164989363371674,0.996361058445423,1.13062068655973,1.06447250198463,0.00164989363371674,0.996361058445423,1.13062068655973,0.595860439202109,0.00162983488148719,0.529490134757268,0.663872144251529,0.595860439202109,0.00162983488148719,0.529490134757268,0.663872144251529,0.688799091675203,0.00184693776272295,0.620232360111284,0.76024636616796,0.688799091675203,0.00184693776272295,0.620232360111284,0.76024636616796,0.956562433430972,0.00136800969740219,0.894976361218556,1.01678572243695,0.956562433430972,0.00136800969740219,0.894976361218556,1.01678572243695
"high-small","none",2,"continuous",20,54,1,1,1,1,1.0472418876066,1.00786063360134,0.589028092017505,1.0472418876066,1.04914803047122,0.00171327295980943,0.979740264392224,1.11655488299395,1.04914803047122,0.00171327295980943,0.979740264392224,1.11655488299395,0.561252750404269,0.0016924498972355,0.493619354693368,0.630558073994278,0.561252750404269,0.0016924498972355,0.493619354693368,0.630558073994278,0.649783283084034,0.00191788999311117,0.579910145362121,0.72258865080615,0.649783283084034,0.00191788999311117,0.579910145362121,0.72258865080615,1.03376461893483,0.0014205657021736,0.971008145869115,1.09513158875565,1.03376461893483,0.0014205657021736,0.971008145869115,1.09513158875565
"high-small","none",2,"continuous",20,55,1,1,1,1,1.0472418876066,1.00786063360134,0.589028092017505,1.0472418876066,1.02987309404269,0.00169587442320723,0.960818662367256,1.09693678566934,1.02987309404269,0.00169587442320723,0.960818662367256,1.09693678566934,0.51328234271616,0.00167528377015077,0.445992588097346,0.58223463542276,0.51328234271616,0.00167528377015077,0.445992588097346,0.58223463542276,0.686326341447474,0.00189843602900063,0.616808964166763,0.758761964484318,0.686326341447474,0.00189843602900063,0.616808964166763,0.758761964484318,1.06334310397548,0.00140615545070466,1.00090603485729,1.12439762199469,1.06334310397548,0.00140615545070466,1.00090603485729,1.12439762199469
"high-small","none",2,"continuous",20,56,1,1,1,1,1.0472418876066,1.00786063360134,0.589028092017505,1.0472418876066,1.07515794413113,0.00186099486672501,1.00282023095325,1.14541048738164,1.07515794413113,0.00186099486672501,1.00282023095325,1.14541048738164,0.57244431240313,0.00183834505085855,0.501955965167434,0.644675147722452,0.57244431240313,0.00183834505085855,0.501955965167434,0.644675147722452,0.729375956231081,0.00208322168192622,0.65655594637615,0.805256649075371,0.729375956231081,0.00208322168192622,0.65655594637615,0.805256649075371,1.00282235968226,0.00154302363061747,0.937415946467719,1.06678110550761,1.00282235968226,0.00154302363061747,0.937415946467719,1.06678110550761
"high-small","none",2,"continuous",20,57,1,1,1,1,1.0472418876066,1.00786063360134,0.589028092017505,1.0472418876066,0.998242981316233,0.00173165574474693,0.928464036273621,1.06601045866045,0.998242981316233,0.00173165574474693,0.928464036273621,1.06601045866045,0.594235978571258,0.001710602670635,0.526240977745475,0.663912348688096,0.594235978571258,0.001710602670635,0.526240977745475,0.663912348688096,0.679100253117545,0.00193846294048984,0.608854362159212,0.752295809450004,0.679100253117545,0.00193846294048984,0.608854362159212,0.752295809450004,1.00075650550789,0.00143580267164687,0.937663513485122,1.06245302829957,1.00075650550789,0.00143580267164687,0.937663513485122,1.06245302829957
"high-small","none",2,"continuous",20,58,1,1,1,1,1.0472418876066,1.00786063360134,0.589028092017505,1.0472418876066,1.03296481020658,0.00164201032845381,0.965015823117072,1.09895495810356,1.03296481020658,0.00164201032845381,0.965015823117072,1.09895495810356,0.577261919533122,0.00162206943332457,0.511049853267076,0.645111073907709,0.577261919533122,0.00162206943332457,0.511049853267076,0.645111073907709,0.63460310326504,0.00183813471999216,0.566197683988245,0.705878103341258,0.63460310326504,0.00183813471999216,0.566197683988245,0.705878103341258,1.02883644197258,0.00136149139737442,0.967398492698743,1.08891420526651,1.02883644197258,0.00136149139737442,0.967398492698743,1.08891420526651
"high-small","none",2,"continuous",20,59,1,1,1,1,1.0472418876066,1.00786063360134,0.589028092017505,1.0472418876066,1.04908597248295,0.00168216070556957,0.980312108487611,1.11587779228182,1.04908597248295,0.00168216070556957,0.980312108487611,1.11587779228182,0.641090234867947,0.00166177443727483,0.574072871823925,0.709764905459063,0.641090234867947,0.00166177443727483,0.574072871823925,0.709764905459063,0.823668235987041,0.00188313365656472,0.75443438212127,0.895813293363397,0.823668235987041,0.00188313365656472,0.75443438212127,0.895813293363397,0.986549767061329,0.0013948153100991,0.924361710216673,1.04736267418882,0.986549767061329,0.0013948153100991,0.924361710216673,1.04736267418882
"high-small","none",2,"continuous",20,60,1,1,1,1,1.0472418876066,1.00786063360134,0.589028092017505,1.0472418876066,1.02941170295661,0.00172230021740779,0.959821631612018,1.0969959092423,1.02941170295661,0.00172230021740779,0.959821631612018,1.0969959092423,0.664671308378924,0.00170140930276162,0.596859571471923,0.734160522004551,0.664671308378924,0.00170140930276162,0.596859571471923,0.734160522004551,0.713972232598951,0.00192804614379841,0.643914928197427,0.786970381456086,0.713972232598951,0.00192804614379841,0.643914928197427,0.786970381456086,1.02517507382734,0.0014280851790846,0.962250905260549,1.08670709728125,1.02517507382734,0.0014280851790846,0.962250905260549,1.08670709728125
"high-small","none",2,"continuous",20,61,1,1,1,1,1.0472418876066,1.00786063360134,0.589028092017505,1.0472418876066,1.05516113311623,0.00171193969178354,0.985780751260304,1.12254168903896,1.05516113311623,0.00171193969178354,0.985780751260304,1.12254168903896,0.625660723087323,0.00169117412609031,0.558053083663761,0.69494021802606,0.625660723087323,0.00169117412609031,0.558053083663761,0.69494021802606,0.733654935261076,0.00191644703842758,0.663809279941459,0.80643371924238,0.733654935261076,0.00191644703842758,0.663809279941459,0.80643371924238,1.02913466128765,0.00141949353912555,0.966400327817001,1.09048091789271,1.02913466128765,0.00141949353912555,0.966400327817001,1.09048091789271
"high-small","none",2,"continuous",20,62,1,1,1,1,1.0472418876066,1.00786063360134,0.589028092017505,1.0472418876066,1.10635873765465,0.00170952388192878,1.03702776622444,1.17369149942194,1.10635873765465,0.00170952388192878,1.03702776622444,1.17369149942194,0.593994124234314,0.0016887321372039,0.526435166221701,0.663223692153668,0.593994124234314,0.0016887321372039,0.526435166221701,0.663223692153668,0.759058141783299,0.00191368230605926,0.689265530851047,0.831786596899225,0.759058141783299,0.00191368230605926,0.689265530851047,0.831786596899225,0.930016856952371,0.00141744469135855,0.867327057600522,0.99131992824325,0.930016856952371,0.00141744469135855,0.867327057600522,0.99131992824325
"high-small","none",2,"continuous",20,63,1,1,1,1,1.0472418876066,1.00786063360134,0.589028092017505,1.0472418876066,1.05539764410335,0.00173645897182996,0.985521644563804,1.12325917981788,1.05539764410335,0.00173645897182996,0.985521644563804,1.12325917981788,0.605128131227797,0.00171535781117217,0.537038762735455,0.674901347915537,0.605128131227797,0.00171535781117217,0.537038762735455,0.674901347915537,0.611478865027832,0.00194384923673374,0.541133104292245,0.684774160912328,0.611478865027832,0.00194384923673374,0.541133104292245,0.684774160912328,1.04756103370314,0.00143979448110352,0.984381218476102,1.10934196029438,1.04756103370314,0.00143979448110352,0.984381218476102,1.10934196029438
"high-small","none",2,"continuous",20,64,1,1,1,1,1.0472418876066,1.00786063360134,0.589028092017505,1.0472418876066,1.04010027530097,0.00169904830522187,0.970981440199774,1.10722670763594,1.04010027530097,0.00169904830522187,0.970981440199774,1.10722670763594,0.620058351805926,0.00167840944167024,0.552706360801926,0.68907614714997,0.620058351805926,0.00167840944167024,0.552706360801926,0.68907614714997,0.672265030957223,0.00190198161700846,0.602682732587048,0.744768056874088,0.672265030957223,0.00190198161700846,0.602682732587048,0.744768056874088,1.00621722019,0.00140878099687334,0.943720505942476,1.06733080812908,1.00621722019,0.00140878099687334,0.943720505942476,1.06733080812908
"high-small","none",2,"continuous",20,65,1,1,1,1,1.0472418876066,1.00786063360134,0.589028092017505,1.0472418876066,1.11441129897568,0.00198187741841302,1.03976120231315,1.18690953841492,1.11441129897568,0.00198187741841302,1.03976120231315,1.18690953841492,0.571453904238367,0.00195771906475899,0.49871285481466,0.645993095533661,0.571453904238367,0.00195771906475899,0.49871285481466,0.645993095533661,0.729317091199809,0.00221849710353362,0.65417035189056,0.807623092972304,0.729317091199809,0.00221849710353362,0.65417035189056,0.807623092972304,0.999222153356593,0.00164322184521962,0.931725639472212,1.06522460601771,0.999222153356593,0.00164322184521962,0.931725639472212,1.06522460601771
"high-small","none",2,"continuous",20,66,1,1,1,1,1.0472418876066,1.00786063360134,0.589028092017505,1.0472418876066,1.01296567562251,0.00161840817961333,0.945507193571343,1.07847967390088,1.01296567562251,0.00161840817961333,0.945507193571343,1.07847967390088,0.57096304618849,0.00159872304708376,0.505229175908617,0.638322353076548,0.57096304618849,0.00159872304708376,0.505229175908617,0.638322353076548,0.676774804186292,0.00181168125828412,0.608865772069398,0.747536977139177,0.676774804186292,0.00181168125828412,0.608865772069398,0.747536977139177,0.945575384546895,0.00134189589516277,0.884580204533548,1.00522071009711,0.945575384546895,0.00134189589516277,0.884580204533548,1.00522071009711
"high-small","none",2,"continuous",20,67,1,1,1,1,1.0472418876066,1.00786063360134,0.589028092017505,1.0472418876066,1.09045754930493,0.00189899465231122,1.01738504273669,1.16142376540601,1.09045754930493,0.00189899465231122,1.01738504273669,1.16142376540601,0.626915987035794,0.00187591422134361,0.555711252510515,0.699881461060633,0.626915987035794,0.00187591422134361,0.555711252510515,0.699881461060633,0.746263217143663,0.00212579590351401,0.672702235439733,0.822914755244948,0.746263217143663,0.00212579590351401,0.672702235439733,0.822914755244948,1.03287493727989,0.00157455721188829,0.966803106433704,1.09748466613093,1.03287493727989,0.00157455721188829,0.966803106433704,1.09748466613093
"high-small","none",2,"continuous",20,68,1,1,1,1,1.0472418876066,1.00786063360134,0.589028092017505,1.0472418876066,1.06077492755504,0.00182615658664384,0.989117387636407,1.13036684334091,1.06077492755504,0.00182615658664384,0.989117387636407,1.13036684334091,0.56432940651721,0.00180393971313329,0.494503774937754,0.6358810423976,0.56432940651721,0.00180393971313329,0.494503774937754,0.6358810423976,0.713290529427804,0.00204423253827107,0.641154598119104,0.788457321590644,0.713290529427804,0.00204423253827107,0.641154598119104,0.788457321590644,1.01484198005339,0.00151414516191427,0.950050817607354,1.07819893326993,1.01484198005339,0.00151414516191427,0.950050817607354,1.07819893326993
"high-small","none",2,"continuous",20,69,1,1,1,1,1.0472418876066,1.00786063360134,0.589028092017505,1.0472418876066,1.12210961632439,0.00185451133509503,1.04989802563987,1.19223969201714,1.12210961632439,0.00185451133509503,1.04989802563987,1.19223969201714,0.606471673778427,0.00183193143140999,0.536106580794106,0.678576879368658,0.606471673778427,0.00183193143140999,0.536106580794106,0.678576879368658,0.70014784685254,0.0020759545096078,0.627454394449745,0.775895565155626,0.70014784685254,0.0020759545096078,0.627454394449745,0.775895565155626,0.985065440126155,0.00153764148195585,0.919772939820288,1.04891290214428,0.985065440126155,0.00153764148195585,0.919772939820288,1.04891290214428
"high-small","none",2,"continuous",20,70,1,1,1,1,1.0472418876066,1.00786063360134,0.589028092017505,1.0472418876066,1.08760165783803,0.00160867922641867,1.02034617386159,1.15291845839374,1.08760165783803,0.00160867922641867,1.02034617386159,1.15291845839374,0.563242985718411,0.00158914120482142,0.497706359794698,0.630399827783374,0.563242985718411,0.00158914120482142,0.497706359794698,0.630399827783374,0.680741247058657,0.00180082168159141,0.613035272173405,0.751290404853698,0.680741247058657,0.00180082168159141,0.613035272173405,0.751290404853698,0.992404008187248,0.00133385231949994,0.931592304004342,1.05186973062704,0.992404008187248,0.00133385231949994,0.931592304004342,1.05186973062704
"high-small","none",2,"continuous",20,71,1,1,1,1,1.0472418876066,1.00786063360134,0.589028092017505,1.0472418876066,1.07253754626621,0.00177979193129326,1.00179545703643,1.14124042870029,1.07253754626621,0.00177979193129326,1.00179545703643,1.14124042870029,0.590643997623848,0.00175819980572581,0.521709431637645,0.661282576014572,0.590643997623848,0.00175819980572581,0.521709431637645,0.661282576014572,0.734365787245647,0.00199239911914546,0.663149241928943,0.808572590780265,0.734365787245647,0.00199239911914546,0.663149241928943,0.808572590780265,1.07179688749979,0.00147575145334208,1.00783227268263,1.1343457572364,1.07179688749979,0.00147575145334208,1.00783227268263,1.1343457572364
"high-small","none",2,"continuous",20,72,1,1,1,1,1.0472418876066,1.00786063360134,0.589028092017505,1.0472418876066,1.05003927862767,0.0019061026790427,0.97682985130539,1.12113819224945,1.05003927862767,0.0019061026790427,0.97682985130539,1.12113819224945,0.540678539376236,0.00188286063607505,0.46934168232384,0.613778579596966,0.540678539376236,0.00188286063607505,0.46934168232384,0.613778579596966,0.673698414044168,0.00213366514648949,0.600001233082742,0.750491759819326,0.673698414044168,0.00213366514648949,0.600001233082742,0.750491759819326,1.00351640322798,0.00158038943699172,0.937323770029047,1.06824333605304,1.00351640322798,0.00158038943699172,0.937323770029047,1.06824333605304
"high-small","none",2,"continuous",20,73,1,1,1,1,1.0472418876066,1.00786063360134,0.589028092017505,1.0472418876066,1.0804678295355,0.0017759759544026,1.00980150599137,1.14909704602528,1.0804678295355,0.0017759759544026,1.00980150599137,1.14909704602528,0.600722090359666,0.00175438138287186,0.531862506421879,0.67128445694166,0.600722090359666,0.00175438138287186,0.531862506421879,0.67128445694166,0.662530915781788,0.0019880725003686,0.591391170597828,0.736656662167766,0.662530915781788,0.0019880725003686,0.591391170597828,0.736656662167766,1.02112901063034,0.0014725489261332,0.957234066081288,1.08360953780699,1.02112901063034,0.0014725489261332,0.957234066081288,1.08360953780699
"high-small","none",2,"continuous",20,74,1,1,1,1,1.0472418876066,1.00786063360134,0.589028092017505,1.0472418876066,1.05592371529381,0.00156510346106535,0.989585504034219,1.12034982941684,1.05592371529381,0.00156510346106535,0.989585504034219,1.12034982941684,0.60586637355407,0.00154612953065051,0.541222943047904,0.672108338718017,0.60586637355407,0.00154612953065051,0.541222943047904,0.672108338718017,0.71578186548307,0.00175208175636588,0.648998502428452,0.785369707730359,0.71578186548307,0.00175208175636588,0.648998502428452,0.785369707730359,0.996231750296706,0.00129774934175475,0.936247814752895,1.05488855342621,0.996231750296706,0.00129774934175475,0.936247814752895,1.05488855342621
"high-small","none",2,"continuous",20,75,1,1,1,1,1.0472418876066,1.00786063360134,0.589028092017505,1.0472418876066,1.10389227648284,0.00175570708046804,1.03363031133389,1.17212871110711,1.10389227648284,0.00175570708046804,1.03363031133389,1.17212871110711,0.549362329645797,0.0017343579547352,0.480896597184956,0.619520340620212,0.549362329645797,0.0017343579547352,0.480896597184956,0.619520340620212,0.662725339365768,0.00196538032965777,0.591992863105498,0.736427004009856,0.662725339365768,0.00196538032965777,0.591992863105498,0.736427004009856,1.03460189987536,0.00145574142123504,0.971073284876431,1.09672385487928,1.03460189987536,0.00145574142123504,0.971073284876431,1.09672385487928
"high-small","none",2,"continuous",20,76,1,1,1,1,1.0472418876066,1.00786063360134,0.589028092017505,1.0472418876066,1.07728299743331,0.0018202729792285,1.0057411878583,1.14676269327748,1.07728299743331,0.0018202729792285,1.0057411878583,1.14676269327748,0.615945719967665,0.00179814542482817,0.546232562468772,0.687382776754342,0.615945719967665,0.00179814542482817,0.546232562468772,0.687382776754342,0.741840523684742,0.00203766845477765,0.669820895878879,0.81688674521423,0.741840523684742,0.00203766845477765,0.669820895878879,0.81688674521423,0.999271130803063,0.00150928157860647,0.934583112597731,1.06252780191992,0.999271130803063,0.00150928157860647,0.934583112597731,1.06252780191992
"high-small","none",2,"continuous",20,77,1,1,1,1,1.0472418876066,1.00786063360134,0.589028092017505,1.0472418876066,1.11053013520978,0.00184477568090914,1.03850826289314,1.18047589649651,1.11053013520978,0.00184477568090914,1.03850826289314,1.18047589649651,0.570707139266186,0.00182233714740751,0.500526368242774,0.642622712784668,0.570707139266186,0.00182233714740751,0.500526368242774,0.642622712784668,0.719442772642164,0.00206508060075688,0.646939879528944,0.794991837667148,0.719442772642164,0.00206508060075688,0.646939879528944,0.794991837667148,1.02378964855826,0.00152958702463685,0.958668909173943,1.08746890265076,1.02378964855826,0.00152958702463685,0.958668909173943,1.08746890265076
"high-small","none",2,"continuous",20,78,1,1,1,1,1.0472418876066,1.00786063360134,0.589028092017505,1.0472418876066,1.04155856615049,0.00173191180890808,0.97177458984734,1.10933106487291,1.04155856615049,0.00173191180890808,0.97177458984734,1.10933106487291,0.6522307019097,0.00171088771836816,0.584230288521823,0.721913213006423,0.6522307019097,0.00171088771836816,0.584230288521823,0.721913213006423,0.70367344244355,0.00193878714310448,0.633421444084587,0.776874817187226,0.70367344244355,0.00193878714310448,0.633421444084587,0.776874817187226,1.01220266662638,0.00143604142203672,0.949103618065474,1.07390559249762,1.01220266662638,0.00143604142203672,0.949103618065474,1.07390559249762
"high-small","none",2,"continuous",20,79,1,1,1,1,1.0472418876066,1.00786063360134,0.589028092017505,1.0472418876066,1.03296208974511,0.00177123741900171,0.962389991712738,1.10149967168984,1.03296208974511,0.00177123741900171,0.962389991712738,1.10149967168984,0.497909490397216,0.00174972584010713,0.429140827096241,0.568376859096132,0.497909490397216,0.00174972584010713,0.429140827096241,0.568376859096132,0.707528962349964,0.00198279356861733,0.636484231842719,0.781556787900542,0.707528962349964,0.00198279356861733,0.636484231842719,0.781556787900542,1.08266393584948,0.00146863837870637,1.01885492175786,1.14505991230842,1.08266393584948,0.00146863837870637,1.01885492175786,1.14505991230842
"high-small","none",2,"continuous",20,80,1,1,1,1,1.0472418876066,1.00786063360134,0.589028092017505,1.0472418876066,0.980919520465768,0.00164087194588772,0.912994561607412,1.04688665205759,0.980919520465768,0.00164087194588772,0.912994561607412,1.04688665205759,0.607804907498341,0.00162094878009834,0.54161582560594,0.675630857627046,0.607804907498341,0.00162094878009834,0.54161582560594,0.675630857627046,0.72303250088754,0.00183686823975617,0.654653136138165,0.794284853001104,0.72303250088754,0.00183686823975617,0.654653136138165,0.794284853001104,0.97331822811229,0.00136055007704472,0.911899948321244,1.03337768122415,0.97331822811229,0.00136055007704472,0.911899948321244,1.03337768122415
"high-small","none",2,"continuous",20,81,1,1,1,1,1.0472418876066,1.00786063360134,0.589028092017505,1.0472418876066,1.05464120160237,0.00179117284644566,0.983673272258559,1.12356344134343,1.05464120160237,0.00179117284644566,0.983673272258559,1.12356344134343,0.660099711171343,0.0017693599478437,0.59094710434224,0.730963594372814,0.660099711171343,0.0017693599478437,0.59094710434224,0.730963594372814,0.634848762843547,0.00200504889537952,0.563406028079736,0.709290299020851,0.634848762843547,0.00200504889537952,0.563406028079736,0.709290299020851,0.956748571011283,0.00148512340137897,0.892580396804882,1.01949675785508,0.956748571011283,0.00148512340137897,0.892580396804882,1.01949675785508
"high-small","none",2,"continuous",20,82,1,1,1,1,1.0472418876066,1.00786063360134,0.589028092017505,1.0472418876066,1.09857366379271,0.00168931883923077,1.02965319256223,1.1655075706774,1.09857366379271,0.00168931883923077,1.02965319256223,1.1655075706774,0.643101353772286,0.00166881306180507,0.57594227841466,0.711921674171181,0.643101353772286,0.00166881306180507,0.57594227841466,0.711921674171181,0.699035985384804,0.00189110790614554,0.629653259464702,0.771331722974012,0.699035985384804,0.00189110790614554,0.629653259464702,0.771331722974012,1.00099522880997,0.0014007257497258,0.938676875912758,1.06193473780008,1.00099522880997,0.0014007257497258,0.938676875912758,1.06193473780008
"high-small","none",2,"continuous",20,83,1,1,1,1,1.0472418876066,1.00786063360134,0.589028092017505,1.0472418876066,1.04001015356894,0.00174976695930812,0.96986757932607,1.10813105249936,1.04001015356894,0.00174976695930812,0.96986757932607,1.10813105249936,0.682306037354022,0.00172850757866141,0.613956497319157,0.752346894045334,0.682306037354022,0.00172850757866141,0.613956497319157,0.752346894045334,0.714990385897304,0.00195875616553728,0.644378381282933,0.788568407351703,0.714990385897304,0.00195875616553728,0.644378381282933,0.788568407351703,0.964474576825939,0.00145083152588529,0.901050580422255,1.02649569964975,0.964474576825939,0.00145083152588529,0.901050580422255,1.02649569964975
"high-small","none",2,"continuous",20,84,1,1,1,1,1.0472418876066,1.00786063360134,0.589028092017505,1.0472418876066,1.03065972086123,0.0017969231692078,0.959578152289666,1.0996924218916,1.03065972086123,0.0017969231692078,0.959578152289666,1.0996924218916,0.627802199966511,0.00177509498778402,0.558537384827387,0.698779948119729,0.627802199966511,0.00177509498778402,0.558537384827387,0.698779948119729,0.736121678882257,0.00201154731156704,0.664564623925034,0.810684872240997,0.736121678882257,0.00201154731156704,0.664564623925034,0.810684872240997,1.0123841137329,0.00148993385725562,0.948112050823573,1.07523405528895,1.0123841137329,0.00148993385725562,0.948112050823573,1.07523405528895
"high-small","none",2,"continuous",20,85,1,1,1,1,1.0472418876066,1.00786063360134,0.589028092017505,1.0472418876066,1.07045010402831,0.0018840834909179,0.997665073106765,1.14113707955663,1.07045010402831,0.0018840834909179,0.997665073106765,1.14113707955663,0.565820683653143,0.00186115083123501,0.494896404010862,0.638498067268713,0.565820683653143,0.00186115083123501,0.494896404010862,0.638498067268713,0.74234171982036,0.00210906531492185,0.669071735260791,0.818691909028144,0.74234171982036,0.00210906531492185,0.669071735260791,0.818691909028144,1.00566694531167,0.00156216555185035,0.939856077462777,1.07002119977556,1.00566694531167,0.00156216555185035,0.939856077462777,1.07002119977556
"high-small","none",2,"continuous",20,86,1,1,1,1,1.0472418876066,1.00786063360134,0.589028092017505,1.0472418876066,1.01156614104877,0.00183601920711167,0.939715191700145,1.08134580461626,1.01156614104877,0.00183601920711167,0.939715191700145,1.08134580461626,0.572387514513782,0.00181366338460366,0.502373998387914,0.644131969623012,0.572387514513782,0.00181366338460366,0.502373998387914,0.644131969623012,0.675649964287674,0.00205525122025717,0.603319224964984,0.751018533106244,0.675649964287674,0.00205525122025717,0.603319224964984,0.751018533106244,1.00658760017421,0.00152230792443476,0.941622257380001,1.07011471079262,1.00658760017421,0.00152230792443476,0.941622257380001,1.07011471079262
"high-small","none",2,"continuous",20,87,1,1,1,1,1.0472418876066,1.00786063360134,0.589028092017505,1.0472418876066,1.0830258935622,0.00175273320865676,1.01282360043552,1.1512045015069,1.0830258935622,0.00175273320865676,1.01282360043552,1.1512045015069,0.582138014265383,0.00173143318422097,0.513730185500561,0.652237090124981,0.582138014265383,0.00173143318422097,0.513730185500561,0.652237090124981,0.690497577284262,0.00196206744479815,0.619825222886582,0.764137412552307,0.690497577284262,0.00196206744479815,0.619825222886582,0.764137412552307,1.02492378593654,0.00145328628185473,0.961448062586075,1.08699444120217,1.02492378593654,0.00145328628185473,0.961448062586075,1.08699444120217
"high-small","none",2,"continuous",20,88,1,1,1,1,1.0472418876066,1.00786063360134,0.589028092017505,1.0472418876066,1.11817122067275,0.00159485718031765,1.05120552898413,1.18320674793109,1.11817122067275,0.00159485718031765,1.05120552898413,1.18320674793109,0.566026551558294,0.00157553059189599,0.500771166285806,0.632894833666318,0.566026551558294,0.00157553059189599,0.500771166285806,0.632894833666318,0.761532268951655,0.00178539849360106,0.694117716726833,0.831779316813094,0.761532268951655,0.00178539849360106,0.694117716726833,0.831779316813094,1.020012743155,0.00132242597453829,0.959461391956056,1.07922432165595,1.020012743155,0.00132242597453829,0.959461391956056,1.07922432165595
"high-small","none",2,"continuous",20,89,1,1,1,1,1.0472418876066,1.00786063360134,0.589028092017505,1.0472418876066,1.06369291115326,0.00180070383754377,0.992535997472365,1.13279842198817,1.06369291115326,0.00180070383754377,0.992535997472365,1.13279842198817,0.643913931827471,0.00177876166190098,0.574577792742613,0.714965799230278,0.643913931827471,0.00177876166190098,0.574577792742613,0.714965799230278,0.557552834290008,0.0020157002586813,0.485918439537035,0.632190164056713,0.557552834290008,0.0020157002586813,0.485918439537035,0.632190164056713,0.986932453856677,0.00149301584770675,0.922595152464375,1.04984531346135,0.986932453856677,0.00149301584770675,0.922595152464375,1.04984531346135
"high-small","none",2,"continuous",20,90,1,1,1,1,1.0472418876066,1.00786063360134,0.589028092017505,1.0472418876066,1.05260287981898,0.0018344403276536,0.980782795341712,1.12235253245496,1.05260287981898,0.0018344403276536,0.980782795341712,1.12235253245496,0.561958492249483,0.00181211870271405,0.491974744607575,0.633672163754907,0.561958492249483,0.00181211870271405,0.491974744607575,0.633672163754907,0.678236385361321,0.00205349983956732,0.6059361133443,0.753572566457933,0.678236385361321,0.00205349983956732,0.6059361133443,0.753572566457933,1.03206448098956,0.00152101075394303,0.967127111599441,1.09556409321745,1.03206448098956,0.00152101075394303,0.967127111599441,1.09556409321745
"high-small","none",2,"continuous",20,91,1,1,1,1,1.0472418876066,1.00786063360134,0.589028092017505,1.0472418876066,0.985009805976394,0.00191018412291886,0.911722109134164,1.05618479929925,0.985009805976394,0.00191018412291886,0.911722109134164,1.05618479929925,0.542251324215853,0.00188690684759651,0.47083785462922,0.615429760650067,0.542251324215853,0.00188690684759651,0.47083785462922,0.615429760650067,0.707455541616858,0.0021382509264155,0.633679853383012,0.784331862279138,0.707455541616858,0.0021382509264155,0.633679853383012,0.784331862279138,1.00760863938654,0.00158378482427321,0.941344613141416,1.07240560947613,1.00760863938654,0.00158378482427321,0.941344613141416,1.07240560947613
"high-small","none",2,"continuous",20,92,1,1,1,1,1.0472418876066,1.00786063360134,0.589028092017505,1.0472418876066,1.01481523563312,0.00176780385132955,0.944311524452167,1.08328647978494,1.01481523563312,0.00176780385132955,0.944311524452167,1.08328647978494,0.621164968910323,0.00174631618675343,0.552463962042323,0.69156514427734,0.621164968910323,0.00174631618675343,0.552463962042323,0.69156514427734,0.640530782986471,0.00197893275369356,0.569553923127605,0.714485233567374,0.640530782986471,0.00197893275369356,0.569553923127605,0.714485233567374,1.03092213293864,0.00146577965569908,0.967174233585262,1.0932588591897,1.03092213293864,0.00146577965569908,0.967174233585262,1.0932588591897
"high-small","none",2,"continuous",20,93,1,1,1,1,1.0472418876066,1.00786063360134,0.589028092017505,1.0472418876066,1.02614441849171,0.00173897983929102,0.956218291237461,1.09405499376677,1.02614441849171,0.00173897983929102,0.956218291237461,1.09405499376677,0.625830125359298,0.00171784208938119,0.557691528124373,0.695654055373244,0.625830125359298,0.00171784208938119,0.557691528124373,0.695654055373244,0.709655722684942,0.00194666845686146,0.639262087285948,0.783006592309285,0.709655722684942,0.00194666845686146,0.639262087285948,0.783006592309285,0.978070153702307,0.00144187904198211,0.91484296438172,1.03989837513345,0.978070153702307,0.00144187904198211,0.91484296438172,1.03989837513345
"high-small","none",2,"continuous",20,94,1,1,1,1,1.0472418876066,1.00786063360134,0.589028092017505,1.0472418876066,1.04494184984287,0.00173514815286144,0.975092404442267,1.11277768635645,1.04494184984287,0.00173514815286144,0.975092404442267,1.11277768635645,0.565840550040349,0.00171410253711215,0.497775877504028,0.635587460087306,0.565840550040349,0.00171410253711215,0.497775877504028,0.635587460087306,0.696264337174838,0.00194242622347272,0.625945569836837,0.769533830726197,0.696264337174838,0.00194242622347272,0.625945569836837,0.769533830726197,1.0909246245281,0.00143873813176162,1.02776789296321,1.15268312570105,1.0909246245281,0.00143873813176162,1.02776789296321,1.15268312570105
"high-small","none",2,"continuous",20,95,1,1,1,1,1.0472418876066,1.00786063360134,0.589028092017505,1.0472418876066,1.08896144595741,0.00166617833214415,1.02051473890074,1.1554353288924,1.08896144595741,0.00166617833214415,1.02051473890074,1.1554353288924,0.613190669920736,0.00164602319121129,0.546491561954358,0.681538540469616,0.613190669920736,0.00164602319121129,0.546491561954358,0.681538540469616,0.801490827642941,0.00186528092293744,0.73258401354056,0.873291592833149,0.801490827642941,0.00186528092293744,0.73258401354056,0.873291592833149,1.08161772849111,0.00138159321604397,1.01972626853105,1.14213999092428,1.08161772849111,0.00138159321604397,1.01972626853105,1.14213999092428
"high-small","none",2,"continuous",20,96,1,1,1,1,1.0472418876066,1.00786063360134,0.589028092017505,1.0472418876066,1.05113510241413,0.00183184931193622,0.979365877960525,1.12083548005203,1.05113510241413,0.00183184931193622,0.979365877960525,1.12083548005203,0.611972889335492,0.00180955329643316,0.542038949663624,0.68363639076689,0.611972889335492,0.00180955329643316,0.542038949663624,0.68363639076689,0.67565887008484,0.00205059476350886,0.603409913437321,0.750941774787919,0.67565887008484,0.00205059476350886,0.603409913437321,0.750941774787919,0.998722527143551,0.00151885843158093,0.933830302729118,1.0621784328706,0.998722527143551,0.00151885843158093,0.933830302729118,1.0621784328706
"high-small","none",2,"continuous",20,97,1,1,1,1,1.0472418876066,1.00786063360134,0.589028092017505,1.0472418876066,1.04221860027336,0.0017850747752599,0.971371501259451,1.11102344645164,1.04221860027336,0.0017850747752599,0.971371501259451,1.11102344645164,0.620252284937859,0.0017634254508021,0.551215491303643,0.690996012000597,0.620252284937859,0.0017634254508021,0.551215491303643,0.690996012000597,0.717815534657307,0.00199832093841961,0.64649253116664,0.792131920643584,0.717815534657307,0.00199832093841961,0.64649253116664,0.792131920643584,1.08121887570534,0.00148013799937911,1.01715916907756,1.14386078340865,1.08121887570534,0.00148013799937911,1.01715916907756,1.14386078340865
"high-small","none",2,"continuous",20,98,1,1,1,1,1.0472418876066,1.00786063360134,0.589028092017505,1.0472418876066,1.09888014992951,0.00159291716888408,1.03195494524195,1.16387625445756,1.09888014992951,0.00159291716888408,1.03195494524195,1.16387625445756,0.608330762771056,0.00157362225260527,0.543115116812818,0.675158918746091,0.608330762771056,0.00157362225260527,0.543115116812818,0.675158918746091,0.707597346473733,0.00178323535699478,0.640221908312393,0.777800370069441,0.707597346473733,0.00178323535699478,0.640221908312393,0.777800370069441,1.04495493281401,0.00132082505719165,0.984440465503651,1.10413030154212,1.04495493281401,0.00132082505719165,0.984440465503651,1.10413030154212
"high-small","none",2,"continuous",20,99,1,1,1,1,1.0472418876066,1.00786063360134,0.589028092017505,1.0472418876066,1.04005338390004,0.00173549192626439,0.970197457017472,1.1078958557736,1.04005338390004,0.00173549192626439,0.970197457017472,1.1078958557736,0.669104464779571,0.00171441783507047,0.601034007838088,0.738859048802912,0.669104464779571,0.00171441783507047,0.601034007838088,0.738859048802912,0.717534722264675,0.00194278876896713,0.64721087334689,0.790812058639465,0.717534722264675,0.00194278876896713,0.64721087334689,0.790812058639465,0.985110832220422,0.0014390046832828,0.921946171670758,1.04687821258343,0.985110832220422,0.0014390046832828,0.921946171670758,1.04687821258343
"high-small","none",2,"continuous",20,100,1,1,1,1,1.0472418876066,1.00786063360134,0.589028092017505,1.0472418876066,1.0424842858637,0.00168529751353801,0.973646211847612,1.10933828639802,1.0424842858637,0.00168529751353801,0.973646211847612,1.10933828639802,0.56934760566493,0.00166479966991291,0.50226897717597,0.638084646704248,0.56934760566493,0.00166479966991291,0.50226897717597,0.638084646704248,0.750535142559397,0.00188656108156497,0.681238750791185,0.822746343811762,0.750535142559397,0.00188656108156497,0.681238750791185,0.822746343811762,0.935865904699985,0.00139735665089253,0.873622287869868,0.996732463488,0.935865904699985,0.00139735665089253,0.873622287869868,0.996732463488
"high-small","none",2,"continuous",20,101,1,1,1,1,1.0472418876066,1.00786063360134,0.589028092017505,1.0472418876066,0.943636896155634,0.00175382841415821,0.873412695163226,1.0118369310066,0.943636896155634,0.00175382841415821,0.873412695163226,1.0118369310066,0.680624151819969,0.00173250579390809,0.612195627591158,0.750746094224908,0.680624151819969,0.00173250579390809,0.612195627591158,0.750746094224908,0.670376252167343,0.00196328615385343,0.599681708329448,0.74403856199222,0.670376252167343,0.00196328615385343,0.599681708329448,0.74403856199222,0.968858159008799,0.00145418839395521,0.905361300116242,1.03095024328948,0.968858159008799,0.00145418839395521,0.905361300116242,1.03095024328948
"high-small","none",2,"continuous",20,102,1,1,1,1,1.0472418876066,1.00786063360134,0.589028092017505,1.0472418876066,1.02395160369876,0.00182112422610998,0.952392682855147,1.09344767535057,1.02395160369876,0.00182112422610998,0.952392682855147,1.09344767535057,0.599689451322496,0.00179894958221825,0.529960671190797,0.671142638143933,0.599689451322496,0.00179894958221825,0.529960671190797,0.671142638143933,0.656630952690474,0.00203857802921292,0.58459371995859,0.731692747697476,0.656630952690474,0.00203857802921292,0.58459371995859,0.731692747697476,0.996313879875546,0.00150995846645534,0.931612345673295,1.0595831390101,0.996313879875546,0.00150995846645534,0.931612345673295,1.0595831390101
"high-small","none",2,"continuous",20,103,1,1,1,1,1.0472418876066,1.00786063360134,0.589028092017505,1.0472418876066,1.10693984976657,0.00158444516768426,1.04019290208428,1.17176283805626,1.10693984976657,0.00158444516768426,1.04019290208428,1.17176283805626,0.574956590796282,0.00156525725031947,0.509914361657067,0.641606525747682,0.574956590796282,0.00156525725031947,0.509914361657067,0.641606525747682,0.730385082689742,0.00177375559421598,0.663189460228395,0.800401696813935,0.730385082689742,0.00177375559421598,0.663189460228395,0.800401696813935,1.05274358583139,0.00131380306412948,0.992390351170741,1.11176121739882,1.05274358583139,0.00131380306412948,0.992390351170741,1.11176121739882
"high-small","none",2,"continuous",20,104,1,1,1,1,1.0472418876066,1.00786063360134,0.589028092017505,1.0472418876066,0.986884223861743,0.00175939152018996,0.916548732811369,1.05519217486327,0.986884223861743,0.00175939152018996,0.916548732811369,1.05519217486327,0.546419649455486,0.00173797271347304,0.477882577342379,0.616650858185689,0.546419649455486,0.00173797271347304,0.477882577342379,0.616650858185689,0.690964826299809,0.00196947845213014,0.620160242739782,0.764744568279754,0.690964826299809,0.00196947845213014,0.620160242739782,0.764744568279754,0.984244324052424,0.00145877582964052,0.920648913742284,1.04643193758411,0.984244324052424,0.00145877582964052,0.920648913742284,1.04643193758411
"high-small","none",2,"continuous",20,105,1,1,1,1,1.0472418876066,1.00786063360134,0.589028092017505,1.0472418876066,1.0904660150513,0.00174078671730751,1.02050325734156,1.15841197124335,1.0904660150513,0.00174078671730751,1.02050325734156,1.15841197124335,0.612523228810183,0.00171966620016341,0.544348397037534,0.682383768977337,0.612523228810183,0.00171966620016341,0.544348397037534,0.682383768977337,0.68384218879049,0.0019487323975544,0.613409229178321,0.757230343627542,0.68384218879049,0.0019487323975544,0.613409229178321,0.757230343627542,1.06667323343865,0.00144340902063636,1.00341355486118,1.12853266746136,1.06667323343865,0.00144340902063636,1.00341355486118,1.12853266746136
"high-small","none",2,"continuous",20,106,1,1,1,1,1.0472418876066,1.00786063360134,0.589028092017505,1.0472418876066,0.99987285598375,0.00163054721340836,0.932161571332183,1.06563221881,0.99987285598375,0.00163054721340836,0.932161571332183,1.06563221881,0.560994299327215,0.00161075868959366,0.495013401645678,0.62860619963923,0.560994299327215,0.00161075868959366,0.495013401645678,0.62860619963923,0.675568278084742,0.00182531753321857,0.607402582964154,0.746595006241068,0.675568278084742,0.00182531753321857,0.607402582964154,0.746595006241068,1.03383888684594,0.00135199660279667,0.972615345141494,1.09370714003339,1.03383888684594,0.00135199660279667,0.972615345141494,1.09370714003339
"high-small","none",2,"continuous",20,107,1,1,1,1,1.0472418876066,1.00786063360134,0.589028092017505,1.0472418876066,1.08906341711652,0.00166358324883681,1.02066964115094,1.15548560588556,1.08906341711652,0.00166358324883681,1.02066964115094,1.15548560588556,0.601440454382971,0.0016433896244113,0.53479475440653,0.669734183234467,0.601440454382971,0.0016433896244113,0.53479475440653,0.669734183234467,0.652545955819709,0.00186229550560291,0.583692581687151,0.724287932326035,0.652545955819709,0.00186229550560291,0.583692581687151,0.724287932326035,1.03404990488973,0.00137938644307598,0.972209148223112,1.09452177014646,1.03404990488973,0.00137938644307598,0.972209148223112,1.09452177014646
"high-small","none",2,"continuous",20,108,1,1,1,1,1.0472418876066,1.00786063360134,0.589028092017505,1.0472418876066,1.0332823448491,0.00170079481201415,0.964128117884873,1.10044325386094,1.0332823448491,0.00170079481201415,0.964128117884873,1.10044325386094,0.642585610373521,0.00168015316395383,0.575198724391508,0.71163930328118,0.642585610373521,0.00168015316395383,0.575198724391508,0.71163930328118,0.70639123454357,0.0019039584664311,0.636773198013301,0.778932207376557,0.70639123454357,0.0019039584664311,0.636773198013301,0.778932207376557,1.00949970555818,0.00141024392300484,0.946969999810597,1.07064589222743,1.00949970555818,0.00141024392300484,0.946969999810597,1.07064589222743
"high-small","none",2,"continuous",20,109,1,1,1,1,1.0472418876066,1.00786063360134,0.589028092017505,1.0472418876066,1.05059335130831,0.00174386708083099,0.980568853997353,1.11859937167562,1.05059335130831,0.00174386708083099,0.980568853997353,1.11859937167562,0.647727491074285,0.00172267165949181,0.579493295787005,0.717649743970444,0.647727491074285,0.00172267165949181,0.579493295787005,0.717649743970444,0.667655884506277,0.00195214064930185,0.597162056165069,0.741108691393908,0.667655884506277,0.00195214064930185,0.597162056165069,0.741108691393908,0.994125578705611,0.00144593350311722,0.930809836441773,1.05604021049928,0.994125578705611,0.00144593350311722,0.930809836441773,1.05604021049928
"high-small","none",2,"continuous",20,110,1,1,1,1,1.0472418876066,1.00786063360134,0.589028092017505,1.0472418876066,0.9931912764998,0.00159945467049084,0.92612872831108,1.05832065299171,0.9931912764998,0.00159945467049084,0.92612872831108,1.05832065299171,0.563514775534463,0.00158006318975587,0.498165609604196,0.630479255339223,0.563514775534463,0.00158006318975587,0.498165609604196,0.630479255339223,0.695091571894686,0.00179053331629183,0.627578573772402,0.765438313128194,0.695091571894686,0.00179053331629183,0.627578573772402,0.765438313128194,1.04367081704642,0.00132623140352948,0.98303323072231,1.10296623962461,1.04367081704642,0.00132623140352948,0.98303323072231,1.10296623962461
"high-small","none",2,"continuous",20,111,1,1,1,1,1.0472418876066,1.00786063360134,0.589028092017505,1.0472418876066,1.02837228559487,0.0016712313199572,0.959821911944393,1.09494685345707,1.02837228559487,0.0016712313199572,0.959821911944393,1.09494685345707,0.633340018574893,0.00165093190160294,0.566541681862954,0.701790677598871,0.633340018574893,0.00165093190160294,0.566541681862954,0.701790677598871,0.721021869224268,0.00187084609471855,0.652013011540721,0.792930207775227,0.721021869224268,0.00187084609471855,0.652013011540721,0.792930207775227,0.961533384619112,0.00138571712533321,0.899549342815218,1.02214623567367,0.961533384619112,0.00138571712533321,0.899549342815218,1.02214623567367
"high-small","none",2,"continuous",20,112,1,1,1,1,1.0472418876066,1.00786063360134,0.589028092017505,1.0472418876066,1.00288352602695,0.00181198537082145,0.931504136492758,1.07220511435741,1.00288352602695,0.00181198537082145,0.931504136492758,1.07220511435741,0.595531571104789,0.00178994535084691,0.525977509407655,0.666805515610246,0.595531571104789,0.00178994535084691,0.525977509407655,0.666805515610246,0.634491715870241,0.00202837258184948,0.562633712400005,0.709364337160749,0.634491715870241,0.00202837258184948,0.562633712400005,0.709364337160749,1.04181485604119,0.00150240019900749,0.977276045910726,1.10492468457107,1.04181485604119,0.00150240019900749,0.977276045910726,1.10492468457107
"high-small","none",2,"continuous",20,113,1,1,1,1,1.0472418876066,1.00786063360134,0.589028092017505,1.0472418876066,1.08155703227935,0.00184148976367444,1.00959964050413,1.15144044751652,1.08155703227935,0.00184148976367444,1.00959964050413,1.15144044751652,0.654853903751143,0.00181908116390698,0.58473627078679,0.726706212817422,0.654853903751143,0.00181908116390698,0.58473627078679,0.726706212817422,0.73612397457426,0.0020613950650385,0.663686733321873,0.811606165096067,0.73612397457426,0.0020613950650385,0.663686733321873,0.811606165096067,0.952743473461881,0.00152685534689316,0.887679122354212,1.01636855484782,0.952743473461881,0.00152685534689316,0.887679122354212,1.01636855484782
"high-small","none",2,"continuous",20,114,1,1,1,1,1.0472418876066,1.00786063360134,0.589028092017505,1.0472418876066,1.08501887214609,0.0018013580576279,1.01384988130032,1.15413659280303,1.08501887214609,0.0018013580576279,1.01384988130032,1.15413659280303,0.614627777379691,0.00177948140537852,0.545277346787808,0.685692949541819,0.614627777379691,0.00177948140537852,0.545277346787808,0.685692949541819,0.782212562064282,0.00201651870562033,0.710568295611057,0.856868783441935,0.782212562064282,0.00201651870562033,0.710568295611057,0.856868783441935,1.00311986842844,0.00149361468090852,0.938768081034906,1.06604800253874,1.00311986842844,0.00149361468090852,0.938768081034906,1.06604800253874
"high-small","none",2,"continuous",20,115,1,1,1,1,1.0472418876066,1.00786063360134,0.589028092017505,1.0472418876066,1.0334822930667,0.00168704295528167,0.964608136920732,1.1003710848159,1.0334822930667,0.00168704295528167,0.964608136920732,1.1003710848159,0.567815242828645,0.00166655076453878,0.500701359068707,0.636588226294272,0.567815242828645,0.00166655076453878,0.500701359068707,0.636588226294272,0.700170124205807,0.00188854249715497,0.630834909523108,0.772417288002296,0.700170124205807,0.00188854249715497,0.630834909523108,0.772417288002296,1.01315841335321,0.00139882630276827,0.950883247090797,1.07405518701731,1.01315841335321,0.00139882630276827,0.950883247090797,1.07405518701731
"high-small","none",2,"continuous",20,116,1,1,1,1,1.0472418876066,1.00786063360134,0.589028092017505,1.0472418876066,1.03859532673405,0.00187656413813756,0.965955552105976,1.10914124512569,1.03859532673405,0.00187656413813756,0.965955552105976,1.10914124512569,0.630924142825032,0.00185375797155313,0.560141197642736,0.703457518687732,0.630924142825032,0.00185375797155313,0.560141197642736,0.703457518687732,0.729452049490005,0.00210068809682052,0.656326341538914,0.805649213356835,0.729452049490005,0.00210068809682052,0.656326341538914,0.805649213356835,1.03334675988992,0.00155596047319058,0.967666353177434,1.0975736788441,1.03334675988992,0.00155596047319058,0.967666353177434,1.0975736788441
"high-small","none",2,"continuous",20,117,1,1,1,1,1.0472418876066,1.00786063360134,0.589028092017505,1.0472418876066,1.05857574106163,0.00161295493295389,0.991230827289974,1.12397945254574,1.05857574106163,0.00161295493295389,0.991230827289974,1.12397945254574,0.666061934901986,0.00159339493802375,0.600438123231629,0.733309407064055,0.666061934901986,0.00159339493802375,0.600438123231629,0.733309407064055,0.656137728088031,0.00180564309114016,0.588339548838793,0.726779769590646,0.656137728088031,0.00180564309114016,0.588339548838793,0.726779769590646,1.00919353486659,0.00133742328432106,0.94829964798304,1.0687400796354,1.00919353486659,0.00133742328432106,0.94829964798304,1.0687400796354
"high-small","none",2,"continuous",20,118,1,1,1,1,1.0472418876066,1.00786063360134,0.589028092017505,1.0472418876066,1.11507267042693,0.00170034824241559,1.04592780355178,1.18222464950838,1.11507267042693,0.00170034824241559,1.04592780355178,1.18222464950838,0.648350448493301,0.00167973155278517,0.580972008753463,0.717395332465263,0.648350448493301,0.00167973155278517,0.580972008753463,0.717395332465263,0.764682976197624,0.0019034816062162,0.695074675846407,0.837215660088964,0.764682976197624,0.0019034816062162,0.695074675846407,0.837215660088964,1.00863799940036,0.00140988882154513,0.946115544194738,1.06977747556234,1.00863799940036,0.00140988882154513,0.946115544194738,1.06977747556234
"high-small","none",2,"continuous",20,119,1,1,1,1,1.0472418876066,1.00786063360134,0.589028092017505,1.0472418876066,1.03115040467788,0.00176789299281226,0.960645448370332,1.09962313825907,1.03115040467788,0.00176789299281226,0.960645448370332,1.09962313825907,0.60014156472388,0.00174639157636235,0.531438935992907,0.670543074944278,0.60014156472388,0.00174639157636235,0.531438935992907,0.670543074944278,0.730683091137226,0.00197902091737284,0.659707755558637,0.804641702315227,0.730683091137226,0.00197902091737284,0.659707755558637,0.804641702315227,0.972427535443996,0.00146584193685937,0.908677197634257,1.03476728349678,0.972427535443996,0.00146584193685937,0.908677197634257,1.03476728349678
"high-small","none",2,"continuous",20,120,1,1,1,1,1.0472418876066,1.00786063360134,0.589028092017505,1.0472418876066,0.986918546685932,0.0018568111662654,0.914661944688786,1.05709220714058,0.986918546685932,0.0018568111662654,0.914661944688786,1.05709220714058,0.59517458993352,0.00183416633224679,0.524766558164155,0.667323942105348,0.59517458993352,0.00183416633224679,0.524766558164155,0.667323942105348,0.654365229926274,0.00207848672735509,0.581627029268214,0.730158815206635,0.654365229926274,0.00207848672735509,0.581627029268214,0.730158815206635,0.96201166028815,0.00153951882287865,0.896679665401685,1.02589748550332,0.96201166028815,0.00153951882287865,0.896679665401685,1.02589748550332
"high-small","none",2,"continuous",20,121,1,1,1,1,1.0472418876066,1.00786063360134,0.589028092017505,1.0472418876066,1.0611949345219,0.00179439834712681,0.990163141019605,1.13017911128134,1.0611949345219,0.00179439834712681,0.990163141019605,1.13017911128134,0.578646959740624,0.00177255367187625,0.509431537781761,0.64957375289874,0.578646959740624,0.00177255367187625,0.509431537781761,0.64957375289874,0.674228069563763,0.00200866596885927,0.602721838484217,0.748737608310728,0.674228069563763,0.00200866596885927,0.602721838484217,0.748737608310728,0.992969164900479,0.00148780224379398,0.92874409508388,1.05577251730961,0.992969164900479,0.00148780224379398,0.92874409508388,1.05577251730961
"high-small","none",2,"continuous",20,122,1,1,1,1,1.0472418876066,1.00786063360134,0.589028092017505,1.0472418876066,1.07697891113134,0.00175823586925325,1.00666675708546,1.1452643802458,1.07697891113134,0.00175823586925325,1.00666675708546,1.1452643802458,0.61104199241518,0.00173684679176638,0.542527435962338,0.681251043382625,0.61104199241518,0.00173684679176638,0.542527435962338,0.681251043382625,0.706775478111501,0.00196820468962769,0.635993868420718,0.780531295393081,0.706775478111501,0.00196820468962769,0.635993868420718,0.780531295393081,0.967214702238189,0.00145783107746652,0.903638855263511,1.0293837677127,0.967214702238189,0.00145783107746652,0.903638855263511,1.0293837677127
"high-small","none",2,"continuous",20,123,1,1,1,1,1.0472418876066,1.00786063360134,0.589028092017505,1.0472418876066,1.05451664553043,0.00178489715729341,0.983673487185453,1.12331785961628,1.05451664553043,0.00178489715729341,0.983673487185453,1.12331785961628,0.606987074412127,0.00176318130047374,0.537955004751648,0.677726301319622,0.606987074412127,0.00176318130047374,0.537955004751648,0.677726301319622,0.731642410210783,0.00199804757395972,0.66032688800696,0.805955839236653,0.731642410210783,0.00199804757395972,0.66032688800696,0.805955839236653,0.96324299651746,0.00147993477654346,0.899186790321353,1.02588191268956,0.96324299651746,0.00147993477654346,0.899186790321353,1.02588191268956
"high-small","none",2,"continuous",20,124,1,1,1,1,1.0472418876066,1.00786063360134,0.589028092017505,1.0472418876066,1.11883541599952,0.00182745817403839,1.04715253358031,1.18845213763674,1.11883541599952,0.00182745817403839,1.04715253358031,1.18845213763674,0.649094281255481,0.00180526053228998,0.57924348443924,0.720672743064081,0.649094281255481,0.00180526053228998,0.57924348443924,0.720672743064081,0.738509130782949,0.00204573146511713,0.666346493280221,0.813703097652939,0.738509130782949,0.00204573146511713,0.666346493280221,0.813703097652939,1.01568660439363,0.00151525367247563,0.950870539933586,1.07906860066965,1.01568660439363,0.00151525367247563,0.950870539933586,1.07906860066965
"high-small","none",2,"continuous",20,125,1,1,1,1,1.0472418876066,1.00786063360134,0.589028092017505,1.0472418876066,1.05169133473527,0.00174749661612886,0.981593996144727,1.11976801174883,1.05169133473527,0.00174749661612886,0.981593996144727,1.11976801174883,0.566348928602676,0.00172625970858854,0.498043301354141,0.636343034570956,0.566348928602676,0.00172625970858854,0.498043301354141,0.636343034570956,0.700570200981991,0.00195620468985053,0.630003842913677,0.77410022078266,0.700570200981991,0.00195620468985053,0.630003842913677,0.77410022078266,1.02402010804232,0.00144894356560899,0.960639353862528,1.08599787292964,1.02402010804232,0.00144894356560899,0.960639353862528,1.08599787292964
"high-small","none",2,"continuous",20,126,1,1,1,1,1.0472418876066,1.00786063360134,0.589028092017505,1.0472418876066,1.07963601997483,0.00174642118400255,1.00956032928703,1.14769177441396,1.07963601997483,0.00174642118400255,1.00956032928703,1.14769177441396,0.632661259410576,0.00172519874283049,0.564376949637418,0.702634567366289,0.632661259410576,0.00172519874283049,0.564376949637418,0.702634567366289,0.685689652958008,0.00195500417463899,0.615144530262391,0.759196652911251,0.685689652958008,0.00195500417463899,0.615144530262391,0.759196652911251,1.00051528036734,0.00144805409787209,0.937153196796714,1.06247520499122,1.00051528036734,0.00144805409787209,0.937153196796714,1.06247520499122
"high-small","none",2,"continuous",20,127,1,1,1,1,1.0472418876066,1.00786063360134,0.589028092017505,1.0472418876066,1.05807962337543,0.00188240866624694,0.985327005603653,1.12873523292614,1.05807962337543,0.00188240866624694,0.985327005603653,1.12873523292614,0.641230960112488,0.00185949475948326,0.570338630975693,0.71387688082511,0.641230960112488,0.00185949475948326,0.570338630975693,0.71387688082511,0.723649991666355,0.00210719094065549,0.650412115642899,0.799965736839116,0.723649991666355,0.00210719094065549,0.650412115642899,0.799965736839116,0.974514535913014,0.00156077694430397,0.908731961445939,1.03884163327999,0.974514535913014,0.00156077694430397,0.908731961445939,1.03884163327999
"high-small","none",2,"continuous",20,128,1,1,1,1,1.0472418876066,1.00786063360134,0.589028092017505,1.0472418876066,0.989309269681087,0.00171752202543837,0.919815645135987,1.05679959729952,0.989309269681087,0.00171752202543837,0.919815645135987,1.05679959729952,0.54655834196774,0.00169664574438837,0.478841070814327,0.615949340207361,0.54655834196774,0.00169664574438837,0.478841070814327,0.615949340207361,0.693476715033697,0.00192264561633803,0.62351831997486,0.766373360999863,0.693476715033697,0.00192264561633803,0.62351831997486,0.766373360999863,1.0177233445999,0.00142408684241436,0.954888779898257,1.07916690832962,1.0177233445999,0.00142408684241436,0.954888779898257,1.07916690832962
"high-small","none",2,"continuous",20,129,1,1,1,1,1.0472418876066,1.00786063360134,0.589028092017505,1.0472418876066,1.11796439951466,0.00157989432775138,1.05131337707443,1.18269431488465,1.11796439951466,0.00157989432775138,1.05131337707443,1.18269431488465,0.634963508749633,0.00156080737040965,0.570014025903824,0.701518792299779,0.634963508749633,0.00156080737040965,0.570014025903824,0.701518792299779,0.760216457800272,0.00176871313602721,0.693115593670051,0.830132697825549,0.760216457800272,0.00176871313602721,0.693115593670051,0.830132697825549,1.10078538184526,0.00131006690341553,1.04051734365924,1.15972010721012,1.10078538184526,0.00131006690341553,1.04051734365924,1.15972010721012
"high-small","none",2,"continuous",20,130,1,1,1,1,1.0472418876066,1.00786063360134,0.589028092017505,1.0472418876066,0.982293736076945,0.0016333708978192,0.914524029373708,1.048109960725,0.982293736076945,0.0016333708978192,0.914524029373708,1.048109960725,0.581675824996167,0.0016135406650029,0.515638059439582,0.649346344314743,0.581675824996167,0.0016135406650029,0.515638059439582,0.649346344314743,0.698735722048713,0.00182847174789555,0.63051207212005,0.769824487405861,0.698735722048713,0.00182847174789555,0.63051207212005,0.769824487405861,0.999973130518187,0.00135433193048917,0.938696076229072,1.05989408312878,0.999973130518187,0.00135433193048917,0.938696076229072,1.05989408312878
"high-small","none",2,"continuous",20,131,1,1,1,1,1.0472418876066,1.00786063360134,0.589028092017505,1.0472418876066,1.00263066920921,0.00172309942604982,0.933024247037899,1.07023058890063,1.00263066920921,0.00172309942604982,0.933024247037899,1.07023058890063,0.6350855970858,0.00170214374352587,0.567259145995874,0.704590020115165,0.6350855970858,0.00170214374352587,0.567259145995874,0.704590020115165,0.638963612171548,0.00192887781151891,0.568890684840576,0.711977168017369,0.638963612171548,0.00192887781151891,0.568890684840576,0.711977168017369,0.985305989069384,0.00142870383834304,0.922368913884772,1.04685014212101,0.985305989069384,0.00142870383834304,0.922368913884772,1.04685014212101
"high-small","none",2,"continuous",20,132,1,1,1,1,1.0472418876066,1.00786063360134,0.589028092017505,1.0472418876066,1.08753220028431,0.00162418229895504,1.01995366214812,1.15316287447134,1.08753220028431,0.00162418229895504,1.01995366214812,1.15316287447134,0.535104154726886,0.00160447710718675,0.469251883723488,0.602583733252898,0.535104154726886,0.00160447710718675,0.469251883723488,0.602583733252898,0.762202941413664,0.00181820068886712,0.694172573539189,0.833092949676498,0.762202941413664,0.00181820068886712,0.694172573539189,0.833092949676498,1.00500734185432,0.00134672260041543,0.943902541630331,1.06475995724308,1.00500734185432,0.00134672260041543,0.943902541630331,1.06475995724308
"high-small","none",2,"continuous",20,133,1,1,1,1,1.0472418876066,1.00786063360134,0.589028092017505,1.0472418876066,1.04415476467251,0.00174083313765254,0.974191275096547,1.11210153347039,1.04415476467251,0.00174083313765254,0.974191275096547,1.11210153347039,0.565087772202462,0.00171973120745215,0.496911402672153,0.634948951678626,0.565087772202462,0.00171973120745215,0.496911402672153,0.634948951678626,0.766783883694985,0.0019488060453091,0.69635127381469,0.840174822758752,0.766783883694985,0.0019488060453091,0.69635127381469,0.840174822758752,1.07892425031382,0.00144346139116482,1.01566319902273,1.14078521457703,1.07892425031382,0.00144346139116482,1.01566319902273,1.14078521457703
"high-small","none",2,"continuous",20,134,1,1,1,1,1.0472418876066,1.00786063360134,0.589028092017505,1.0472418876066,1.07716669775506,0.00169094718312881,1.00821309003843,1.14413274535885,1.07716669775506,0.00169094718312881,1.00821309003843,1.14413274535885,0.54144548061074,0.00167042737707322,0.474253432381953,0.610297935805792,0.54144548061074,0.00167042737707322,0.474253432381953,0.610297935805792,0.75984570130489,0.0018929354295117,0.690430932154613,0.832177705446383,0.75984570130489,0.0018929354295117,0.690430932154613,0.832177705446383,1.02800645805434,0.001402078470166,0.965658722202059,1.08897435717773,1.02800645805434,0.001402078470166,0.965658722202059,1.08897435717773
"high-small","none",2,"continuous",20,135,1,1,1,1,1.0472418876066,1.00786063360134,0.589028092017505,1.0472418876066,1.01784370261577,0.00163826311777647,0.949972554691829,1.08375841491919,1.01784370261577,0.00163826311777647,0.949972554691829,1.08375841491919,0.555512022615022,0.00161840223040747,0.489374707506911,0.623283886733812,0.555512022615022,0.00161840223040747,0.489374707506911,0.623283886733812,0.728003192389505,0.00183397946634268,0.659676679518834,0.799198824980805,0.728003192389505,0.00183397946634268,0.659676679518834,0.799198824980805,1.0506787954399,0.00135841092495358,0.98930985221392,1.11068946158033,1.0506787954399,0.00135841092495358,0.98930985221392,1.11068946158033
"high-small","none",2,"continuous",20,136,1,1,1,1,1.0472418876066,1.00786063360134,0.589028092017505,1.0472418876066,1.11475002004972,0.00189484307611796,1.04175729840449,1.18563855231347,1.11475002004972,0.00189484307611796,1.04175729840449,1.18563855231347,0.527004122642677,0.00187177326077737,0.455877536092824,0.599888213344811,0.527004122642677,0.00187177326077737,0.455877536092824,0.599888213344811,0.71929021913041,0.00212110058957838,0.645810847060132,0.795857528615143,0.71929021913041,0.00212110058957838,0.645810847060132,0.795857528615143,1.03096606612165,0.00157108137885275,0.964968544749945,1.09550232913268,1.03096606612165,0.00157108137885275,0.964968544749945,1.09550232913268
"high-small","none",2,"continuous",20,137,1,1,1,1,1.0472418876066,1.00786063360134,0.589028092017505,1.0472418876066,1.05117550960627,0.00176610003277171,0.980706202952657,1.11961355687806,1.05117550960627,0.00176610003277171,0.980706202952657,1.11961355687806,0.594853347553685,0.00174464743631395,0.52618500454866,0.665219424735559,0.594853347553685,0.00174464743631395,0.52618500454866,0.665219424735559,0.734723647620519,0.00197704310446118,0.663783034396875,0.808644693603284,0.734723647620519,0.00197704310446118,0.663783034396875,0.808644693603284,1.01746154004628,0.00146437708280373,0.953743458477234,1.07976955980182,1.01746154004628,0.00146437708280373,0.953743458477234,1.07976955980182
"high-small","none",2,"continuous",20,138,1,1,1,1,1.0472418876066,1.00786063360134,0.589028092017505,1.0472418876066,0.955813345875131,0.00201213810762003,0.880595077403411,1.02886319135419,0.955813345875131,0.00201213810762003,0.880595077403411,1.02886319135419,0.589742039626754,0.0019876115260579,0.516447855204051,0.664848343828061,0.589742039626754,0.0019876115260579,0.516447855204051,0.664848343828061,0.685462391869789,0.00225237014890414,0.609742521903696,0.764362603532707,0.685462391869789,0.00225237014890414,0.609742521903696,0.764362603532707,1.02840087034966,0.00166831317419947,0.960391518843923,1.09490450366313,1.02840087034966,0.00166831317419947,0.960391518843923,1.09490450366313
"high-small","none",2,"continuous",20,139,1,1,1,1,1.0472418876066,1.00786063360134,0.589028092017505,1.0472418876066,1.09076081122247,0.00168263616961727,1.02197657955431,1.15756218900266,1.09076081122247,0.00168263616961727,1.02197657955431,1.15756218900266,0.55400749213082,0.00166219267765528,0.486981364764815,0.622690407596907,0.55400749213082,0.00166219267765528,0.486981364764815,0.622690407596907,0.673800512473099,0.0018836028999732,0.604555427045441,0.74595268302993,0.673800512473099,0.0018836028999732,0.604555427045441,0.74595268302993,1.02285761397829,0.00139516856963078,0.960664388422981,1.08367397816126,1.02285761397829,0.00139516856963078,0.960664388422981,1.08367397816126
"high-small","none",2,"continuous",20,140,1,1,1,1,1.0472418876066,1.00786063360134,0.589028092017505,1.0472418876066,1.08118408267648,0.0017236197455937,1.01156752785486,1.14879403435663,1.08118408267648,0.0017236197455937,1.01156752785486,1.14879403435663,0.627083597225042,0.00170266373306082,0.559246714724221,0.696598456410449,0.627083597225042,0.00170266373306082,0.559246714724221,0.696598456410449,0.702870209240633,0.00192946851407809,0.632788302843307,0.775896355742746,0.702870209240633,0.00192946851407809,0.632788302843307,0.775896355742746,0.965064222133338,0.00142913925028184,0.902116889741015,1.0266188122305,0.965064222133338,0.00142913925028184,0.902116889741015,1.0266188122305
"high-small","none",2,"continuous",20,141,1,1,1,1,1.0472418876066,1.00786063360134,0.589028092017505,1.0472418876066,1.00635831015132,0.00161495606418463,0.938971592738772,1.07180254747421,1.00635831015132,0.00161495606418463,0.938971592738772,1.07180254747421,0.592124613128676,0.00159538492632569,0.526459482128098,0.659413176190131,0.592124613128676,0.00159538492632569,0.526459482128098,0.659413176190131,0.699680157754306,0.00180789641027062,0.631840387367608,0.770366935788587,0.699680157754306,0.00180789641027062,0.631840387367608,0.770366935788587,1.05106467008236,0.00133909181946617,0.990133517591822,1.11064731763478,1.05106467008236,0.00133909181946617,0.990133517591822,1.11064731763478
"high-small","none",2,"continuous",20,142,1,1,1,1,1.0472418876066,1.00786063360134,0.589028092017505,1.0472418876066,0.959830728092109,0.00182160483136367,0.888262070296381,1.02933610689918,0.959830728092109,0.00182160483136367,0.888262070296381,1.02933610689918,0.587178362418278,0.00179945960459865,0.517439639685344,0.658641275976861,0.587178362418278,0.00179945960459865,0.517439639685344,0.658641275976861,0.647588622967842,0.00203915367178733,0.575539905377795,0.722659967128352,0.647588622967842,0.00203915367178733,0.575539905377795,0.722659967128352,1.0622884427244,0.0015103853970024,0.997578473394459,1.12556559690219,1.0622884427244,0.0015103853970024,0.997578473394459,1.12556559690219
"high-small","none",2,"continuous",20,143,1,1,1,1,1.0472418876066,1.00786063360134,0.589028092017505,1.0472418876066,1.09123170840665,0.00156939911159771,1.02480241007438,1.15574620253759,1.09123170840665,0.00156939911159771,1.02480241007438,1.15574620253759,0.599413432898349,0.00155037359159192,0.534681317074228,0.665746188037381,0.599413432898349,0.00155037359159192,0.534681317074228,0.665746188037381,0.692587944383873,0.00175689023339965,0.625712309163728,0.762270676406591,0.692587944383873,0.00175689023339965,0.625712309163728,0.762270676406591,1.01511808190966,0.00130131176389463,0.955052295895111,1.07385467723627,1.01511808190966,0.00130131176389463,0.955052295895111,1.07385467723627
"high-small","none",2,"continuous",20,144,1,1,1,1,1.0472418876066,1.00786063360134,0.589028092017505,1.0472418876066,1.04475766764021,0.00171055247843333,0.975405266830741,1.11211082762076,1.04475766764021,0.00171055247843333,0.975405266830741,1.11211082762076,0.524407637351813,0.00168970486270246,0.456828919958678,0.59365674527592,0.524407637351813,0.00168970486270246,0.456828919958678,0.59365674527592,0.656845657582317,0.00191478076411935,0.587031138754132,0.729593644526597,0.656845657582317,0.00191478076411935,0.587031138754132,0.729593644526597,0.954700453650269,0.00141826268705217,0.891994624326644,1.0160179761831,0.954700453650269,0.00141826268705217,0.891994624326644,1.0160179761831
"high-small","none",2,"continuous",20,145,1,1,1,1,1.0472418876066,1.00786063360134,0.589028092017505,1.0472418876066,1.13166077123872,0.00175144658013363,1.06148401205882,1.19981443546162,1.13166077123872,0.00175144658013363,1.06148401205882,1.19981443546162,0.581715967665801,0.00173016901016275,0.513333132987485,0.651789422531222,0.581715967665801,0.00173016901016275,0.513333132987485,0.651789422531222,0.643953003643588,0.00196063312199941,0.573304906563627,0.717564663521288,0.643953003643588,0.00196063312199941,0.573304906563627,0.717564663521288,1.05885394375068,0.00145222548163095,0.995402050846219,1.12090090243726,1.05885394375068,0.00145222548163095,0.995402050846219,1.12090090243726
"high-small","none",2,"continuous",20,146,1,1,1,1,1.0472418876066,1.00786063360134,0.589028092017505,1.0472418876066,1.12359352402511,0.00178474475917676,1.05275383623452,1.19239173613604,1.12359352402511,0.00178474475917676,1.05275383623452,1.19239173613604,0.703672470599775,0.0017630672183311,0.634643054991421,0.774410115727324,0.703672470599775,0.0017630672183311,0.634643054991421,0.774410115727324,0.797675855222263,0.00199792194921641,0.726363452733723,0.871987447113958,0.797675855222263,0.00199792194921641,0.726363452733723,0.871987447113958,0.928891408979756,0.00147983827342151,0.864835170795786,0.991531552430084,0.928891408979756,0.00147983827342151,0.864835170795786,0.991531552430084
"high-small","none",2,"continuous",20,147,1,1,1,1,1.0472418876066,1.00786063360134,0.589028092017505,1.0472418876066,1.07125203395799,0.00176363839838706,1.00083211965449,1.13964223283416,1.07125203395799,0.00176363839838706,1.00083211965449,1.13964223283416,0.583036322126685,0.00174216983026374,0.514416699581379,0.653352644515276,0.583036322126685,0.00174216983026374,0.514416699581379,0.653352644515276,0.738033569321257,0.00197423740194842,0.667144927470156,0.811903473087671,0.738033569321257,0.00197423740194842,0.667144927470156,0.811903473087671,0.943336559237405,0.00146229855642949,0.879663152549569,1.00560114694227,0.943336559237405,0.00146229855642949,0.879663152549569,1.00560114694227
"high-small","none",2,"continuous",20,148,1,1,1,1,1.0472418876066,1.00786063360134,0.589028092017505,1.0472418876066,1.1048507293369,0.00184615227051371,1.03280221067184,1.17482252158566,1.1048507293369,0.00184615227051371,1.03280221067184,1.17482252158566,0.584435560821571,0.00182371083831171,0.514228389737684,0.656378253036274,0.584435560821571,0.00182371083831171,0.514228389737684,0.656378253036274,0.767325929095446,0.00206663868513497,0.694796717480592,0.84290426995047,0.767325929095446,0.00206663868513497,0.694796717480592,0.84290426995047,1.01285092344169,0.00153073922146601,0.947704934894167,1.07655530646809,1.01285092344169,0.00153073922146601,0.947704934894167,1.07655530646809
"high-small","none",2,"continuous",20,149,1,1,1,1,1.0472418876066,1.00786063360134,0.589028092017505,1.0472418876066,1.02678654366233,0.00178962001760274,0.955849292614267,1.09567880533515,1.02678654366233,0.00178962001760274,0.955849292614267,1.09567880533515,0.543216799588125,0.00176778533351163,0.474094373375294,0.614048103795547,0.543216799588125,0.00176778533351163,0.474094373375294,0.614048103795547,0.636663006382768,0.00200326199469515,0.565253226473925,0.711072495660429,0.636663006382768,0.00200326199469515,0.565253226473925,0.711072495660429,0.955683552469795,0.00148380118237141,0.891545338442802,1.01840164630115,0.955683552469795,0.00148380118237141,0.891545338442802,1.01840164630115
"high-small","none",2,"continuous",20,150,1,1,1,1,1.0472418876066,1.00786063360134,0.589028092017505,1.0472418876066,0.982763989612446,0.00176847563547106,0.912247178031259,1.05124811567971,0.982763989612446,0.00176847563547106,0.912247178031259,1.05124811567971,0.604881634877427,0.00174697122429182,0.53616764365744,0.675294866661387,0.604881634877427,0.00174697122429182,0.53616764365744,0.675294866661387,0.698483170610683,0.00197967670325404,0.627494957061719,0.772453130603488,0.698483170610683,0.00197967670325404,0.627494957061719,0.772453130603488,0.995659363782646,0.00146632883279451,0.931898904740386,1.05800874591555,0.995659363782646,0.00146632883279451,0.931898904740386,1.05800874591555
"high-small","none",2,"continuous",20,151,1,1,1,1,1.0472418876066,1.00786063360134,0.589028092017505,1.0472418876066,1.05951162961035,0.00180877975256014,0.98819599303428,1.12877163214174,1.05951162961035,0.00180877975256014,0.98819599303428,1.12877163214174,0.610788221074726,0.00178674732593587,0.541296375686654,0.681998847056468,0.610788221074726,0.00178674732593587,0.541296375686654,0.681998847056468,0.695434145215968,0.00202475260976154,0.623643155229701,0.770242191124298,0.695434145215968,0.00202475260976154,0.623643155229701,0.770242191124298,0.951169652626035,0.0014997163138147,0.88668699253193,1.0142254057977,0.951169652626035,0.0014997163138147,0.88668699253193,1.0142254057977
"high-small","none",2,"continuous",20,152,1,1,1,1,1.0472418876066,1.00786063360134,0.589028092017505,1.0472418876066,1.05666553489619,0.00173425142914453,0.986834516545147,1.12448369344744,1.05666553489619,0.00173425142914453,0.986834516545147,1.12448369344744,0.594289456037549,0.00171317827360571,0.526243263024145,0.664018141829514,0.594289456037549,0.00171317827360571,0.526243263024145,0.664018141829514,0.718158911454942,0.00194138228222133,0.647860944715045,0.791410199830536,0.718158911454942,0.00194138228222133,0.647860944715045,0.791410199830536,0.999455937017364,0.00143796370506133,0.936315098096447,1.0611994873263,0.999455937017364,0.00143796370506133,0.936315098096447,1.0611994873263
"high-small","none",2,"continuous",20,153,1,1,1,1,1.0472418876066,1.00786063360134,0.589028092017505,1.0472418876066,1.01491230491965,0.00178194800832784,0.944127530719267,1.08365673442541,1.01491230491965,0.00178194800832784,0.944127530719267,1.08365673442541,0.587401434115522,0.00176031370716868,0.518425416713176,0.658082535355915,0.587401434115522,0.00176031370716868,0.518425416713176,0.658082535355915,0.758623061864744,0.00199479598415371,0.68736490044644,0.832875455596567,0.758623061864744,0.00199479598415371,0.68736490044644,0.832875455596567,1.03356779217201,0.0014775259177926,0.969564270379885,1.09615496650991,1.03356779217201,0.0014775259177926,0.969564270379885,1.09615496650991
"high-small","none",2,"continuous",20,154,1,1,1,1,1.0472418876066,1.00786063360134,0.589028092017505,1.0472418876066,1.15753722531605,0.00161487034017965,1.09015271819289,1.22297951914759,1.15753722531605,0.00161487034017965,1.09015271819289,1.22297951914759,0.584710231305479,0.00159530157880983,0.519046752451549,0.651996915704477,0.584710231305479,0.00159530157880983,0.519046752451549,0.651996915704477,0.762061804476894,0.00180780341369361,0.694225472122412,0.832748136039852,0.762061804476894,0.00180780341369361,0.694225472122412,0.832748136039852,1.02154518047486,0.00133902105081534,0.960614942574926,1.08112733605962,1.02154518047486,0.00133902105081534,0.960614942574926,1.08112733605962
"high-small","none",2,"continuous",20,155,1,1,1,1,1.0472418876066,1.00786063360134,0.589028092017505,1.0472418876066,1.05606569032548,0.00174384600806108,0.986041900305563,1.12407121917758,1.05606569032548,0.00174384600806108,0.986041900305563,1.12407121917758,0.665668828000997,0.00172267685936095,0.597434571899951,0.735591108612606,0.665668828000997,0.00172267685936095,0.597434571899951,0.735591108612606,0.73759190000083,0.00195214801718444,0.667099189933965,0.811045795113456,0.73759190000083,0.00195214801718444,0.667099189933965,0.811045795113456,0.990998665786469,0.0014459364603212,0.927681972104035,1.05291477682869,0.990998665786469,0.0014459364603212,0.927681972104035,1.05291477682869
"high-small","none",2,"continuous",20,156,1,1,1,1,1.0472418876066,1.00786063360134,0.589028092017505,1.0472418876066,1.06642260415193,0.00170926425946244,0.997096468936104,1.13375042929928,1.06642260415193,0.00170926425946244,0.997096468936104,1.13375042929928,0.580306533124127,0.0016885137415557,0.512751887886606,0.649531191022011,0.580306533124127,0.0016885137415557,0.512751887886606,0.649531191022011,0.732322058318949,0.00191343163672568,0.662531900066477,0.805044071879281,0.732322058318949,0.00191343163672568,0.662531900066477,0.805044071879281,1.01974752315984,0.00141726047632052,0.957062991627197,1.08104482560349,1.01974752315984,0.00141726047632052,0.957062991627197,1.08104482560349
"high-small","none",2,"continuous",20,157,1,1,1,1,1.0472418876066,1.00786063360134,0.589028092017505,1.0472418876066,1.11404664226754,0.00171454558896709,1.04461348541662,1.18147834020925,1.11404664226754,0.00171454558896709,1.04461348541662,1.18147834020925,0.560425853580763,0.00169367437160989,0.492767974646983,0.629756460390494,0.560425853580763,0.00169367437160989,0.492767974646983,0.629756460390494,0.680053580306029,0.00191927995374854,0.610157062485546,0.752886891993649,0.680053580306029,0.00191927995374854,0.610157062485546,0.752886891993649,0.965499586291201,0.00142159407920926,0.902719619550932,1.02688993817351,0.965499586291201,0.00142159407920926,0.902719619550932,1.02688993817351
"high-small","none",2,"continuous",20,158,1,1,1,1,1.0472418876066,1.00786063360134,0.589028092017505,1.0472418876066,1.08175700961636,0.00167662102108927,1.01309613529078,1.1484387698713,1.08175700961636,0.00167662102108927,1.01309613529078,1.1484387698713,0.553290616514648,0.00165625687419925,0.486384248709684,0.621850702269227,0.553290616514648,0.00165625687419925,0.486384248709684,0.621850702269227,0.735233188964177,0.00187687804350031,0.666113472287689,0.807257748037605,0.735233188964177,0.00187687804350031,0.666113472287689,0.807257748037605,0.997657567975007,0.00139018540767318,0.935574719579566,1.05836647497566,0.997657567975007,0.00139018540767318,0.935574719579566,1.05836647497566
"high-small","none",2,"continuous",20,159,1,1,1,1,1.0472418876066,1.00786063360134,0.589028092017505,1.0472418876066,1.0718956181868,0.00168185825376839,1.00312788966839,1.13868140632441,1.0718956181868,0.00168185825376839,1.00312788966839,1.13868140632441,0.62558818269666,0.001661436558671,0.558577598008444,0.694256078842778,0.62558818269666,0.001661436558671,0.558577598008444,0.694256078842778,0.772104641128211,0.00188275085673206,0.702877773626782,0.844242376474358,0.772104641128211,0.00188275085673206,0.702877773626782,0.844242376474358,0.952225942161177,0.00139453331300172,0.89004455348061,1.01303206372767,0.952225942161177,0.00139453331300172,0.89004455348061,1.01303206372767
"high-small","none",2,"continuous",20,160,1,1,1,1,1.0472418876066,1.00786063360134,0.589028092017505,1.0472418876066,1.10792110581577,0.00169768865564493,1.03883016373791,1.17502052876084,1.10792110581577,0.00169768865564493,1.03883016373791,1.17502052876084,0.583992694762992,0.00167706113787608,0.51666757325712,0.652982397186794,0.583992694762992,0.00167706113787608,0.51666757325712,0.652982397186794,0.712264151426013,0.00190045398412823,0.642711138889976,0.784739192220964,0.712264151426013,0.00190045398412823,0.642711138889976,0.784739192220964,0.992784772399957,0.00140764849717036,0.930313108862183,1.05387392033721,0.992784772399957,0.00140764849717036,0.930313108862183,1.05387392033721
"high-small","none",2,"continuous",20,161,1,1,1,1,1.0472418876066,1.00786063360134,0.589028092017505,1.0472418876066,1.00746633211408,0.00187711485924861,0.934815777319042,1.07802255735764,1.00746633211408,0.00187711485924861,0.934815777319042,1.07802255735764,0.563771134038753,0.00185421493664925,0.492979157720751,0.636313372990256,0.563771134038753,0.00185421493664925,0.492979157720751,0.636313372990256,0.666462254239079,0.00210120518527508,0.59332807611026,0.742669383080288,0.666462254239079,0.00210120518527508,0.59332807611026,0.742669383080288,0.968824092793762,0.00155634629083006,0.903136358890466,1.0330575908056,0.968824092793762,0.00155634629083006,0.903136358890466,1.0330575908056
"high-small","none",2,"continuous",20,162,1,1,1,1,1.0472418876066,1.00786063360134,0.589028092017505,1.0472418876066,1.09272747583533,0.00177478511806508,1.02208491266417,1.1613336233894,1.09272747583533,0.00177478511806508,1.02208491266417,1.1613336233894,0.564915279418274,0.00175321736010148,0.496078355159288,0.635453730390267,0.564915279418274,0.00175321736010148,0.496078355159288,0.635453730390267,0.696204947420008,0.00198675268582816,0.625089434293316,0.770306632828578,0.696204947420008,0.00198675268582816,0.625089434293316,0.770306632828578,1.04020396891875,0.00147157060332266,0.976330465601378,1.10266344620855,1.04020396891875,0.00147157060332266,0.976330465601378,1.10266344620855
"high-small","none",2,"continuous",20,163,1,1,1,1,1.0472418876066,1.00786063360134,0.589028092017505,1.0472418876066,1.02387448019381,0.00172080904662032,0.954314488672534,1.0914293141485,1.02387448019381,0.00172080904662032,0.954314488672534,1.0914293141485,0.553097504630583,0.00169988983388366,0.485315548727857,0.622554893581101,0.553097504630583,0.00169988983388366,0.485315548727857,0.622554893581101,0.701874709502347,0.00192632242133054,0.63184979195016,0.774841288790785,0.701874709502347,0.00192632242133054,0.63184979195016,0.774841288790785,1.00651600180735,0.0014268098704816,0.943621164956889,1.06801862705536,1.00651600180735,0.0014268098704816,0.943621164956889,1.06801862705536
"high-small","none",2,"continuous",20,164,1,1,1,1,1.0472418876066,1.00786063360134,0.589028092017505,1.0472418876066,1.11692107009016,0.00176149452179323,1.04654355163387,1.18526987328895,1.11692107009016,0.00176149452179323,1.04654355163387,1.18526987328895,0.586443110641156,0.00174012155748635,0.51786385906062,0.65671760271771,0.586443110641156,0.00174012155748635,0.51786385906062,0.65671760271771,0.719558928556184,0.00197191252487663,0.648709238960399,0.793383063377655,0.719558928556184,0.00197191252487663,0.648709238960399,0.793383063377655,1.06791779989753,0.001460577598082,1.00428301246135,1.13014405733351,1.06791779989753,0.001460577598082,1.00428301246135,1.13014405733351
"high-small","none",2,"continuous",20,165,1,1,1,1,1.0472418876066,1.00786063360134,0.589028092017505,1.0472418876066,1.05077838771003,0.00176040002641925,0.980422770690924,1.11910588928068,1.05077838771003,0.00176040002641925,0.980422770690924,1.11910588928068,0.551469297490428,0.00173897193953262,0.482912550286976,0.621720728452345,0.551469297490428,0.00173897193953262,0.482912550286976,0.621720728452345,0.686911201520029,0.0019706106855557,0.616086053593431,0.760711974305479,0.686911201520029,0.0019706106855557,0.616086053593431,0.760711974305479,0.988802522367562,0.00145961458054968,0.925188859230896,1.05100796476876,0.988802522367562,0.00145961458054968,0.925188859230896,1.05100796476876
"high-small","none",2,"continuous",20,166,1,1,1,1,1.0472418876066,1.00786063360134,0.589028092017505,1.0472418876066,1.04754191086882,0.00177160852967188,0.9769627469811,1.11608654732768,1.04754191086882,0.00177160852967188,0.9769627469811,1.11608654732768,0.521482681090781,0.00175007226142856,0.452707301256437,0.591957390934644,0.521482681090781,0.00175007226142856,0.452707301256437,0.591957390934644,0.739171731784712,0.00198318884258088,0.668121531313618,0.813208192350286,0.739171731784712,0.00198318884258088,0.668121531313618,0.813208192350286,1.02333412048139,0.00146892975172417,0.959517850907575,1.0857377063957,1.02333412048139,0.00146892975172417,0.959517850907575,1.0857377063957
"high-small","none",2,"continuous",20,167,1,1,1,1,1.0472418876066,1.00786063360134,0.589028092017505,1.0472418876066,1.04358926709076,0.00165896139983141,0.97529038642528,1.1099191809003,1.04358926709076,0.00165896139983141,0.97529038642528,1.1099191809003,0.588144083309685,0.00163879636637337,0.52159155499823,0.65634243089443,0.588144083309685,0.00163879636637337,0.52159155499823,0.65634243089443,0.60522542304447,0.00185708985487304,0.53646780455246,0.67686665796008,0.60522542304447,0.00185708985487304,0.53646780455246,0.67686665796008,1.01461830053476,0.00137553226369258,0.952864445623598,1.07500488745201,1.01461830053476,0.00137553226369258,0.952864445623598,1.07500488745201
"high-small","none",2,"continuous",20,168,1,1,1,1,1.0472418876066,1.00786063360134,0.589028092017505,1.0472418876066,1.00397967891172,0.00176199886499119,0.933591864185041,1.07233833838605,1.00397967891172,0.00176199886499119,0.933591864185041,1.07233833838605,0.574075925331258,0.00174055526956686,0.505488107885423,0.644359581450975,0.574075925331258,0.00174055526956686,0.505488107885423,0.644359581450975,0.644678497658218,0.00197240416853709,0.573819700738622,0.718511662646535,0.644678497658218,0.00197240416853709,0.573819700738622,0.718511662646535,1.00735615874522,0.00146094429659914,0.943713827017132,1.0695894506285,1.00735615874522,0.00146094429659914,0.943713827017132,1.0695894506285
"high-small","none",2,"continuous",20,169,1,1,1,1,1.0472418876066,1.00786063360134,0.589028092017505,1.0472418876066,1.19382061010748,0.00179249179522614,1.12282687713349,1.26276800890882,1.19382061010748,0.00179249179522614,1.12282687713349,1.26276800890882,0.602373628001868,0.00177070368654367,0.533194421707881,0.673263373831776,0.602373628001868,0.00177070368654367,0.533194421707881,0.673263373831776,0.72885890973414,0.00200657067073709,0.657390674553043,0.80333007845952,0.72885890973414,0.00200657067073709,0.657390674553043,0.80333007845952,1.00307646757854,0.00148624813917692,0.938884231293522,1.06584816379736,1.00307646757854,0.00148624813917692,0.938884231293522,1.06584816379736
"high-small","none",2,"continuous",20,170,1,1,1,1,1.0472418876066,1.00786063360134,0.589028092017505,1.0472418876066,1.01705775209945,0.00180630264272004,0.945790947017233,1.08627028992426,1.01705775209945,0.00180630264272004,0.945790947017233,1.08627028992426,0.56852107040957,0.00178430151822113,0.499076582426081,0.639682438652622,0.56852107040957,0.00178430151822113,0.499076582426081,0.639682438652622,0.715458596030398,0.0020219800805538,0.643717347259134,0.790215936573344,0.715458596030398,0.0020219800805538,0.643717347259134,0.790215936573344,0.962619657266794,0.00149766248534771,0.898181557583309,1.02563164289893,0.962619657266794,0.00149766248534771,0.898181557583309,1.02563164289893
"high-small","none",2,"continuous",20,171,1,1,1,1,1.0472418876066,1.00786063360134,0.589028092017505,1.0472418876066,1.00252573420183,0.00177118980882829,0.931954654165939,1.07106251048846,1.00252573420183,0.00177118980882829,0.931954654165939,1.07106251048846,0.64799528454953,0.00174967902371165,0.579228267568969,0.718463323320207,0.64799528454953,0.00174967902371165,0.579228267568969,0.718463323320207,0.671116107047767,0.00198274453565428,0.600071299102997,0.745141989771755,0.671116107047767,0.00198274453565428,0.600071299102997,0.745141989771755,1.03334453760612,0.0014686017221568,0.969534730862854,1.09574215061286,1.03334453760612,0.0014686017221568,0.969534730862854,1.09574215061286
"high-small","none",2,"continuous",20,172,1,1,1,1,1.0472418876066,1.00786063360134,0.589028092017505,1.0472418876066,1.0717244871645,0.00171300511814102,1.0023221906947,1.13912601838605,1.0717244871645,0.00171300511814102,1.0023221906947,1.13912601838605,0.5230974550643,0.00169219377699816,0.455468983352565,0.592397046003179,0.5230974550643,0.00169219377699816,0.455468983352565,0.592397046003179,0.675278002401479,0.0019175988652233,0.605410639459848,0.748078283182474,0.675278002401479,0.0019175988652233,0.605410639459848,0.748078283182474,1.05134439022831,0.00142034960069179,0.988592961193859,1.11270629769705,1.05134439022831,0.00142034960069179,0.988592961193859,1.11270629769705
"high-small","none",2,"continuous",20,173,1,1,1,1,1.0472418876066,1.00786063360134,0.589028092017505,1.0472418876066,1.05507864468779,0.00162110429773842,0.987563793008916,1.12064738306603,1.05507864468779,0.00162110429773842,0.987563793008916,1.12064738306603,0.67379150809348,0.00160143220463551,0.608002443708176,0.741208571082703,0.67379150809348,0.00160143220463551,0.608002443708176,0.741208571082703,0.637572714611337,0.00181475124889264,0.56960361370884,0.708392582224759,0.637572714611337,0.00181475124889264,0.56960361370884,0.708392582224759,0.993476168520679,0.00134417011653786,0.932428850648439,1.05317273875395,0.993476168520679,0.00134417011653786,0.932428850648439,1.05317273875395
"high-small","none",2,"continuous",20,174,1,1,1,1,1.0472418876066,1.00786063360134,0.589028092017505,1.0472418876066,1.05209082973312,0.00179630844327789,0.981021003493483,1.12111182137234,1.05209082973312,0.00179630844327789,0.981021003493483,1.12111182137234,0.580116404057138,0.00177446650053905,0.510863659959831,0.651081287787178,0.580116404057138,0.00177446650053905,0.510863659959831,0.651081287787178,0.654942580550016,0.00201083184236567,0.583396434294225,0.729491169104641,0.654942580550016,0.00201083184236567,0.583396434294225,0.729491169104641,1.04375458449706,0.00148940725818063,0.979495430875703,1.10659097970151,1.04375458449706,0.00148940725818063,0.979495430875703,1.10659097970151
"high-small","none",2,"continuous",20,175,1,1,1,1,1.0472418876066,1.00786063360134,0.589028092017505,1.0472418876066,1.01125259727223,0.00172479355494693,0.941612270434153,1.07888563462934,1.01125259727223,0.00172479355494693,0.941612270434153,1.07888563462934,0.629438005272231,0.00170386426490304,0.561577193657467,0.698977021612621,0.629438005272231,0.00170386426490304,0.561577193657467,0.698977021612621,0.741626644806002,0.0019308281752578,0.671519829707877,0.81467831092447,0.741626644806002,0.0019308281752578,0.671519829707877,0.81467831092447,1.01509878807059,0.00143014525958626,0.952129319024459,1.0766750867206,1.01509878807059,0.00143014525958626,0.952129319024459,1.0766750867206
"high-small","none",2,"continuous",20,176,1,1,1,1,1.0472418876066,1.00786063360134,0.589028092017505,1.0472418876066,1.03448416189174,0.00171154231124488,0.965111729406531,1.10185687375216,1.03448416189174,0.00171154231124488,0.965111729406531,1.10185687375216,0.570272479507216,0.00169075107331382,0.502673056379268,0.639542991260356,0.570272479507216,0.00169075107331382,0.502673056379268,0.639542991260356,0.707912255644457,0.00191596650593634,0.638075572721098,0.780682199094022,0.707912255644457,0.00191596650593634,0.638075572721098,0.780682199094022,1.01670409051253,0.00141913893187841,0.953978363697011,1.07804147151303,1.01670409051253,0.00141913893187841,0.953978363697011,1.07804147151303
"high-small","none",2,"continuous",20,177,1,1,1,1,1.0472418876066,1.00786063360134,0.589028092017505,1.0472418876066,1.10196961491701,0.00162700588035339,1.03433205232433,1.16765751325403,1.10196961491701,0.00162700588035339,1.03433205232433,1.16765751325403,0.628337478186583,0.00160727403758395,0.562428291867197,0.695876784980565,0.628337478186583,0.00160727403758395,0.562428291867197,0.695876784980565,0.675643194956785,0.00182137024068458,0.607550883769415,0.746592681447519,0.675643194956785,0.00182137024068458,0.607550883769415,0.746592681447519,1.02345153835725,0.00134907217993358,0.962293430369899,1.08325625447274,1.02345153835725,0.00134907217993358,0.962293430369899,1.08325625447274
"high-small","none",2,"continuous",20,178,1,1,1,1,1.0472418876066,1.00786063360134,0.589028092017505,1.0472418876066,0.992952294775673,0.00165077231331511,0.924822561549861,1.05911816277093,0.992952294775673,0.00165077231331511,0.924822561549861,1.05911816277093,0.592659153106818,0.0016306929083507,0.526271380134079,0.660688820531196,0.592659153106818,0.0016306929083507,0.526271380134079,0.660688820531196,0.66429913773082,0.00184790967858021,0.595713930958426,0.735764865092297,0.66429913773082,0.00184790967858021,0.595713930958426,0.735764865092297,0.955587744690062,0.0013687304319549,0.893985714556621,1.01582647532503,0.955587744690062,0.0013687304319549,0.893985714556621,1.01582647532503
"high-small","none",2,"continuous",20,179,1,1,1,1,1.0472418876066,1.00786063360134,0.589028092017505,1.0472418876066,1.02083669479513,0.00162248318522993,0.953293433239157,1.08643309005595,1.02083669479513,0.00162248318522993,0.953293433239157,1.08643309005595,0.562446360352278,0.00160277954187187,0.496629079617469,0.629890689083876,0.562446360352278,0.00160277954187187,0.496629079617469,0.629890689083876,0.727534148363297,0.00181627781607444,0.659539458492126,0.798386377949334,0.727534148363297,0.00181627781607444,0.659539458492126,0.798386377949334,0.977401057277839,0.00134529910212195,0.916328429757656,1.03712225813973,0.977401057277839,0.00134529910212195,0.916328429757656,1.03712225813973
"high-small","none",2,"continuous",20,180,1,1,1,1,1.0472418876066,1.00786063360134,0.589028092017505,1.0472418876066,1.00358232049095,0.00177529369746344,0.932929645255883,1.07219836375532,1.00358232049095,0.00177529369746344,0.932929645255883,1.07219836375532,0.618898091781373,0.00175370457433661,0.550051877189457,0.689447059376852,0.618898091781373,0.00175370457433661,0.550051877189457,0.689447059376852,0.678841987681235,0.00198730684287736,0.607716536944733,0.752953888927181,0.678841987681235,0.00198730684287736,0.607716536944733,0.752953888927181,0.998977212364211,0.00147198099357517,0.935094048728212,1.06144653017169,0.998977212364211,0.00147198099357517,0.935094048728212,1.06144653017169
"high-small","none",2,"continuous",20,181,1,1,1,1,1.0472418876066,1.00786063360134,0.589028092017505,1.0472418876066,1.02699211854084,0.00165510381258475,0.958772998911664,1.09324473353513,1.02699211854084,0.00165510381258475,0.958772998911664,1.09324473353513,0.567603283831086,0.00163498926696519,0.501127979553972,0.635722080371763,0.567603283831086,0.00163498926696519,0.501127979553972,0.635722080371763,0.674863686830471,0.0018527769367974,0.606187926051904,0.746423283022535,0.674863686830471,0.0018527769367974,0.606187926051904,0.746423283022535,0.994121424849546,0.00137233561448441,0.932438813619793,1.05443870602737,0.994121424849546,0.00137233561448441,0.932438813619793,1.05443870602737
"high-small","none",2,"continuous",20,182,1,1,1,1,1.0472418876066,1.00786063360134,0.589028092017505,1.0472418876066,1.05736911429725,0.00185531723108028,0.985141434525038,1.12751460140775,1.05736911429725,0.00185531723108028,0.985141434525038,1.12751460140775,0.605159254339491,0.00183273203999634,0.534778806857814,0.677280200344607,0.605159254339491,0.00183273203999634,0.534778806857814,0.677280200344607,0.645110491278616,0.00207685963916312,0.572399323087205,0.720873227921892,0.645110491278616,0.00207685963916312,0.572399323087205,0.720873227921892,1.02238805202652,0.0015383140159858,0.957082131269414,1.08624814230591,1.02238805202652,0.0015383140159858,0.957082131269414,1.08624814230591
"high-small","none",2,"continuous",20,183,1,1,1,1,1.0472418876066,1.00786063360134,0.589028092017505,1.0472418876066,1.00685769006988,0.00180492397061529,0.935617961616477,1.07604400037686,1.00685769006988,0.00180492397061529,0.935617961616477,1.07604400037686,0.668461215531582,0.00178303288779351,0.599041871106161,0.739597609142851,0.668461215531582,0.00178303288779351,0.599041871106161,0.739597609142851,0.743737722961064,0.00202054238673198,0.672019954008872,0.818466638452408,0.743737722961064,0.00202054238673198,0.672019954008872,0.818466638452408,1.05053602625202,0.00149659596070511,0.986120204582467,1.11352670117553,1.05053602625202,0.00149659596070511,0.986120204582467,1.11352670117553
"high-small","none",2,"continuous",20,184,1,1,1,1,1.0472418876066,1.00786063360134,0.589028092017505,1.0472418876066,1.074755038388,0.0017828883719972,1.00395153853192,1.14351756895848,1.074755038388,0.0017828883719972,1.00395153853192,1.14351756895848,0.555823037473168,0.00176122751745709,0.486828974950277,0.626522269844888,0.555823037473168,0.00176122751745709,0.486828974950277,0.626522269844888,0.736564708142199,0.00199583044895459,0.665287893058109,0.81083628325453,0.736564708142199,0.00199583044895459,0.665287893058109,0.81083628325453,1.03508858237527,0.00147829318043941,0.971069018742753,1.09769109627518,1.03508858237527,0.00147829318043941,0.971069018742753,1.09769109627518
"high-small","none",2,"continuous",20,185,1,1,1,1,1.0472418876066,1.00786063360134,0.589028092017505,1.0472418876066,1.07179147656909,0.00163881753547184,1.00390908644165,1.13771735698321,1.07179147656909,0.00163881753547184,1.00390908644165,1.13771735698321,0.693354588990999,0.00161893646546993,0.627206996500022,0.76113917337788,0.693354588990999,0.00161893646546993,0.627206996500022,0.76113917337788,0.698656612437134,0.00183458905002943,0.630318493065581,0.769863647316445,0.698656612437134,0.00183458905002943,0.630318493065581,0.769863647316445,0.969504413061912,0.0013588617739843,0.908123455451611,1.02952778241333,0.969504413061912,0.0013588617739843,0.908123455451611,1.02952778241333
"high-small","none",2,"continuous",20,186,1,1,1,1,1.0472418876066,1.00786063360134,0.589028092017505,1.0472418876066,1.11138279633734,0.00180380616149722,1.04016554559254,1.18054740731875,1.11138279633734,0.00180380616149722,1.04016554559254,1.18054740731875,0.609017792072285,0.00178186729919144,0.539620868168908,0.680130791209617,0.609017792072285,0.00178186729919144,0.539620868168908,0.680130791209617,0.763267558257283,0.00201922320542545,0.691575765510689,0.837974254180954,0.763267558257283,0.00201922320542545,0.691575765510689,0.837974254180954,0.962998264069839,0.0014956183688485,0.898603216000196,1.02596871470012,0.962998264069839,0.0014956183688485,0.898603216000196,1.02596871470012
"high-small","none",2,"continuous",20,187,1,1,1,1,1.0472418876066,1.00786063360134,0.589028092017505,1.0472418876066,1.03037845404769,0.00179353858492895,0.959363584177184,1.09934614052291,1.03037845404769,0.00179353858492895,0.959363584177184,1.09934614052291,0.563559522717225,0.00177171925522494,0.494360318377341,0.634469338062159,0.563559522717225,0.00177171925522494,0.494360318377341,0.634469338062159,0.680348937965369,0.00200771939983718,0.608859286716308,0.754840719895085,0.680348937965369,0.00200771939983718,0.608859286716308,0.754840719895085,1.0200990945302,0.00148710113229966,0.955889480380934,1.08288718089202,1.0200990945302,0.00148710113229966,0.955889480380934,1.08288718089202
"high-small","none",2,"continuous",20,188,1,1,1,1,1.0472418876066,1.00786063360134,0.589028092017505,1.0472418876066,1.01904718770112,0.00166357076807948,0.950653666854878,1.08546907680814,1.01904718770112,0.00166357076807948,0.950653666854878,1.08546907680814,0.51563150081014,0.00164338496068711,0.448985480116818,0.583924152731173,0.51563150081014,0.00164338496068711,0.448985480116818,0.583924152731173,0.702127929336738,0.00186228852638454,0.633275790617849,0.773870785180945,0.702127929336738,0.00186228852638454,0.633275790617849,0.773870785180945,1.06127220525718,0.00137938053368942,0.999432177665561,1.1217430675331,1.06127220525718,0.00137938053368942,0.999432177665561,1.1217430675331
"high-small","none",2,"continuous",20,189,1,1,1,1,1.0472418876066,1.00786063360134,0.589028092017505,1.0472418876066,1.06398279320493,0.00166658310822638,0.995527518308549,1.13046481177913,1.06398279320493,0.00166658310822638,0.995527518308549,1.13046481177913,0.597157426531163,0.0016463869206852,0.530450921727254,0.665513036770307,0.597157426531163,0.0016463869206852,0.530450921727254,0.665513036770307,0.719849661514441,0.0018656922032762,0.650934305371657,0.791657640576916,0.719849661514441,0.0018656922032762,0.650934305371657,0.791657640576916,1.06436685888221,0.00138190037102366,1.00246937859787,1.12489447934821,1.06436685888221,0.00138190037102366,1.00246937859787,1.12489447934821
"high-small","none",2,"continuous",20,190,1,1,1,1,1.0472418876066,1.00786063360134,0.589028092017505,1.0472418876066,1.08359801905398,0.0018391004309393,1.01168717985498,1.15343601223676,1.08359801905398,0.0018391004309393,1.01168717985498,1.15343601223676,0.54015254034959,0.0018167013908783,0.470080211964556,0.611956685132203,0.54015254034959,0.0018167013908783,0.470080211964556,0.611956685132203,0.73602995156567,0.00205869496495126,0.663640688917383,0.811463337309102,0.73602995156567,0.00205869496495126,0.663640688917383,0.811463337309102,0.980344602905747,0.00152485671977528,0.915324413945188,1.04392562935021,0.980344602905747,0.00152485671977528,0.915324413945188,1.04392562935021
"high-small","none",2,"continuous",20,191,1,1,1,1,1.0472418876066,1.00786063360134,0.589028092017505,1.0472418876066,1.11119613795601,0.00168167777304639,1.04243193042955,1.17797828753301,1.11119613795601,0.00168167777304639,1.04243193042955,1.17797828753301,0.534505497246281,0.00166122247373757,0.467498810429695,0.60316829185098,0.534505497246281,0.00166122247373757,0.467498810429695,0.60316829185098,0.732826550363787,0.00188250572116015,0.663604185756862,0.804959780260239,0.732826550363787,0.00188250572116015,0.663604185756862,0.804959780260239,0.959007241129865,0.00139435389253381,0.896831306204706,1.01980718004436,0.959007241129865,0.00139435389253381,0.896831306204706,1.01980718004436
"high-small","none",2,"continuous",20,192,1,1,1,1,1.0472418876066,1.00786063360134,0.589028092017505,1.0472418876066,1.01362698599176,0.00154377076237657,0.947742297153519,1.07761252325834,1.01362698599176,0.00154377076237657,0.947742297153519,1.07761252325834,0.547686683891103,0.00152503524186456,0.483485510863896,0.613474848345071,0.547686683891103,0.00152503524186456,0.483485510863896,0.613474848345071,0.690538315488201,0.00172817635180953,0.624212196858848,0.759649967392975,0.690538315488201,0.00172817635180953,0.624212196858848,0.759649967392975,0.989340064706197,0.00128004393555504,0.929767500485205,1.04759414794201,0.989340064706197,0.00128004393555504,0.929767500485205,1.04759414794201
"high-small","none",2,"continuous",20,193,1,1,1,1,1.0472418876066,1.00786063360134,0.589028092017505,1.0472418876066,1.01314117286435,0.0017443416617685,0.943107230807309,1.08115639120294,1.01314117286435,0.0017443416617685,0.943107230807309,1.08115639120294,0.610926572324193,0.00172314990705943,0.542682709212002,0.680858027460324,0.610926572324193,0.00172314990705943,0.542682709212002,0.680858027460324,0.712364691256353,0.00195268226812772,0.641862080846509,0.785828538573212,0.712364691256353,0.00195268226812772,0.641862080846509,0.785828538573212,1.00611529555296,0.00144633362604601,0.942790899264546,1.06803837827915,1.00611529555296,0.00144633362604601,0.942790899264546,1.06803837827915
"high-small","none",2,"continuous",20,194,1,1,1,1,1.0472418876066,1.00786063360134,0.589028092017505,1.0472418876066,1.06193974073174,0.00170459080283545,0.992708374622844,1.12917551656926,1.06193974073174,0.00170459080283545,0.992708374622844,1.12917551656926,0.620763564046958,0.00168387641669943,0.553301968129097,0.689893732332463,0.620763564046958,0.00168387641669943,0.553301968129097,0.689893732332463,0.683232002257968,0.00190817751134235,0.613537016719788,0.755853473694567,0.683232002257968,0.00190817751134235,0.613537016719788,0.755853473694567,0.988323146929911,0.0014133698662069,0.925724491031553,1.04953654667784,0.988323146929911,0.0014133698662069,0.925724491031553,1.04953654667784
"high-small","none",2,"continuous",20,195,1,1,1,1,1.0472418876066,1.00786063360134,0.589028092017505,1.0472418876066,0.981869286850557,0.00168106912052848,0.913117013358186,1.04863958754623,0.981869286850557,0.00168106912052848,0.913117013358186,1.04863958754623,0.536773532153558,0.00166062905671954,0.469778860952456,0.605424072343355,0.536773532153558,0.00166062905671954,0.469778860952456,0.605424072343355,0.668747605319607,0.00188183097097329,0.599535423257354,0.740866117565569,0.668747605319607,0.00188183097097329,0.599535423257354,0.740866117565569,1.00735315870786,0.00139385641208054,0.945189313847183,1.06814071351286,1.00735315870786,0.00139385641208054,0.945189313847183,1.06814071351286
"high-small","none",2,"continuous",20,196,1,1,1,1,1.0472418876066,1.00786063360134,0.589028092017505,1.0472418876066,1.04070974540145,0.00167170856402979,0.97214904396551,1.10729390948095,1.04070974540145,0.00167170856402979,0.97214904396551,1.10729390948095,0.512375921634359,0.00165139945503203,0.445567577980913,0.580835051240702,0.512375921634359,0.00165139945503203,0.445567577980913,0.580835051240702,0.660342055978634,0.00187137021659978,0.591321759706897,0.732259279504062,0.660342055978634,0.00187137021659978,0.591321759706897,0.732259279504062,1.04585165094004,0.00138610869290777,0.983861372839846,1.10646917673618,1.04585165094004,0.00138610869290777,0.983861372839846,1.10646917673618
"high-small","none",2,"continuous",20,197,1,1,1,1,1.0472418876066,1.00786063360134,0.589028092017505,1.0472418876066,1.06331255418334,0.00156888954501979,0.996894297723434,1.12781656903095,1.06331255418334,0.00156888954501979,0.996894297723434,1.12781656903095,0.654098278526823,0.0015499204153,0.589375797538137,0.720421358283262,0.654098278526823,0.0015499204153,0.589375797538137,0.720421358283262,0.787951685269616,0.00175637818939829,0.721086567579752,0.857624749153561,0.787951685269616,0.00175637818939829,0.721086567579752,0.857624749153561,1.0364179308158,0.00130092936316339,0.976359612426833,1.0951480415411,1.0364179308158,0.00130092936316339,0.976359612426833,1.0951480415411
"high-small","none",2,"continuous",20,198,1,1,1,1,1.0472418876066,1.00786063360134,0.589028092017505,1.0472418876066,0.98278268954302,0.00179414767063499,0.91175605225755,1.05176195630816,0.98278268954302,0.00179414767063499,0.91175605225755,1.05176195630816,0.543375819208449,0.0017722896114222,0.474165354661652,0.614297017486799,0.543375819208449,0.0017722896114222,0.474165354661652,0.614297017486799,0.718991466564676,0.00200836767152781,0.647492432366299,0.793497036346639,0.718991466564676,0.00200836767152781,0.647492432366299,0.793497036346639,0.959997541866221,0.0014875799130706,0.895776912123769,1.02279676161408,0.959997541866221,0.0014875799130706,0.895776912123769,1.02279676161408
"high-small","none",2,"continuous",20,199,1,1,1,1,1.0472418876066,1.00786063360134,0.589028092017505,1.0472418876066,1.07297366255493,0.00160432141933828,1.00580927372411,1.13820203160761,1.07297366255493,0.00160432141933828,1.00580927372411,1.13820203160761,0.604808263981275,0.00158488498683759,0.539359632811286,0.671875122842045,0.604808263981275,0.00158488498683759,0.539359632811286,0.671875122842045,0.704695379003457,0.00179599819133933,0.637079228709946,0.775149161514023,0.704695379003457,0.00179599819133933,0.637079228709946,0.775149161514023,1.04767947716053,0.00133027857255924,0.986948941903505,1.10706607199589,1.04767947716053,0.00133027857255924,0.986948941903505,1.10706607199589
"high-small","none",2,"continuous",20,200,1,1,1,1,1.0472418876066,1.00786063360134,0.589028092017505,1.0472418876066,1.05938459959935,0.00167780758575022,0.990699186314564,1.12609002392541,1.05938459959935,0.00167780758575022,0.990699186314564,1.12609002392541,0.540085225916367,0.00165740160065764,0.47315570154028,0.608669100917572,0.540085225916367,0.00165740160065764,0.47315570154028,0.608669100917572,0.673337527388142,0.00187817414870462,0.604192971591817,0.745386215099273,0.673337527388142,0.00187817414870462,0.604192971591817,0.745386215099273,0.992259857156103,0.0013911475938303,0.930156257599348,1.0529885950021,0.992259857156103,0.0013911475938303,0.930156257599348,1.0529885950021
