"excessvar","re.type","num.re","response","run","rep","design.seed","error.seed","beta_int_true","beta_row_true","beta_col_true","beta_dyad_true","delta_int_true","delta_row_true","delta_col_true","delta_dyad_true","beta_int_mean","beta_int_var","beta_int_5q","beta_int_95q","delta_int_mean","delta_int_var","delta_int_5q","delta_int_95q","beta_row_mean","beta_row_var","beta_row_5q","beta_row_95q","delta_row_mean","delta_row_var","delta_row_5q","delta_row_95q","beta_col_mean","beta_col_var","beta_col_5q","beta_col_95q","delta_col_mean","delta_col_var","delta_col_5q","delta_col_95q","beta_dyad_mean","beta_dyad_var","beta_dyad_5q","beta_dyad_95q","delta_dyad_mean","delta_dyad_var","delta_dyad_5q","delta_dyad_95q"
"ind-large","invgamma",1,"binary",51,1,7578823,7710920,1,1,1,1,0.998996599181581,0.959262405432904,1.00224092806284,0.998996599181581,0.899100641865785,0.0706055938112013,0.47573219420541,1.34174435082471,0.906237806446013,0.0114600151053734,0.736506195960819,1.08776616416012,0.9151193480815,0.0616508795154723,0.511494178093846,1.33645990961189,0.972878481252351,0.0164935281400381,0.775840503358641,1.19701476823677,0.847280241382833,0.0110980750339501,0.675711148736246,1.01965554773229,0.848181420405884,0.011106438067244,0.676512464177334,1.02000141420182,0.895510776882257,0.00786105795731191,0.754036300158711,1.04310025650514,0.857639211692972,0.00745976200320777,0.719671443929692,1.00100021652858
"ind-large","invgamma",1,"binary",51,2,7578823,3788354,1,1,1,1,0.998996599181581,0.959262405432904,1.00224092806284,0.998996599181581,0.88820556094255,0.0702601452143469,0.458134355958779,1.33909055847464,0.895184183282544,0.010602541386565,0.732877666473792,1.0651831192557,0.936168494712031,0.0610680972872795,0.534227166513746,1.36646041283743,0.996304561986354,0.0156026771769493,0.801431550713272,1.20994209853158,0.890194959003624,0.0115106095613703,0.713667941598086,1.07774306788724,0.891279409251054,0.0115171675116056,0.714755158890265,1.07875489977601,0.941424249047798,0.00840383552014472,0.796264842604505,1.09302033464291,0.895850808932608,0.00799295284513533,0.753780928136351,1.0405915428053
"ind-large","invgamma",1,"binary",51,3,7578823,15701990,1,1,1,1,0.998996599181581,0.959262405432904,1.00224092806284,0.998996599181581,1.06820643689867,0.100781299566048,0.546502346672474,1.593250386271,1.07601028761772,0.0148752249139169,0.881835867490906,1.28142994092572,1.06259779489835,0.0860471154059789,0.581382978339883,1.57408340019423,1.16072097205771,0.0231954620301019,0.929552731327393,1.4275541705109,1.1442380320566,0.0160020868103305,0.936452143571877,1.35914011843345,1.14525357303858,0.0160121774890651,0.937136346279156,1.35980826164164,0.922141981080446,0.00911996271214862,0.77039730314534,1.08088269615655,0.879464415893269,0.00889005980115157,0.732253781706847,1.03641077328356
"ind-large","invgamma",1,"binary",51,4,7578823,10803623,1,1,1,1,0.998996599181581,0.959262405432904,1.00224092806284,0.998996599181581,0.870992594378232,0.0725642651316913,0.439392697186273,1.31933451604858,0.87761537642139,0.0102512002630223,0.71487085507203,1.04536425907986,0.854499244854635,0.0599238052096501,0.458255471952693,1.27136200046819,0.911431917210294,0.0119260823818731,0.744307559837279,1.10321432840146,1.1199487192491,0.0146876463322983,0.924423170343015,1.32405684577071,1.12105155700601,0.0146952184399823,0.925590079057211,1.32511660055294,0.972328640931683,0.0088703431646188,0.8235166985,1.13129538371082,0.925982475590735,0.00853336281985395,0.7780097670382,1.07760349184413
"ind-large","invgamma",1,"binary",51,5,7578823,2947850,1,1,1,1,0.998996599181581,0.959262405432904,1.00224092806284,0.998996599181581,0.784843448715885,0.0798758622542375,0.331370467019966,1.2640667580616,0.792229330750353,0.0114631593981495,0.627213338628354,0.971527477207841,1.02891442680994,0.0703953929293972,0.599109257178786,1.489200050983,1.10386185861143,0.0184918920566646,0.896014945955188,1.33693018792816,0.924028036773471,0.0124271059220161,0.738691810504283,1.11138270474897,0.924752849709668,0.0124317079102019,0.739642959752317,1.11204110968508,0.946152108131504,0.00872754279817776,0.792065025505691,1.10345748916409,0.915692233166519,0.00856508643985843,0.766687760781718,1.06954703531861
"ind-large","invgamma",1,"binary",51,6,7578823,4534411,1,1,1,1,0.998996599181581,0.959262405432904,1.00224092806284,0.998996599181581,1.08564129716941,0.0979761424437084,0.589383305844089,1.61726925468412,1.09376533592925,0.0144528656874629,0.906220112781939,1.29723024488676,0.825769849906273,0.0757674897275047,0.386134041543924,1.29180090719866,0.900353374979524,0.01394070558749,0.717823205203593,1.10371796878598,0.917191114956842,0.0124991495166243,0.733771650726496,1.10882861681784,0.918598471663882,0.0125076507369055,0.735269962843894,1.10994541402865,1.00761602186301,0.0096081155505791,0.84629643190826,1.16701584689808,0.948472610940314,0.00912926275485889,0.791158458660181,1.10743066668866
"ind-large","invgamma",1,"binary",51,7,7578823,2799303,1,1,1,1,0.998996599181581,0.959262405432904,1.00224092806284,0.998996599181581,0.951445497392793,0.0687077100934136,0.533769566046994,1.40182786333687,0.958406383215595,0.010911939428717,0.793885271568508,1.13109685606737,0.918549989852926,0.0608551146150692,0.535329206872693,1.33940316238793,0.975309266096419,0.0165496746480002,0.773858761825117,1.19801995950589,0.929317588829932,0.0122992177756923,0.746769172899957,1.11418210062627,0.930136008252502,0.012304508268687,0.74752469401303,1.11531657530255,0.922565348075809,0.00847703706858058,0.772956819981126,1.07363034035686,0.888171710717164,0.00818540597372691,0.743652310859694,1.03687443876168
"ind-large","invgamma",1,"binary",51,8,7578823,778189,1,1,1,1,0.998996599181581,0.959262405432904,1.00224092806284,0.998996599181581,1.06203903480106,0.0847787177346196,0.60749048238518,1.55698808853757,1.0693469828496,0.0156632889579183,0.881338460286377,1.28568875461216,1.03403252432462,0.0762604915550797,0.591689535417457,1.51884081353866,1.10916433494302,0.0282466745131042,0.862891220518289,1.41199504710041,0.939979988618622,0.0120074987760258,0.761334968084778,1.1191526844386,0.940524682465421,0.0120087906215045,0.761574345488411,1.11991263737461,0.975600545657298,0.00853452540102987,0.822018353982128,1.12257075856184,0.952710078835929,0.00852242836760872,0.802790790918823,1.10180205205495
"ind-large","invgamma",1,"binary",51,9,7578823,2587736,1,1,1,1,0.998996599181581,0.959262405432904,1.00224092806284,0.998996599181581,1.15372096956679,0.0981742793486638,0.660812144085883,1.69108279257549,1.16112649375369,0.0190252943034566,0.945515359708692,1.39851334941172,1.19646190475324,0.0853362971861023,0.721500961729309,1.70944399796649,1.2973575453398,0.0323722263554047,1.02555777907884,1.61690582789871,0.978989768006862,0.0131912046005164,0.792388261469613,1.16962034009062,0.979641289255671,0.0131962072305296,0.793034552957082,1.17046660991244,1.04563988960685,0.0103046815846923,0.877538431781483,1.21153017677499,1.01826005850188,0.0101201448805266,0.856145190169217,1.17999111957249
"ind-large","invgamma",1,"binary",51,10,7578823,997873,1,1,1,1,0.998996599181581,0.959262405432904,1.00224092806284,0.998996599181581,1.0700906580709,0.103285890890409,0.565730925079971,1.6054668274618,1.07840076890113,0.0175730308482303,0.871865123467633,1.30441703522638,1.07100244582035,0.0872366399039775,0.584630718859346,1.57305571363764,1.16900465329548,0.0260824503981602,0.927656816244851,1.45667792668698,0.998853141247381,0.0142570907510444,0.804218827858337,1.20297403162721,0.999545762002138,0.0142615674545457,0.804755146027293,1.20449591260948,0.839924252918274,0.00839455893921285,0.687829500818424,0.991046970562653,0.810817237115326,0.00829074895127501,0.662563247384304,0.959713767912475
"ind-large","invgamma",1,"binary",51,11,7578823,9951635,1,1,1,1,0.998996599181581,0.959262405432904,1.00224092806284,0.998996599181581,1.07696959724459,0.0897212166996007,0.597618784374814,1.58469428694579,1.08522604553721,0.0133141422554422,0.905003230498605,1.27741199178204,0.865899927191469,0.0724105336428585,0.429306152080407,1.32291730487352,0.937886895420619,0.0140466105038232,0.753570192785723,1.13810274346467,1.15149077124874,0.01645692972507,0.93691524284157,1.36344564755986,1.15229599831585,0.0164671782850845,0.938326668801214,1.36421604551103,1.17361773455836,0.0117986058231654,0.994839257525651,1.35301099664246,1.13977849886355,0.0112811827437263,0.967023302173538,1.31672693495736
"ind-large","invgamma",1,"binary",51,12,7578823,10922262,1,1,1,1,0.998996599181581,0.959262405432904,1.00224092806284,0.998996599181581,0.839467446011399,0.0637858102925576,0.431488634347285,1.26177138802974,0.845574401581803,0.00944453268692473,0.685430858661593,1.00800110227363,0.891060706310361,0.0544232756880643,0.512904111816467,1.2924294504647,0.943986965640731,0.0110638151432859,0.780328440850249,1.12480023786786,0.992088766809371,0.0131360586857011,0.808928106548933,1.18024203664241,0.993387449814255,0.0131460237405855,0.809942009224817,1.18166143944344,0.972873785823775,0.00868387430154527,0.816756385837083,1.12387516589885,0.918297328958218,0.00819855976083597,0.769215611126424,1.06472845824705
"ind-large","invgamma",1,"binary",51,13,7578823,2923574,1,1,1,1,0.998996599181581,0.959262405432904,1.00224092806284,0.998996599181581,1.03028775125712,0.0969907983253961,0.545383474038291,1.56329279536984,1.03672373518195,0.0163347842885271,0.831700245900777,1.25411413020329,1.08964183960425,0.0860128362514811,0.62646994878434,1.59112905673459,1.18261826100782,0.0299972188826084,0.927688630658301,1.49457930112736,0.972098939798998,0.013119972052238,0.78278182266638,1.16279092506986,0.972952359217768,0.0131251311107821,0.783508902827552,1.16392081972085,0.977986701145352,0.00905713204071015,0.825140701634718,1.13197960486113,0.942122207715036,0.00881999962088123,0.792477187412034,1.09605478749787
"ind-large","invgamma",1,"binary",51,14,7578823,5512126,1,1,1,1,0.998996599181581,0.959262405432904,1.00224092806284,0.998996599181581,0.876991794134126,0.059802145986746,0.477365988662163,1.28795802199095,0.884441879081869,0.00952495829504662,0.730486855284961,1.05145202372416,0.867657181374776,0.0540062820272883,0.491695571430839,1.26680062126754,0.913338489790874,0.0141956508183917,0.730461406489462,1.11360159465924,0.883017056749249,0.0107826585924185,0.708533048797532,1.05619782597339,0.883414255783925,0.0107841332174197,0.708977638358938,1.05681831242322,0.930267416606694,0.00813877748111527,0.78268256232522,1.07692028811859,0.913575340171184,0.00807402986398181,0.763898481519336,1.05995600270881
"ind-large","invgamma",1,"binary",51,15,7578823,10368810,1,1,1,1,0.998996599181581,0.959262405432904,1.00224092806284,0.998996599181581,0.940655465427724,0.0871671225442993,0.472570699358682,1.42775518325374,0.947890028573498,0.013026753580334,0.766425919498795,1.13894366956585,0.96805521778919,0.0742567383141586,0.531561668512205,1.4367007002177,1.04495734414115,0.0192310984104225,0.836392965547557,1.29823914646475,1.03842402526974,0.014123541337399,0.839885539343426,1.24195058095552,1.03926519329172,0.0141262010503254,0.84115929861777,1.24269084289664,0.97971971287019,0.0090916715027337,0.827029543009166,1.14046782204917,0.944370077819936,0.00890624597030825,0.7910292674907,1.09953519370175
"ind-large","invgamma",1,"binary",51,16,7578823,1581959,1,1,1,1,0.998996599181581,0.959262405432904,1.00224092806284,0.998996599181581,1.01314238076398,0.0652810295523964,0.606304946101095,1.44672790395745,1.01997990628755,0.0118698612010738,0.844838097685997,1.20506126323229,0.978825095196963,0.0565562610185592,0.599113268670647,1.3902555727342,1.03457084715605,0.016494637045622,0.843794438101426,1.25230687075764,1.03960568120929,0.013759359448824,0.852683669320864,1.23651643902696,1.04041438924307,0.0137635367440388,0.853275410093495,1.23735916516645,1.00464519641233,0.00877854280543037,0.850075544951877,1.16070208151142,0.970659674959886,0.00852053649445232,0.820314025516475,1.12517307643937
"ind-large","invgamma",1,"binary",51,17,7578823,3686351,1,1,1,1,0.998996599181581,0.959262405432904,1.00224092806284,0.998996599181581,1.00524125868561,0.0807197656011926,0.552377990385197,1.476518066772,1.0123918125621,0.0132438196687025,0.827787737742572,1.20580989661515,1.0107687832749,0.0689076549225684,0.583664421750761,1.45662429982844,1.08319024666761,0.0189292780915723,0.874844570333682,1.32154707334678,1.13884472706701,0.0155406996674853,0.933722620446494,1.34427227103056,1.1395813256131,0.0155444726827676,0.93410301168193,1.34513075721207,1.05630997889637,0.0102206372690503,0.89202023266428,1.22497205282469,1.0253548199954,0.00998746335020518,0.86297633280663,1.19180533577519
"ind-large","invgamma",1,"binary",51,18,7578823,1583514,1,1,1,1,0.998996599181581,0.959262405432904,1.00224092806284,0.998996599181581,0.781911013039879,0.0681374934888727,0.367340107692934,1.22120342801318,0.788562747058,0.00919539845269482,0.635674804348154,0.949164266637888,0.847513949614391,0.0569064474354295,0.46386079159956,1.25894936468327,0.900752193135574,0.0115384069969208,0.733169379315176,1.08298448041732,0.896897058446918,0.0117937987524697,0.723972010872461,1.07749821240071,0.897838714340711,0.011800781284892,0.724822044514651,1.0788562105489,0.964578615944505,0.00830863719671151,0.819263322356291,1.11527396102785,0.92500603196787,0.00796353937458698,0.7810215677012,1.07096270745843
"ind-large","invgamma",1,"binary",51,19,7578823,1431362,1,1,1,1,0.998996599181581,0.959262405432904,1.00224092806284,0.998996599181581,0.866925668550586,0.0720816785587876,0.432104798320655,1.3207057544297,0.874501234835563,0.0111828942069845,0.71160620158056,1.05584362752766,0.932912826484298,0.0633019086068976,0.529090762743669,1.37614389330488,0.992907852214772,0.0174186481955987,0.793983760795989,1.22087789193784,0.946919738484252,0.0124258127557759,0.768218420118165,1.13309386344757,0.947170010979,0.0124252720337079,0.768621035263125,1.13324464285599,0.978797600576638,0.00860097891708798,0.826687188865281,1.13139846300136,0.968280033192689,0.00858588320771781,0.816350547506954,1.11854694669368
"ind-large","invgamma",1,"binary",51,20,7578823,15814147,1,1,1,1,0.998996599181581,0.959262405432904,1.00224092806284,0.998996599181581,0.870417308040457,0.075540879603368,0.430851006444601,1.33303985279671,0.877567635084477,0.00987996903093471,0.716817414311239,1.0500997371276,0.835691175432668,0.0631752633332719,0.428916924112253,1.26865969081457,0.894768417248056,0.0117548699324204,0.724178132532295,1.08378300205633,1.03635392292016,0.013862553125091,0.845561121043662,1.23555465989527,1.03745482403231,0.0138711133014607,0.846776208681822,1.23709802282649,0.967607988666863,0.00872210923982719,0.812471906410139,1.12104517058631,0.921343209783464,0.00840775684282505,0.769414963353054,1.07083001949632
"ind-large","invgamma",1,"binary",51,21,7578823,11771556,1,1,1,1,0.998996599181581,0.959262405432904,1.00224092806284,0.998996599181581,1.07107028915396,0.102318660808946,0.555993511499922,1.62323555957905,1.07748830631672,0.0159427254751155,0.877778768969037,1.29058579871499,1.12886361399485,0.0855599386278184,0.661309754764913,1.6368420924767,1.23383111751024,0.0247714189971459,0.998009244729069,1.51358011788294,1.07900321779798,0.0162325869847485,0.874633952943215,1.29127428307257,1.08031894713467,0.0162438589021417,0.875915496989084,1.29268711279053,1.08015138642385,0.0112422051044935,0.900900575476907,1.25231458675569,1.02485856660554,0.0106966695783731,0.852279212010986,1.19203253674979
"ind-large","invgamma",1,"binary",51,22,7578823,1540011,1,1,1,1,0.998996599181581,0.959262405432904,1.00224092806284,0.998996599181581,0.779747849498876,0.0676479392918116,0.352639781806961,1.21458115962057,0.786950780401047,0.00849860854109214,0.641987546984646,0.944382325910977,0.719294448765425,0.0560073929057441,0.334971368404735,1.12511049453552,0.764694597840553,0.00976658067190023,0.605287969708716,0.938851302743797,0.930507241787735,0.011751915366117,0.755440641713047,1.1066010637083,0.931835938343738,0.0117607585566603,0.756287762229392,1.10804142004815,0.864717420556149,0.00730837590000214,0.727062554482747,1.00638839397275,0.808879660299534,0.00695091217942235,0.675154619279682,0.947463607846869
"ind-large","invgamma",1,"binary",51,23,7578823,9815329,1,1,1,1,0.998996599181581,0.959262405432904,1.00224092806284,0.998996599181581,1.02023300498796,0.0921623453294469,0.548537696433933,1.53704515027229,1.02751405773026,0.0150014960792766,0.835685253753409,1.23427104383749,1.02490489669584,0.0783351304902943,0.573844033846654,1.51242999053673,1.11009198816959,0.0223088054234655,0.877102614441646,1.36706635530929,0.889989146401502,0.0123728317626604,0.708434984688991,1.07375592931221,0.891107312104345,0.0123802223932778,0.709662561578944,1.07546752299376,1.03729050345012,0.00924499955291874,0.885272203000808,1.19768923491804,0.990300189401012,0.00895623972458132,0.838862314449521,1.1455429775181
"ind-large","invgamma",1,"binary",51,24,7578823,14787182,1,1,1,1,0.998996599181581,0.959262405432904,1.00224092806284,0.998996599181581,1.17996369478175,0.127908324013304,0.616333615394076,1.7939020874893,1.18791219710858,0.0186367893788135,0.97620690564713,1.43082043383318,1.08396835387327,0.0984062332463719,0.567842395474201,1.61386688991967,1.21203255241526,0.0209311320954632,0.984318597696919,1.46171675498565,1.22181824766101,0.0180808090755269,0.998948935342154,1.44631642581185,1.2232153528193,0.0180953731058841,1.00079554529856,1.44750291118945,1.13593822834276,0.0126637481651551,0.955477622334372,1.32608207959798,1.07722563325897,0.012087689035163,0.899768902664701,1.2600852778276
"ind-large","invgamma",1,"binary",51,25,7578823,7020918,1,1,1,1,0.998996599181581,0.959262405432904,1.00224092806284,0.998996599181581,0.960042252984959,0.0774467882387035,0.515285822338882,1.43577572529136,0.967330062145542,0.0122130214260641,0.790977969118497,1.15509523134379,0.967744134358463,0.0657763732411252,0.55904617980811,1.41617896441206,1.03454485907918,0.0160097518989972,0.840901384698111,1.25180676621585,1.10801581044817,0.0156399790765074,0.906411875767137,1.32018961886856,1.10887982246395,0.0156451477792662,0.907135147913497,1.32121210294271,0.937584941614993,0.00864654285563481,0.788431752219868,1.09090449803237,0.901275299975555,0.00830033948997746,0.752214501577809,1.05267324338575
"ind-large","invgamma",1,"binary",51,26,7578823,11113433,1,1,1,1,0.998996599181581,0.959262405432904,1.00224092806284,0.998996599181581,1.01305638340622,0.102892769312883,0.504640670177021,1.55880202978929,1.02006519988061,0.0144866160330409,0.828578838738909,1.22422294873312,1.03845385902012,0.0832795955960611,0.564485660856507,1.5446919996925,1.13640240082062,0.0194920333663847,0.917341457504358,1.37381521819421,0.929396668563979,0.0128933239474886,0.74575751764362,1.12080353776957,0.930302481713886,0.0128987805221567,0.746670798587731,1.12214819167239,1.15030967930563,0.0116245556459478,0.978924074223803,1.3321361558079,1.11224336742023,0.0114064150996502,0.943889668010574,1.29087914864068
"ind-large","invgamma",1,"binary",51,27,7578823,3225423,1,1,1,1,0.998996599181581,0.959262405432904,1.00224092806284,0.998996599181581,0.865539726014218,0.0618365878422077,0.46522973342883,1.28351260936295,0.872696605906777,0.00989360255038116,0.715604552223454,1.04189995055439,0.862449900399832,0.0516846949196584,0.497284145211546,1.25992339508786,0.909718931581616,0.0112995288769049,0.746544798065054,1.09963434756083,0.898976417862176,0.0114566173497543,0.727218339277835,1.07865862653644,0.89969165033563,0.0114620685108254,0.727684776309435,1.0797556604475,0.927929014388912,0.00810740838628422,0.778725598528087,1.0732787108931,0.897871753233189,0.00780534810347811,0.751281000822379,1.04247307376087
"ind-large","invgamma",1,"binary",51,28,7578823,582410,1,1,1,1,0.998996599181581,0.959262405432904,1.00224092806284,0.998996599181581,0.870624477015255,0.0788817453060075,0.42182683492791,1.34942054532908,0.878120965148483,0.0115430216032395,0.711354522415231,1.06117665082275,0.897775596545829,0.067984594795209,0.479607466086555,1.34746388220193,0.963569684664141,0.0169173022306267,0.77046814425684,1.19663295568781,0.929594304935794,0.0127446647259749,0.745168943080043,1.12237639929103,0.930728475603802,0.0127529242549516,0.746550373898274,1.12394330482665,0.890420785292051,0.00805979565390395,0.739446463813898,1.03772350156851,0.842757871164512,0.00773051640207771,0.695714273752462,0.9883798773716
"ind-large","invgamma",1,"binary",51,29,7578823,8038887,1,1,1,1,0.998996599181581,0.959262405432904,1.00224092806284,0.998996599181581,0.9753622706751,0.0969245689625471,0.483040132502249,1.51212795836829,0.981709382810945,0.0172697159433837,0.77871935085273,1.20544833206172,1.1013850509658,0.0837705865735527,0.64521516733489,1.60587970864914,1.19275157722131,0.0312553570499186,0.922634193580453,1.49762835528277,0.849162930230991,0.01142727529267,0.673918340109464,1.02215648570448,0.850213997946117,0.0114355785054206,0.675135268005159,1.022805043448,0.881629454030573,0.0079357353119849,0.729393389557797,1.02318495519124,0.837458896934218,0.00777264353290136,0.689626848806264,0.979811653283365
"ind-large","invgamma",1,"binary",51,30,7578823,15588937,1,1,1,1,0.998996599181581,0.959262405432904,1.00224092806284,0.998996599181581,0.983226516033853,0.0881229170740456,0.512958111951234,1.48637703753678,0.990204514913337,0.0131418628879045,0.807798038695508,1.18435188555882,1.04444043683497,0.0759244765723222,0.60383184707812,1.52360090555048,1.12861845935441,0.0205260618367458,0.909872738825989,1.38106892601018,0.982163603898109,0.0145690888314823,0.785279609573178,1.18136806410389,0.983347685969328,0.0145783417323428,0.786372565145847,1.18211835791261,1.12489285734791,0.0111592769630647,0.956884095230291,1.29717392767366,1.07513244326524,0.0106278155678845,0.911647139122559,1.24273462799119
"ind-large","invgamma",1,"binary",51,31,7578823,800323,1,1,1,1,0.998996599181581,0.959262405432904,1.00224092806284,0.998996599181581,1.02095550730532,0.0705352236937475,0.589186402955064,1.48128296116655,1.02821017228704,0.0120895430638549,0.857679877071668,1.21381978575833,0.901600195510791,0.0601124837995028,0.503829226881995,1.31758216411347,0.95706526116536,0.0165337734378253,0.758321373061148,1.18149189921169,1.1628611535502,0.0150105477241443,0.969721250955002,1.36679744392017,1.16347657262631,0.0150137844063698,0.969894305363103,1.36738354004958,0.905558253036444,0.00817158714537133,0.76117878289508,1.05373459238964,0.879695596379505,0.00799357205054888,0.73612475411642,1.0268687430445
"ind-large","invgamma",1,"binary",51,32,7578823,1668097,1,1,1,1,0.998996599181581,0.959262405432904,1.00224092806284,0.998996599181581,1.03314755859226,0.0715059928537898,0.61212225165006,1.49470703549789,1.04057431477503,0.0122695315668837,0.869056164156206,1.23182191867011,0.948249273095827,0.0623006251069283,0.542679349184791,1.38483530950084,1.00788921545467,0.0170109931146767,0.81174773668342,1.24278705591003,1.13863015768219,0.0149739599043144,0.931704113012687,1.34513253322408,1.13929767511496,0.014979360903684,0.93192965214268,1.34635045374652,0.924026853290421,0.00825842171401728,0.777250476482058,1.07697029902146,0.895974791132329,0.00810584691234888,0.749882512192386,1.04687566587984
"ind-large","invgamma",1,"binary",51,33,7578823,11524593,1,1,1,1,0.998996599181581,0.959262405432904,1.00224092806284,0.998996599181581,0.986674102239429,0.096981234386574,0.504086225215456,1.52515925041616,0.993135973312348,0.0169664379534285,0.791618987289541,1.21343115142658,1.14469410121893,0.0852956725918481,0.670228220837425,1.64160459940896,1.24147047289512,0.0321646031162105,0.983027995266148,1.56939378714809,0.948241495883182,0.0128766114777257,0.757597183247882,1.14534231880907,0.948916973163126,0.0128775833646369,0.757830888995716,1.14627841624059,0.982115870797349,0.00930705069147019,0.827296414639016,1.14283001416791,0.95372930033027,0.00929843298632777,0.800073004667631,1.11370413399787
"ind-large","invgamma",1,"binary",51,34,7578823,8642546,1,1,1,1,0.998996599181581,0.959262405432904,1.00224092806284,0.998996599181581,1.00304267734951,0.108046595149288,0.466993517048302,1.55149856313936,1.01058485601041,0.0146838944426746,0.816335819117645,1.21903943877752,0.961779081671393,0.0859719323546848,0.496217872609684,1.46496483130139,1.0603369281518,0.0166379137805948,0.865008964721214,1.29100801383179,0.977037020651301,0.0145696904659968,0.782400103785456,1.17817938931203,0.978323315094437,0.0145818450015257,0.783097983285004,1.18018484714071,1.16242573674897,0.0119802211072425,0.984931535396757,1.3452825308574,1.10836990254756,0.0113935759520349,0.935458284022127,1.28826036034804
"ind-large","invgamma",1,"binary",51,35,7578823,2314138,1,1,1,1,0.998996599181581,0.959262405432904,1.00224092806284,0.998996599181581,1.087839805181,0.0830820479036877,0.631590760589015,1.59288628838552,1.0933866568134,0.0145321867115605,0.898824024516998,1.29712421556976,1.05479439122739,0.0701825290121428,0.635240821487502,1.5244097873473,1.13043946375269,0.0215315999277536,0.903897080890747,1.39262820993422,1.06117878524427,0.0144222196951756,0.863773904082857,1.25986501687303,1.06238711205238,0.0144324274600408,0.864857684031602,1.26126189495409,1.06092885358923,0.00977016589462202,0.900413436986612,1.22441955140631,1.01014956743987,0.00935647109734833,0.852841745901348,1.17279879742752
"ind-large","invgamma",1,"binary",51,36,7578823,1206062,1,1,1,1,0.998996599181581,0.959262405432904,1.00224092806284,0.998996599181581,1.01406327224829,0.0787488940362076,0.561629394744335,1.51271241632523,1.02097002839231,0.0136500050277458,0.835316172289508,1.22536242466355,1.05483754853722,0.0707006196706189,0.632679248965972,1.50944674029895,1.12849921626756,0.0245418903672814,0.889770367889403,1.40728975963837,0.796395469154732,0.0114169901086988,0.623385203992024,0.97425669436417,0.797122301769469,0.011422205938959,0.623489110416905,0.974927688794221,1.04734769099298,0.00971436981741454,0.881183307077102,1.2110363070456,1.01680294012036,0.00946381103024956,0.856225776291206,1.17977993677823
"ind-large","invgamma",1,"binary",51,37,7578823,3066328,1,1,1,1,0.998996599181581,0.959262405432904,1.00224092806284,0.998996599181581,1.17142924617882,0.113444066755398,0.638067342672465,1.75173259111122,1.18052326080058,0.0171513998840799,0.97581070150566,1.39933283738533,0.98645419262799,0.0936194458251789,0.482225906224446,1.5078508231027,1.08963115470785,0.0245609043208763,0.84895868068255,1.36000889606073,1.05432700409289,0.0149525443008799,0.855900950325598,1.26154849795621,1.05506180347607,0.0149570782750245,0.856573368756028,1.26266790713679,1.00505992765381,0.0100443259513319,0.838851406642851,1.16756709153515,0.974180377609739,0.00985659823370183,0.813584082413845,1.13484621675165
"ind-large","invgamma",1,"binary",51,38,7578823,14982504,1,1,1,1,0.998996599181581,0.959262405432904,1.00224092806284,0.998996599181581,0.830440196762385,0.0772919189702555,0.389016632768252,1.30482145081501,0.837684248647862,0.0109667643241719,0.673223892013461,1.01152900749063,0.935402491359347,0.0670786340952415,0.513971366140298,1.388743955324,1.00150591848331,0.0173101900388286,0.801419485239254,1.23517233916456,0.818598403753605,0.0109001037048338,0.640886654886798,0.996659499267919,0.819210241434117,0.0109018413978657,0.641604389519516,0.997136365760633,0.868481426789442,0.00787072878095224,0.726136153155063,1.01455990721522,0.842769276361964,0.0077429314368988,0.700061085364457,0.988174787845905
"ind-large","invgamma",1,"binary",51,39,7578823,9977197,1,1,1,1,0.998996599181581,0.959262405432904,1.00224092806284,0.998996599181581,0.928494537495317,0.0903776237602299,0.447600376094047,1.43046252994915,0.93554530133016,0.0117137186310264,0.763134555867656,1.1151549062764,0.891558375944634,0.0737848626370675,0.460094628283464,1.35998789537135,0.966448517626231,0.0157114244259672,0.77492579355703,1.18644407088841,1.04763475534637,0.0135262417593781,0.861339089399446,1.24095001386543,1.04868514390956,0.0135347417534389,0.86240186002778,1.24223568074091,0.898824341601126,0.00851499495033398,0.74549896022293,1.05109851082747,0.854682325500825,0.00832596551817083,0.708061789667786,1.00536509355671
"ind-large","invgamma",1,"binary",51,40,7578823,12588905,1,1,1,1,0.998996599181581,0.959262405432904,1.00224092806284,0.998996599181581,1.175789221282,0.0959230770723937,0.681996507550073,1.71671217915456,1.18246872660612,0.017538018300718,0.974311983348636,1.40208754235343,1.25260407836382,0.0860686147563664,0.78682632627827,1.7595904538509,1.35716834794702,0.0329973346461869,1.08113879995202,1.67759636111648,1.04919690432241,0.0154271037759744,0.848425704084679,1.25374110570208,1.05010094870401,0.0154338155672258,0.849773442621878,1.25481139741596,1.05311775225007,0.0103805383775967,0.888645214252275,1.21839996935454,1.01512577190447,0.0101522859051832,0.854541019251149,1.18077237699994
"ind-large","invgamma",1,"binary",51,41,7578823,11008480,1,1,1,1,0.998996599181581,0.959262405432904,1.00224092806284,0.998996599181581,1.23747615181935,0.10720934822093,0.719975940230981,1.778896612638,1.24477335211705,0.0187639809401939,1.03051616428717,1.47861051197201,1.10362804463415,0.0866599963547453,0.626300400872498,1.61943031531335,1.20887993759237,0.025723320908205,0.964629902898967,1.4971204528836,0.994280789512983,0.0144519739897531,0.799109971880822,1.19203881165676,0.995513905566701,0.0144584460310133,0.800318166306543,1.19353305802564,1.19148885174712,0.0118902983586575,1.0120989090749,1.36987138824984,1.13966781084428,0.0115625355858849,0.963389117616033,1.31304620237963
"ind-large","invgamma",1,"binary",51,42,7578823,12335257,1,1,1,1,0.998996599181581,0.959262405432904,1.00224092806284,0.998996599181581,1.02018774598996,0.0992939035020299,0.514241305977671,1.54517835796527,1.02886390810268,0.0131475764083352,0.849298530440881,1.22024868762659,0.993911689768918,0.0852000102464373,0.517666987568389,1.49547428300983,1.0861720658139,0.0215545679569724,0.861467796296973,1.33843555907506,1.26152808495069,0.0166168460622624,1.05105640501779,1.47752434685856,1.26216574752088,0.0166190287925592,1.05124735691141,1.47823655905866,1.00816339750869,0.0106115506363547,0.842838624899847,1.181414336923,0.981365969941019,0.0104763345163097,0.815713139944464,1.1510820057082
"ind-large","invgamma",1,"binary",51,43,7578823,14197303,1,1,1,1,0.998996599181581,0.959262405432904,1.00224092806284,0.998996599181581,0.979875171982208,0.0890904051679224,0.508733611204125,1.48829458805833,0.987055414619446,0.0133668672180348,0.808491659370866,1.18741596260181,0.971064539042278,0.0735127614640697,0.529325119147574,1.4370545658205,1.04890305011775,0.017638054030945,0.845843731281092,1.27852641945784,0.914460358722092,0.0130050374268615,0.729111395284703,1.108859653693,0.915031214098095,0.0130090807711237,0.729878399466606,1.10920785885029,1.01731093777374,0.00971197521939573,0.855593627753706,1.17914234358057,0.993321046716659,0.00955227924738348,0.834850905227206,1.15067976170197
"ind-large","invgamma",1,"binary",51,44,7578823,16261869,1,1,1,1,0.998996599181581,0.959262405432904,1.00224092806284,0.998996599181581,0.953612022137209,0.0649223925054323,0.54709537653241,1.39203704724752,0.961113030923115,0.00976877964234786,0.807201013958421,1.1277671158257,0.785112647038447,0.0526868132816043,0.409881786007424,1.17770125727154,0.830150015109813,0.00930255201207209,0.681174487917005,0.996899685775487,1.00876157801124,0.0130943726230915,0.824088080065937,1.19963005319455,1.0091866272679,0.0130958734259808,0.824629868872207,1.20018705244637,1.03986000312106,0.00906605086165223,0.876983065353358,1.19578666956114,1.0219975360413,0.00887306112194591,0.865448296320271,1.17454220797025
"ind-large","invgamma",1,"binary",51,45,7578823,14529219,1,1,1,1,0.998996599181581,0.959262405432904,1.00224092806284,0.998996599181581,0.85437474133402,0.0735156124105562,0.417575162778175,1.31269228295276,0.860646213230024,0.00971582782948821,0.704941340031843,1.0265413577429,0.930890747805861,0.0587995022447966,0.528123112552291,1.34445076864293,0.993920576763554,0.00998352815521128,0.829394322620967,1.15716643918792,1.01143798493812,0.0144875740030581,0.813445525710207,1.21392836745905,1.0126518995192,0.0144958835976251,0.814819425751454,1.21526941639488,1.0321855192307,0.00976260342256192,0.872025500151761,1.195594772011,0.981171409919023,0.0093537231607259,0.825272143894578,1.13845688731234
"ind-large","invgamma",1,"binary",51,46,7578823,2294436,1,1,1,1,0.998996599181581,0.959262405432904,1.00224092806284,0.998996599181581,1.1235842120994,0.0772047528032096,0.685494877249027,1.59414436478674,1.13089905141082,0.0137518961842986,0.941507010312124,1.32671887681008,1.00320300805473,0.0659703591986539,0.587341362237387,1.45954260938186,1.07002925025162,0.0188465588554666,0.85750417560207,1.31304851041489,1.08875494804379,0.0145714428436593,0.895853304467088,1.29272719765993,1.08925614466165,0.014573331000053,0.89623422738195,1.29285168331765,1.03222641010814,0.00965227681746791,0.873384941149403,1.19104730105206,1.01116389100785,0.00956071512865864,0.848565137625826,1.16855337073441
"ind-large","invgamma",1,"binary",51,47,7578823,16125738,1,1,1,1,0.998996599181581,0.959262405432904,1.00224092806284,0.998996599181581,0.983924175542555,0.0932835565583474,0.510125558819876,1.50708119288553,0.990297085415382,0.0127049358953115,0.808667350255367,1.17577242038326,0.97159147388178,0.0723298921247325,0.538712312967852,1.43858796328951,1.05571898542905,0.0135627512489733,0.87158392691301,1.25627270754922,1.15568194646135,0.016428121678545,0.944525017449019,1.37055816341178,1.15727374974451,0.0164441640862357,0.945629081919362,1.37209216479537,1.18131929180292,0.0123611929014604,1.00064693259499,1.36973855825527,1.11442461242738,0.0115651173327221,0.942072901293712,1.29357555662622
"ind-large","invgamma",1,"binary",51,48,7578823,8072281,1,1,1,1,0.998996599181581,0.959262405432904,1.00224092806284,0.998996599181581,1.05871437472634,0.0557278964386589,0.684593256511838,1.46213673480619,1.06516895297868,0.0115205503578133,0.894591733829731,1.24886971097892,0.913679556066492,0.0490696783755911,0.556197753422108,1.2954602331165,0.955947029244925,0.0148157987512954,0.773861233885803,1.1692595535328,1.00720128939678,0.0119181466983122,0.830070883385639,1.19268325430898,1.00808895984152,0.0119244706504172,0.830909625406753,1.1937155113853,0.876871951892565,0.00741858677474631,0.736496112976278,1.02097003356792,0.839568077462902,0.00710644391703079,0.701908268310974,0.979857753071961
"ind-large","invgamma",1,"binary",51,49,7578823,9315051,1,1,1,1,0.998996599181581,0.959262405432904,1.00224092806284,0.998996599181581,1.06043175898072,0.0810383456561877,0.612205883493699,1.54770290106112,1.06826920212255,0.0145289047880915,0.87936813654596,1.27731684708314,0.966696758991582,0.070124651828128,0.544569839351961,1.42898157628814,1.03595064431968,0.0209871417100447,0.812987442845103,1.2873189411634,0.915174594635427,0.0122360283657993,0.737293553857636,1.10054190364816,0.915971596999471,0.0122402054121178,0.737589050235274,1.10122772953453,1.02367979618876,0.00924163850991118,0.866194725315633,1.18396249230676,0.990186199229814,0.00903135195997629,0.833694449685815,1.14502834791197
"ind-large","invgamma",1,"binary",51,50,7578823,1671820,1,1,1,1,0.998996599181581,0.959262405432904,1.00224092806284,0.998996599181581,1.01621243083173,0.081579577828618,0.561221331616405,1.50789390642526,1.02322811700981,0.0123888122950111,0.855398151151744,1.21270513189956,0.850705796621349,0.0652616445727812,0.440790602074566,1.29562278807771,0.91251305010386,0.0134769600969073,0.73100824200182,1.11297758722346,0.913602711733611,0.0118261932504885,0.735633077631983,1.09459125118022,0.914782086383452,0.0118335500932672,0.7368987784189,1.09603144567486,0.962723605134144,0.00840505089473881,0.812229593425963,1.11443734625213,0.913161017910526,0.00803310930200308,0.766306268420102,1.06024956702945
"ind-large","invgamma",1,"binary",51,51,7578823,5580704,1,1,1,1,0.998996599181581,0.959262405432904,1.00224092806284,0.998996599181581,1.16378264533335,0.124537070246052,0.603599036057101,1.76646470254253,1.17223198358003,0.0179660999680526,0.965068342575213,1.41011178710771,0.90087308478451,0.0943444978531554,0.397640140389128,1.42316604233372,1.00515174213237,0.0171614147456604,0.805014065389003,1.23478781584919,1.00098171934386,0.0140219400221354,0.806008420655053,1.19885087193396,1.00250702149046,0.0140359285376557,0.807763708169481,1.20001870253998,1.10785159810599,0.0114423611700244,0.935523970761583,1.28762721589025,1.04375159333358,0.010900860944207,0.878270605369396,1.21739834051909
"ind-large","invgamma",1,"binary",51,52,7578823,12825925,1,1,1,1,0.998996599181581,0.959262405432904,1.00224092806284,0.998996599181581,1.04382343132283,0.10778300089916,0.521654358554767,1.60905621025798,1.05285828449747,0.0162332357423566,0.861245622831464,1.27523775962395,0.991306240186062,0.0896822762386023,0.505561349266436,1.51814624520767,1.08904293463876,0.0238524632672181,0.857968698304073,1.35986880004526,1.14594851053118,0.0157209378829538,0.940173067755982,1.35577565097538,1.14653065380237,0.0157265001031589,0.940428338202073,1.35644562493289,0.943742835550934,0.00891504070698165,0.789984306877304,1.09609032373074,0.91927857675156,0.00883376352975096,0.766385979770637,1.07291609505475
"ind-large","invgamma",1,"binary",51,53,7578823,4429800,1,1,1,1,0.998996599181581,0.959262405432904,1.00224092806284,0.998996599181581,1.07229158072094,0.0771419246590019,0.63576286771183,1.55095110191894,1.08018595805084,0.0137013710737055,0.895668664999876,1.28053987931348,0.95916055328159,0.065347576216097,0.548631572890602,1.40474886190637,1.02480155734163,0.0181970352479515,0.82229777548578,1.26019775504727,1.09189637003915,0.0145719938245247,0.897386705080171,1.29319260047843,1.09262548412407,0.0145766675577645,0.897749661629236,1.29380492298775,0.941170107643899,0.00888151392045932,0.787191528922537,1.0954000173349,0.910529479210413,0.00860663816160587,0.763141308377522,1.06244990653284
"ind-large","invgamma",1,"binary",51,54,7578823,3477068,1,1,1,1,0.998996599181581,0.959262405432904,1.00224092806284,0.998996599181581,1.14485781416911,0.119526236787654,0.603770703369358,1.73810487824314,1.15284779063895,0.0167963078627885,0.952633048766203,1.37284195968439,1.02107547046734,0.0977680532963602,0.506369849258361,1.57093804454718,1.13544241560504,0.0249732233567321,0.898226272561138,1.41834266957592,1.16842534634173,0.0170440826853877,0.956481254872931,1.39141263346512,1.16984580261163,0.0170603259336827,0.957816362358057,1.39341791474325,1.04283061544581,0.0102999778239081,0.87650625906606,1.21041083357963,0.983136702418716,0.00981825919716243,0.821125050179809,1.14662686879483
"ind-large","invgamma",1,"binary",51,55,7578823,5388128,1,1,1,1,0.998996599181581,0.959262405432904,1.00224092806284,0.998996599181581,0.956757892423831,0.0675244870021004,0.537775287044372,1.40843876606526,0.964793247371865,0.0116185685774906,0.798787778987042,1.14984712426787,0.841511424865368,0.0619821862671527,0.443125541737386,1.27510012080305,0.89100570002835,0.0192686239965031,0.680032393371102,1.13409177738567,0.803533203647291,0.0108212897141159,0.632228602518626,0.976760071316351,0.803912233857234,0.0108219892778121,0.632334840381176,0.97729079891816,0.920930394457668,0.00786699228430401,0.777862751467077,1.06611372048838,0.905001853138589,0.007773397582812,0.761890512471925,1.0501997700699
"ind-large","invgamma",1,"binary",51,56,7578823,15366268,1,1,1,1,0.998996599181581,0.959262405432904,1.00224092806284,0.998996599181581,1.15695944898601,0.116178104002555,0.616575645203323,1.74306772820244,1.16506461120223,0.018700644016326,0.954270617225571,1.39682731818088,0.973898926712608,0.0932926597504609,0.481360769643391,1.49298166110884,1.07751446006979,0.0250509220708185,0.846128106202859,1.36272340970609,1.14377085373941,0.016197113428199,0.939324249645605,1.357706243324,1.1447942239942,0.0162055921941859,0.940545298601628,1.35895612244556,1.12558151620304,0.0113518851904541,0.956801380505056,1.30352231564951,1.08257493002454,0.0110100325708664,0.915075438204379,1.25720412866244
"ind-large","invgamma",1,"binary",51,57,7578823,11527509,1,1,1,1,0.998996599181581,0.959262405432904,1.00224092806284,0.998996599181581,0.971206743745592,0.0808090556558939,0.525683000188136,1.45172855358488,0.978388171614231,0.0122359026065977,0.805725782953079,1.16603691660428,0.952103156573176,0.0699187481696338,0.534921835627033,1.41473376664294,1.02215098484599,0.017812484462581,0.817841059353765,1.25067502359571,1.11150654011482,0.0151766663247834,0.915394992469587,1.32648157400614,1.11266850562889,0.0151855949995249,0.916553525995275,1.3269964834131,0.876886660606559,0.00805758926891198,0.73163914911917,1.0248963585412,0.828055682978348,0.00765337807413713,0.687681363922988,0.975905599873907
"ind-large","invgamma",1,"binary",51,58,7578823,6613751,1,1,1,1,0.998996599181581,0.959262405432904,1.00224092806284,0.998996599181581,1.01236523282854,0.128125342483057,0.435872632415085,1.62100128399081,1.01940314893086,0.0175222685714405,0.817317799901885,1.24793018184621,1.11140393721176,0.104287743017778,0.592162364879859,1.66548918109713,1.24552845179186,0.0289454776185099,0.994541696932494,1.54995514596448,1.15139083153293,0.0168621238780431,0.943880677022945,1.37097576424902,1.15235615489652,0.0168723252130913,0.944750420454098,1.37214881360462,1.1589465633996,0.0123346531738217,0.985553244571522,1.3465367106508,1.11837936669645,0.0120172076459003,0.944588354144553,1.30344787230577
"ind-large","invgamma",1,"binary",51,59,7578823,4102149,1,1,1,1,0.998996599181581,0.959262405432904,1.00224092806284,0.998996599181581,1.00357386580557,0.0824647699330085,0.545690634997552,1.4928768814535,1.01209424290145,0.0125046003920929,0.83699618764033,1.20433536523214,0.87047192131052,0.0712208206978674,0.435189089678743,1.31867503963136,0.93512569790622,0.0171749164083522,0.731551237123002,1.16056887819883,1.1064112624823,0.0142713245582521,0.915326402210463,1.30927148093727,1.10675696218922,0.0142721449541146,0.915821705348054,1.30947649373937,0.974040712579587,0.00955002600965735,0.813808645026825,1.13546792852967,0.959512867776714,0.00956388605070846,0.799518248669753,1.12138624774413
"ind-large","invgamma",1,"binary",51,60,7578823,11565431,1,1,1,1,0.998996599181581,0.959262405432904,1.00224092806284,0.998996599181581,1.07850205494337,0.0975677358463535,0.586357762926005,1.60391432397874,1.08709497683208,0.0174651510103733,0.882396137515367,1.3090216462655,1.05946913399733,0.0885448494241479,0.581829390225658,1.58097020501576,1.1516540124748,0.0316200005872516,0.885108033562449,1.47017202084404,0.932554118116033,0.0135521911345316,0.747370441324542,1.12494841009782,0.932855353618882,0.0135504595891625,0.747429317399371,1.12501639837318,0.999001253174008,0.00940852312053352,0.837544698929651,1.15740519794064,0.986341992703355,0.00941532590443702,0.827309167287723,1.14882827943435
"ind-large","invgamma",1,"binary",51,61,7578823,814208,1,1,1,1,0.998996599181581,0.959262405432904,1.00224092806284,0.998996599181581,0.874830637818532,0.0782458621577717,0.425415856898831,1.34628831550609,0.881836478422145,0.00956172752225439,0.724018064987089,1.04187483192256,0.847779925214944,0.0635490418299272,0.438164919988259,1.28560489564053,0.910560064342791,0.0104446441569621,0.750358859206544,1.0882587293889,0.935378753463663,0.0125680215054744,0.74725346758072,1.12237768930675,0.936600086843345,0.0125772546564125,0.747732644019913,1.12314286831303,1.05727354914813,0.00957010534608922,0.897289289450788,1.22564783960082,1.00594766880322,0.00907621784144841,0.849867768222654,1.16763566995704
"ind-large","invgamma",1,"binary",51,62,7578823,7390155,1,1,1,1,0.998996599181581,0.959262405432904,1.00224092806284,0.998996599181581,1.18934911901222,0.157254186993956,0.563840423909145,1.84221436695977,1.19617214823965,0.0211202231628491,0.971405371986637,1.44522328803399,0.994422048759782,0.114775333486664,0.448884451973292,1.57057577047732,1.14095763851209,0.0211688446596839,0.92034658366372,1.38604649163576,1.06847087419569,0.0176671925375726,0.855015590860479,1.29434243990539,1.07051422013561,0.0176904937212853,0.857133147528684,1.29655786998091,1.32052861881112,0.0151137578415844,1.1242687246085,1.52257339790099,1.23465810142396,0.0140746524268048,1.03960631113341,1.43135500642708
"ind-large","invgamma",1,"binary",51,63,7578823,6424437,1,1,1,1,0.998996599181581,0.959262405432904,1.00224092806284,0.998996599181581,0.8491153389884,0.0780908077562746,0.403858346887048,1.31352916692317,0.855476673336309,0.00953167142851963,0.701924602945103,1.01703267294683,0.863263120698679,0.0627847108995593,0.453678913639603,1.29468904687975,0.927002075059029,0.0100612477783942,0.76711813695336,1.09639784553915,1.02945405315423,0.0131017703372006,0.848689428364267,1.22143139777593,1.03093014504027,0.0131127367820515,0.850024446292823,1.22368622155531,1.02478052053794,0.00964611065709416,0.868110046502753,1.19400854358356,0.96274855057677,0.00908735329146665,0.80779396033532,1.12361647013315
"ind-large","invgamma",1,"binary",51,64,7578823,16213416,1,1,1,1,0.998996599181581,0.959262405432904,1.00224092806284,0.998996599181581,1.00551814591496,0.0633062135064835,0.607484600109657,1.43271737712685,1.01294112328689,0.0107615295680455,0.848348381481817,1.18826241388876,0.859951289607506,0.0553662012203537,0.47428681048261,1.26066755278357,0.906671555130502,0.0143074511815953,0.722309644686792,1.11095106400949,1.00791927743816,0.0125374280124305,0.825574775717994,1.19832216339802,1.00836679878234,0.012539224238439,0.825723988949147,1.19837392124305,0.815700410232848,0.00721566029131056,0.674833392338532,0.952677165312137,0.796893565725823,0.00709709552432576,0.656914808966599,0.931081964969963
"ind-large","invgamma",1,"binary",51,65,7578823,6191144,1,1,1,1,0.998996599181581,0.959262405432904,1.00224092806284,0.998996599181581,1.17130229041886,0.0838880244498615,0.706721134656211,1.66456378101077,1.17895296915527,0.0166094540986682,0.974176350529133,1.40150077674618,1.11221252097538,0.0772686372011649,0.660138075551095,1.59873210463533,1.1922657249399,0.0288237520047642,0.932273922335435,1.48379919374222,0.959863474051993,0.0133464527326416,0.769670257382634,1.15661474025935,0.960480242652488,0.0133494700939454,0.770416867700755,1.15707928707333,1.04091737259953,0.0100728656757612,0.87731898551966,1.20552507929969,1.01499800290399,0.0099361312023934,0.851887801693662,1.17442374075929
"ind-large","invgamma",1,"binary",51,66,7578823,6415555,1,1,1,1,0.998996599181581,0.959262405432904,1.00224092806284,0.998996599181581,0.772874726915805,0.0664709553334795,0.362805274883058,1.21074116369253,0.778902746185534,0.00931146970421369,0.625747695297286,0.942324877957287,0.921310593868384,0.0567429373773259,0.535659716978201,1.33523178673766,0.977018320696851,0.0120506382193194,0.803239940804127,1.15729640887949,0.969039957985802,0.01243818107731,0.787715154277098,1.1592145233525,0.970145171505459,0.0124452469089261,0.78904712677612,1.16070804987014,0.890489845013469,0.00746354950816135,0.747866786580267,1.03429967552148,0.844043839517187,0.00710725246245863,0.706557034701113,0.982326746655003
"ind-large","invgamma",1,"binary",51,67,7578823,13038396,1,1,1,1,0.998996599181581,0.959262405432904,1.00224092806284,0.998996599181581,0.928416910880898,0.0643655301471557,0.524509949491889,1.354169147684,0.935220887898553,0.0113620419213221,0.769299512594943,1.12211213518206,1.07116590210377,0.0585705098458649,0.685262699966912,1.47944398791312,1.13220528062676,0.0176643598371585,0.930075773359139,1.35280837742175,0.993846075079883,0.0137977763256864,0.805551280284259,1.19664324771318,0.994479292634646,0.0138013140035522,0.805739505932079,1.19740273645435,0.960602948097469,0.00855236472679241,0.806661790672306,1.11100215180158,0.933992319919487,0.00836610952753177,0.785022463972758,1.08047240732854
"ind-large","invgamma",1,"binary",51,68,7578823,9576089,1,1,1,1,0.998996599181581,0.959262405432904,1.00224092806284,0.998996599181581,0.99422847468028,0.0825977247754556,0.53351308507562,1.47956015572701,1.00180153785742,0.0126880530249351,0.824866941053833,1.1982572465054,1.04364038793517,0.0713981948343055,0.617729137265552,1.51071533046548,1.12307034138725,0.0204147204107956,0.903459713297348,1.37322227334333,0.953896094085083,0.0131603661209405,0.768994010160729,1.14222375447734,0.95458029077525,0.0131649904507343,0.769444686195073,1.14266461916945,1.17308290706023,0.0106500231725419,1.0067301490964,1.34441986667606,1.14432990805431,0.0103629332370313,0.979129101640777,1.31029928753465
"ind-large","invgamma",1,"binary",51,69,7578823,1134039,1,1,1,1,0.998996599181581,0.959262405432904,1.00224092806284,0.998996599181581,0.975264295061725,0.100512702893241,0.470725866926237,1.52130614465305,0.982755369385302,0.0169777600295568,0.782282923921075,1.21051220927607,1.10013921065963,0.0887570372562461,0.615689912730663,1.59586018409072,1.19981746384798,0.0318687386854525,0.929141632880926,1.50982304733571,1.05311660311167,0.0138042878917713,0.85822961085405,1.2544426352129,1.05380465787532,0.0138084903440217,0.8589796609607,1.25551461258269,0.939983255007879,0.00888268616136944,0.784234978419797,1.09842260707226,0.911068122532621,0.00884719907283397,0.758430925635107,1.06644665501262
"ind-large","invgamma",1,"binary",51,70,7578823,4616760,1,1,1,1,0.998996599181581,0.959262405432904,1.00224092806284,0.998996599181581,1.01376291921212,0.0921396638068019,0.526008630449198,1.53877622531827,1.02161647259926,0.0135868348956599,0.843628649888537,1.21592481747654,0.937842068886804,0.0768079408028914,0.495418905495969,1.41851698268045,1.01696975970344,0.0198428936895809,0.801339055226864,1.25907451139925,1.09778510405893,0.0143464851108214,0.903364848787988,1.29280635759263,1.09881592529941,0.0143545527334625,0.904304057443881,1.29375634457737,0.903727893249655,0.00890342963759594,0.747206984204152,1.06079309657252,0.860408183393402,0.00853036711928588,0.71178178830254,1.01626537520512
"ind-large","invgamma",1,"binary",51,71,7578823,14175877,1,1,1,1,0.998996599181581,0.959262405432904,1.00224092806284,0.998996599181581,1.02591154831941,0.0924822909818992,0.54322627700115,1.54870380333901,1.03320673432384,0.0126019401148073,0.85473697674863,1.21860004357833,0.89447588707026,0.0724706237837276,0.457139184228797,1.35356228298559,0.971527277689167,0.0130293066853176,0.791384298761529,1.165789866533,1.13902307029597,0.015869429181789,0.939219492899483,1.34759565598413,1.1401490725012,0.0158843788395612,0.940290465240843,1.34880982816408,1.14682133383345,0.0119181665034859,0.970517596281854,1.32759692603574,1.09950169497396,0.0112354915991271,0.929271726246569,1.27297884989899
"ind-large","invgamma",1,"binary",51,72,7578823,10297447,1,1,1,1,0.998996599181581,0.959262405432904,1.00224092806284,0.998996599181581,1.01213861886134,0.0914155151107826,0.541829542941881,1.5350420972988,1.01932509949416,0.0141299377694876,0.829752467904061,1.21616401396219,0.970000556399555,0.0749817034067708,0.530509675400278,1.43796625361233,1.05165911115529,0.0171929773811564,0.853115368011978,1.27767406961429,1.14771623051572,0.0158011523906793,0.94554322942331,1.36054949512908,1.14913849341645,0.0158154192183928,0.946696700858416,1.36205097222788,0.944369356002928,0.00860894889437057,0.793730566503098,1.10094081767933,0.884599520283758,0.00807713057662958,0.741967818904187,1.03398875819081
"ind-large","invgamma",1,"binary",51,73,7578823,10305167,1,1,1,1,0.998996599181581,0.959262405432904,1.00224092806284,0.998996599181581,0.958659932379939,0.0932312332534186,0.484905171964292,1.4832641333747,0.966733859314134,0.0145370400378723,0.776913303463427,1.17904753899876,0.911646438380024,0.0761351706226945,0.479654133394956,1.40160300647025,0.987724889686616,0.0187980026988995,0.787153094855145,1.23283101546521,0.811417326610941,0.0114019637367641,0.640950141800933,0.992371198299657,0.811996848523361,0.0114065424800274,0.641680193762388,0.992908376127872,0.92929121283071,0.00851820234021621,0.779529509983932,1.0734863795107,0.904937115228078,0.00824022061867044,0.754355973940134,1.04747519201999
"ind-large","invgamma",1,"binary",51,74,7578823,12024902,1,1,1,1,0.998996599181581,0.959262405432904,1.00224092806284,0.998996599181581,0.894098520470269,0.0864026258567358,0.427495681436825,1.3799169305646,0.90069729015338,0.0112141003056777,0.739106199447572,1.08301195176462,0.949754218424985,0.0736547533686725,0.51773457763301,1.43362744492253,1.02912977306099,0.0144717389623552,0.846340243812329,1.23714452535652,0.938324006543199,0.0129123776823301,0.751601145392942,1.12455692353574,0.94011113954851,0.0129261225399367,0.753193326716489,1.12658305526379,1.0878036729214,0.0098213809718601,0.933042631454175,1.25218830653424,1.01270036671768,0.00916678838844842,0.860848096055657,1.17479840970253
"ind-large","invgamma",1,"binary",51,75,7578823,9692084,1,1,1,1,0.998996599181581,0.959262405432904,1.00224092806284,0.998996599181581,1.25354584028601,0.155695732369883,0.636486400137273,1.92574109937716,1.26102946902441,0.0250537837641625,1.01259715695851,1.53344493155065,1.20619509453026,0.126937131381287,0.610730179564739,1.82335933070327,1.37671965994871,0.0453464261497798,1.06024233040198,1.75674060761084,1.1555433450425,0.0180064915515783,0.936278291438795,1.38169292954138,1.15657559111839,0.0180174307949439,0.937065578432456,1.38247164417334,1.19258632074872,0.0126715872716338,1.01156061421956,1.37814277612774,1.14920673294794,0.0125185912131409,0.969677782868151,1.3363389550359
"ind-large","invgamma",1,"binary",51,76,7578823,4419640,1,1,1,1,0.998996599181581,0.959262405432904,1.00224092806284,0.998996599181581,1.03555113165174,0.0954710197409866,0.549392742981937,1.56849695214753,1.04314282028335,0.0161337412682809,0.8464353315391,1.2590980889466,1.05786931894522,0.0838109835798368,0.590639832568668,1.57087377617537,1.14653818468248,0.0307510964416765,0.883333691224734,1.45745321138169,0.912143727286107,0.0129036337727385,0.725793635890241,1.10470838762515,0.912538323238761,0.0129047482970574,0.726347200591143,1.10514630110594,0.990536752507027,0.00934187507855257,0.83713482820428,1.14867851199813,0.973954069197591,0.00933696809935761,0.818431970636584,1.13198433323849
"ind-large","invgamma",1,"binary",51,77,7578823,2602158,1,1,1,1,0.998996599181581,0.959262405432904,1.00224092806284,0.998996599181581,0.997605938334831,0.0623887757221806,0.599302229088391,1.42000623102208,1.00431079292435,0.0104254711918615,0.841171895235551,1.17225984114819,0.8422241729628,0.0523396259435319,0.470361870180093,1.23596693777574,0.88919204178347,0.0115922129895181,0.715845252271202,1.07087410935282,1.15189321860751,0.0149920397348716,0.950587682144603,1.3656730657172,1.1530530857788,0.0150015308124743,0.951896919311544,1.36686290605605,0.997214211386962,0.00890240931179559,0.844179764703512,1.15430583593548,0.948471415488609,0.0084532406055641,0.803492883242946,1.10280665538146
"ind-large","invgamma",1,"binary",51,78,7578823,1351366,1,1,1,1,0.998996599181581,0.959262405432904,1.00224092806284,0.998996599181581,1.11003773945914,0.0841588666217065,0.654505401625205,1.59986819921355,1.11756766065857,0.0141233503438083,0.926142252421033,1.31415751294656,1.06990144555804,0.073105369982418,0.641839394178818,1.52515289078567,1.148304016595,0.0223161977140755,0.915406017506136,1.39760541051247,1.2308378560674,0.0176751542745925,1.01623737065341,1.4489977668151,1.23133671338816,0.0176759276284835,1.01701805111645,1.44942356062511,0.979258365875844,0.0093432384858825,0.827018357741013,1.1351952385862,0.958294154481335,0.00932686345740496,0.806506489373497,1.11350109616052
"ind-large","invgamma",1,"binary",51,79,7578823,1326754,1,1,1,1,0.998996599181581,0.959262405432904,1.00224092806284,0.998996599181581,0.835634840147075,0.0699344070120035,0.410754944326769,1.28285904492748,0.842404068571077,0.00977499690000782,0.68910474001175,1.01030183957533,0.812892973927247,0.0573245748964743,0.422297498603572,1.22371026449445,0.864458805323619,0.0114360114418469,0.699037478362485,1.05201329371149,0.945432466817392,0.0117900265921623,0.771503968874128,1.12693705444952,0.946336421072942,0.0117965159378969,0.771998059270555,1.12833220306797,0.817779256025299,0.00718029973056945,0.678811208494933,0.961442776851145,0.779791063178432,0.00684812975789379,0.645082665115415,0.921225271549098
"ind-large","invgamma",1,"binary",51,80,7578823,1015181,1,1,1,1,0.998996599181581,0.959262405432904,1.00224092806284,0.998996599181581,0.986291484637699,0.0814222258108523,0.547759649288371,1.46637067356485,0.992998820367101,0.0126596387402427,0.821256771586182,1.18699137755913,0.992970520292304,0.0693718077841959,0.572594605240785,1.44411739422946,1.0654255211089,0.0200099945095897,0.850993947293483,1.30719966257877,0.902881769396012,0.0126987828641998,0.721277967712233,1.08327630130989,0.903938589540537,0.012707229551068,0.722369975492131,1.08441620063865,0.999185882367847,0.00872292877261309,0.844285445608212,1.15502508253996,0.954773582510661,0.00836345856657783,0.805303523611587,1.10751739572478
"ind-large","invgamma",1,"binary",51,81,7578823,3840951,1,1,1,1,0.998996599181581,0.959262405432904,1.00224092806284,0.998996599181581,1.02713889807745,0.0978126442176924,0.537598863405827,1.5487836282186,1.03415571386996,0.0137706214448083,0.848824271696378,1.2347905989013,0.972542298325121,0.0794246338535713,0.522065877599514,1.44636317505076,1.05989013963685,0.0179365051116473,0.851677518925964,1.29630991311397,0.883649936154977,0.0129613772018922,0.699769467049069,1.07485170206013,0.884910792938074,0.012970101931486,0.701140189921147,1.07642177173129,1.11221209891165,0.0102055488036516,0.948394066570703,1.2805836699863,1.05922526873253,0.00981123862875881,0.903399467917857,1.22315279815619
"ind-large","invgamma",1,"binary",51,82,7578823,16144198,1,1,1,1,0.998996599181581,0.959262405432904,1.00224092806284,0.998996599181581,0.998904718317421,0.0749143196127047,0.567847465246513,1.46627220273839,1.00763756732966,0.0125299271069518,0.832204893078061,1.20258312778067,0.933469819523275,0.0649250740212027,0.518213335100405,1.37874207660135,0.994955961361654,0.0174307642904142,0.792594006900165,1.22484533770585,0.856797398094918,0.0111552628093812,0.684211709024619,1.0349031983069,0.85715516721719,0.0111552352728242,0.68459385133808,1.03497958045886,0.912224832662819,0.00874029445265609,0.76096644868583,1.06630620100669,0.897189777151904,0.00877586940372643,0.74489032805913,1.05252075725081
"ind-large","invgamma",1,"binary",51,83,7578823,2157422,1,1,1,1,0.998996599181581,0.959262405432904,1.00224092806284,0.998996599181581,1.08269396688903,0.0848189227895215,0.618950008458628,1.5724701185845,1.08980352294367,0.0132104403921918,0.908491353160906,1.28714255960309,0.910981494842056,0.0705631526364561,0.484107585446371,1.36534912575932,0.981066183948434,0.0153363886336275,0.78789394899828,1.19518604968603,1.0146433086533,0.0145999083138624,0.817251356560423,1.21825296312839,1.01607632323101,0.0146121975943518,0.818597765033322,1.21994536266801,0.936345792402294,0.00902252429326479,0.783178155590655,1.09160992510097,0.876124123223625,0.00858011990923608,0.726198365561683,1.02561788697277
"ind-large","invgamma",1,"binary",51,84,7578823,11365624,1,1,1,1,0.998996599181581,0.959262405432904,1.00224092806284,0.998996599181581,1.16720762243646,0.10631016444456,0.650667005004633,1.72480659272906,1.17442301877922,0.0203349402833815,0.951934865127182,1.41972827768462,1.22066078782563,0.0945793410119254,0.724148457202887,1.74184612531167,1.33400826534558,0.0385389534977971,1.04062399429386,1.69636323399794,0.971785311909886,0.0141624802322988,0.781366501728248,1.17157879367218,0.972571518822428,0.0141700467313649,0.78185018264772,1.17247426383187,1.08045955866061,0.010101747839414,0.916452064096408,1.24729704154722,1.04741963476202,0.00997782301562496,0.887532228892388,1.21281838996379
"ind-large","invgamma",1,"binary",51,85,7578823,12176552,1,1,1,1,0.998996599181581,0.959262405432904,1.00224092806284,0.998996599181581,0.977176928994627,0.071607417844151,0.554545739454766,1.43804323403707,0.983787858022915,0.0115869245814671,0.816799562481731,1.1602525965533,0.911595775286714,0.0603458504057386,0.52409525266444,1.34224680338871,0.969243717523457,0.0153320711133779,0.775755093749344,1.18598697615148,0.98100429971432,0.0129382332578234,0.794739763496446,1.17077553344721,0.981851372786964,0.0129421111328213,0.795499053700371,1.17146553656512,0.894162554552286,0.00766288441879041,0.75221362456189,1.03688958099078,0.858564762914715,0.00736897800272132,0.720520828755946,0.998871741388522
"ind-large","invgamma",1,"binary",51,86,7578823,5454930,1,1,1,1,0.998996599181581,0.959262405432904,1.00224092806284,0.998996599181581,0.935684064044043,0.0807640205380547,0.494547028607333,1.41692911831062,0.942716947034552,0.0120382425362092,0.771885146851525,1.13151868251457,0.902736003018257,0.0657269632196273,0.487193079193577,1.35174160542009,0.968618825210952,0.0138376070126818,0.78586137778553,1.16841212213469,0.877058833033724,0.0121340133980351,0.699455688597158,1.06176918097911,0.87802308848079,0.0121394789979667,0.700134732733497,1.06322375295317,0.956293473319163,0.00885809600810807,0.803271385604148,1.11440113387026,0.915771155235177,0.00852869601292725,0.76452266109577,1.06911594585466
"ind-large","invgamma",1,"binary",51,87,7578823,11902168,1,1,1,1,0.998996599181581,0.959262405432904,1.00224092806284,0.998996599181581,1.07242803241045,0.0934413878761459,0.581526389055004,1.59818773967106,1.08111158347563,0.0139814157788771,0.897027847968297,1.27726358852055,0.858663343488077,0.0756124805960902,0.403896341103515,1.33831115694894,0.932347567908934,0.014822045271395,0.742689471987723,1.14565128775546,1.09990988672037,0.0152196359330462,0.902101256553646,1.31043452211775,1.10080387890897,0.0152235018413779,0.902786555733185,1.31100278154298,0.960547967933616,0.00900191004072644,0.808711469816827,1.11720232447928,0.922978425608428,0.00867309914310952,0.773896292209038,1.07798944882426
"ind-large","invgamma",1,"binary",51,88,7578823,3143676,1,1,1,1,0.998996599181581,0.959262405432904,1.00224092806284,0.998996599181581,0.782377091761038,0.0640804652640743,0.383879422997112,1.21586504971204,0.788119002795817,0.00964152296018993,0.632762471074619,0.956821470739794,0.924864926408254,0.0538804518446364,0.554187782931299,1.31394190129916,0.977585866412258,0.0136858681096045,0.798423947559241,1.17892590153687,0.946125338998399,0.0112467731403268,0.771736962693276,1.12153152109452,0.947120083479039,0.0112552188363615,0.772576160332577,1.12299336300362,0.868702371897011,0.0070816904849328,0.730982306736216,1.00563651450282,0.826898768526755,0.00675729646228115,0.69535709537588,0.957856888303043
"ind-large","invgamma",1,"binary",51,89,7578823,12338392,1,1,1,1,0.998996599181581,0.959262405432904,1.00224092806284,0.998996599181581,0.980100373314851,0.0789546086451581,0.531904598658302,1.46363090788638,0.988170929377911,0.0110448366568169,0.821849681379196,1.16626888923706,0.748954752583961,0.0649397796975517,0.346956065546995,1.1958264732389,0.804522658687035,0.0124039275378241,0.629149735921562,0.995562462516997,0.919157174109553,0.0115000873637469,0.745089629876548,1.09937264897285,0.920200994200509,0.011506970385905,0.745823886193575,1.10036100540439,1.03598069319213,0.00890587711989676,0.878722869686882,1.19164226055931,0.992114713614975,0.0085940645362224,0.839748897803516,1.14479415073511
"ind-large","invgamma",1,"binary",51,90,7578823,3843914,1,1,1,1,0.998996599181581,0.959262405432904,1.00224092806284,0.998996599181581,1.03605232502056,0.08470103099083,0.572162007494289,1.54214391486264,1.04354907710964,0.0161269350682374,0.84144158152147,1.26176017970975,1.07622960467173,0.0765686934687418,0.636036349379712,1.56122985382344,1.15468538052817,0.0290698754667008,0.903033818598668,1.46221011228532,0.798676066083518,0.011049905062199,0.632383928786704,0.971186149437934,0.799023863853933,0.0110510801376524,0.632866445735709,0.971557328067027,1.0034542930699,0.00904262285693397,0.844823149677029,1.16341171844909,0.988838278273666,0.00899902874520617,0.826795894437179,1.14572608407838
"ind-large","invgamma",1,"binary",51,91,7578823,1208141,1,1,1,1,0.998996599181581,0.959262405432904,1.00224092806284,0.998996599181581,1.33233774673992,0.142434648524485,0.741427313384788,1.98868243469858,1.3415414441759,0.0235520435775158,1.10303049119295,1.6011313226666,1.16864928897918,0.119373985166223,0.605642932850992,1.76260966040863,1.31993044608315,0.0422401145324131,1.01282094178833,1.68533239687213,1.18953046833887,0.0179984153337583,0.969919477339399,1.41373863687981,1.18991743148448,0.0179986782387855,0.969905747635689,1.41403115890098,1.1988310651646,0.0140626210358451,1.00444869467937,1.39483639942991,1.18256914647827,0.014077210594991,0.987351261120734,1.37693236923602
"ind-large","invgamma",1,"binary",51,92,7578823,8946927,1,1,1,1,0.998996599181581,0.959262405432904,1.00224092806284,0.998996599181581,1.0910667408176,0.0891388729246901,0.611787092219938,1.60886139243275,1.0987501606715,0.0167445861234674,0.894724580047825,1.31640488437499,1.04033968907593,0.078575783468094,0.583657241791465,1.52832320048919,1.12117285312743,0.0279563780165217,0.869125162500873,1.42146557745633,1.00855740056925,0.0138767379554741,0.816747619839254,1.20532394300494,1.00911201879574,0.0138796446566507,0.81708303487737,1.20614950980355,1.06709054356105,0.00931794550861649,0.912957974326591,1.22311233821024,1.04378301000514,0.00922912152455118,0.887926326991596,1.20218489698479
"ind-large","invgamma",1,"binary",51,93,7578823,1263065,1,1,1,1,0.998996599181581,0.959262405432904,1.00224092806284,0.998996599181581,0.830635586580905,0.0661119570700961,0.410574117652674,1.25839639462078,0.837551023575241,0.0106534654684137,0.672361521486428,1.01113264964402,1.02899716577201,0.0600703646314135,0.633793377910681,1.46065031660926,1.08937363498464,0.0181157410555623,0.888897048796332,1.32132687157384,0.903663241477186,0.011284897683872,0.729013926347148,1.0836724562095,0.904271744171917,0.0112888372561869,0.72940670028053,1.08434723891829,0.838180237931118,0.00767381472503388,0.693884260377829,0.986176902698362,0.812608238492736,0.00757075514981005,0.667572932112948,0.95837311024199
"ind-large","invgamma",1,"binary",51,94,7578823,6279077,1,1,1,1,0.998996599181581,0.959262405432904,1.00224092806284,0.998996599181581,1.05816055408406,0.0855520198936401,0.590836495887877,1.55388507665786,1.06545336035474,0.0146811567687114,0.871046894083229,1.2697746227773,0.974593677765057,0.0722316772041036,0.550783017925491,1.43267274678793,1.04829751165384,0.020675139886451,0.826748815868998,1.29686806485766,1.00609288458825,0.0129303631579953,0.822351444443757,1.19824729336026,1.00691845614534,0.0129362391983265,0.823133845240792,1.19902498166173,0.956937486887953,0.00862064104640873,0.805628755315312,1.11115666530275,0.922243284911414,0.00843800040624686,0.773680610403862,1.07371142958748
"ind-large","invgamma",1,"binary",51,95,7578823,7310,1,1,1,1,0.998996599181581,0.959262405432904,1.00224092806284,0.998996599181581,0.953565539334595,0.0819989048216948,0.490435648414375,1.4423229093937,0.960870387493771,0.011329982070863,0.791606372170196,1.14250423192594,0.866507944425594,0.0678518332267279,0.453928259586991,1.31294102376595,0.93435478237036,0.0146171877896622,0.74683980055675,1.14800363491798,0.931858175034857,0.0123039791891819,0.747795173287768,1.11446132465981,0.933414831484331,0.0123168239733904,0.749324047013039,1.1160725829768,0.980443090098175,0.00869629334622734,0.828198120860813,1.13385363358409,0.915025437561191,0.00813265575770849,0.765568283619279,1.06416030753156
"ind-large","invgamma",1,"binary",51,96,7578823,15987603,1,1,1,1,0.998996599181581,0.959262405432904,1.00224092806284,0.998996599181581,0.949965581332566,0.0875051049820386,0.484055172068058,1.47117250145548,0.957451501274044,0.0135602125596685,0.773784658683045,1.15031146741133,0.961026688575498,0.0737353420247571,0.531169377256679,1.4291382155814,1.0383434825374,0.0191340618728819,0.826929361613365,1.28209057733864,1.06487860178021,0.014345286049118,0.863081585008973,1.26799158236326,1.06595533097388,0.0143555676750522,0.863965573125715,1.26936117676068,0.987873297031079,0.00866240022927846,0.840085061217051,1.13850146577713,0.942624330059446,0.00827335213924056,0.80226365241927,1.09056750535894
"ind-large","invgamma",1,"binary",51,97,7578823,4566735,1,1,1,1,0.998996599181581,0.959262405432904,1.00224092806284,0.998996599181581,0.892544876561826,0.0647652445360897,0.477972699013344,1.32255103051139,0.898983518777066,0.00985874049825437,0.74287741630592,1.06227595554239,0.999209734252444,0.0559458962952171,0.615127245336485,1.41273677174422,1.05812669625574,0.0138666820675253,0.879529573676285,1.26095868035694,1.13835585732984,0.0150218486527723,0.938021526676688,1.34168124927066,1.13922954984071,0.0150284956127895,0.938607343852832,1.34279837859042,1.06322870207272,0.00998398329092089,0.902186046403438,1.22716612080991,1.02651224281824,0.00959784784587231,0.869760519395726,1.19057163156444
"ind-large","invgamma",1,"binary",51,98,7578823,10622586,1,1,1,1,0.998996599181581,0.959262405432904,1.00224092806284,0.998996599181581,0.90452197635731,0.0655486199323059,0.493630365526645,1.32365221534894,0.911134549580191,0.0107710573300811,0.745972455265842,1.09019417790724,0.965330276652457,0.0569492315027535,0.576888567392211,1.38124897997375,1.02279009685744,0.0140542773964037,0.837230696350283,1.22462019302184,0.891341111818803,0.0132506912871493,0.703264069335547,1.08677424815872,0.892247071296775,0.013255595803884,0.703648350218137,1.08797221294221,1.12820981686203,0.0103714167109848,0.960515061611101,1.30040435134179,1.0901373556182,0.00996946275671803,0.922630366724139,1.2563038264921
"ind-large","invgamma",1,"binary",51,99,7578823,15945420,1,1,1,1,0.998996599181581,0.959262405432904,1.00224092806284,0.998996599181581,0.947071411696499,0.0831359589151835,0.494448412230547,1.43635786891025,0.953721204553255,0.0119836630756536,0.775051629584848,1.13178836046013,0.943931530177632,0.0676431824915843,0.518012619773563,1.3866214352197,1.01639639324839,0.0144064286560812,0.832279803143134,1.22606939146341,1.06749794270553,0.0138483644347825,0.877954708588826,1.25950087929234,1.0686548660656,0.0138585582610234,0.879323822896336,1.26084421519739,1.04822767227489,0.00962993254716094,0.891895746573543,1.21094051719654,0.999608588464545,0.00918175747419403,0.845058294209625,1.16128552899629
"ind-large","invgamma",1,"binary",51,100,7578823,2967218,1,1,1,1,0.998996599181581,0.959262405432904,1.00224092806284,0.998996599181581,1.01250171387195,0.0913348232939779,0.535318988669836,1.5182357448301,1.02012743529626,0.0137623514251717,0.83601346837261,1.22239863621716,0.808090427778191,0.0719317027834509,0.378484828794409,1.26348121551601,0.875765549981314,0.0129815618107501,0.701615787079684,1.07449904452652,1.04297124707244,0.0137901715833874,0.853974429532397,1.23844655327234,1.04443408392792,0.0138041183842056,0.855170269358698,1.24023939581243,0.848372360697937,0.00776791755949437,0.701061440798407,0.993321143251702,0.786897426287988,0.00734816156180977,0.644039402636119,0.927414885777879
"ind-large","invgamma",1,"binary",51,101,7578823,15958503,1,1,1,1,0.998996599181581,0.959262405432904,1.00224092806284,0.998996599181581,0.902013047034693,0.0781074014834272,0.454600832974354,1.3731258228195,0.909260285328191,0.0107520382738211,0.750765163341872,1.08795896364342,0.85065615102395,0.0647333390962703,0.428369665823722,1.28442813578604,0.912533362213659,0.012677579860219,0.735680544053736,1.1081910635996,1.01127310448754,0.0133855807196645,0.824642357085736,1.20492646447172,1.0122915418352,0.0133927152956906,0.825618962126049,1.20601231803423,1.02902403566571,0.00951166984406807,0.868189692574405,1.19116163061628,0.986224752264173,0.00917294603805244,0.829326029986917,1.14495688284545
"ind-large","invgamma",1,"binary",51,102,7578823,3513210,1,1,1,1,0.998996599181581,0.959262405432904,1.00224092806284,0.998996599181581,0.977689988129886,0.0785680475084913,0.538465788919985,1.45274792576967,0.984566322516757,0.0129062578079049,0.806508591887005,1.16969718843795,0.946190629360522,0.0656594693933261,0.530241573333342,1.38579165389034,1.01190913453393,0.0180736820614043,0.809963021870618,1.25027640543249,0.972941159238786,0.0134292867217607,0.784347938914289,1.16479069898456,0.973640609424249,0.0134356746375571,0.784581975728847,1.16568752718407,0.980993695688742,0.00900003066502036,0.827440503373864,1.13480187832978,0.95159967672263,0.00870613351532971,0.800856325165907,1.10318154467932
"ind-large","invgamma",1,"binary",51,103,7578823,9318772,1,1,1,1,0.998996599181581,0.959262405432904,1.00224092806284,0.998996599181581,0.921436682016988,0.0667242287433207,0.516669591732798,1.35861355978891,0.928596199100729,0.0116598129538971,0.758792430950025,1.11134240219615,0.942732672087089,0.0584005310091379,0.548365266119407,1.36613492938641,0.997392640757203,0.0165867880677643,0.800078668439776,1.22283336544529,0.778505696834333,0.0102580168230232,0.609940381706176,0.946984078440447,0.779195264483394,0.0102599922730288,0.610769533119354,0.947652260266029,0.901532798148542,0.0078102140105492,0.756086909363183,1.04530744159217,0.872554087475241,0.00767263962993861,0.727827580305306,1.01538831501805
"ind-large","invgamma",1,"binary",51,104,7578823,14638494,1,1,1,1,0.998996599181581,0.959262405432904,1.00224092806284,0.998996599181581,1.09071015498502,0.0858214468211597,0.623334468900605,1.5804307801468,1.09909014385452,0.0134518568193197,0.916085209587773,1.29483463621675,0.828382035368016,0.0685531967942337,0.403803894579768,1.27727471957052,0.893965546851058,0.0138820755291682,0.712329344049271,1.10463303962331,0.996537733597349,0.0138251582777897,0.803470769749568,1.18909456237352,0.997686916089671,0.013837018283439,0.804381292444854,1.1902348828861,1.02039889682514,0.00935969914133977,0.861896873409339,1.18595983264656,0.972105118830843,0.00892959682779686,0.817882395136939,1.13293022412731
"ind-large","invgamma",1,"binary",51,105,7578823,6317977,1,1,1,1,0.998996599181581,0.959262405432904,1.00224092806284,0.998996599181581,0.96917635216202,0.108158889543224,0.442679435983411,1.53345687996799,0.977901804921084,0.0143437121706598,0.789453601699961,1.17885497094109,1.01078572282488,0.0917521746521411,0.517943297088656,1.52870332799726,1.1139247108148,0.0216538344046023,0.882279984307719,1.36210747973022,1.14261715229822,0.015811364078825,0.93463083853852,1.35815007675128,1.14353858182097,0.0158187175099753,0.935552175978398,1.3593546878101,0.965550761450978,0.0100657556387283,0.801544737162815,1.13188196667224,0.926828179871112,0.00981655292291829,0.765182798926526,1.09044029643329
"ind-large","invgamma",1,"binary",51,106,7578823,16151203,1,1,1,1,0.998996599181581,0.959262405432904,1.00224092806284,0.998996599181581,1.00681342333996,0.0885745591660156,0.533438237728247,1.51379625310172,1.01288503650773,0.013309684095711,0.828306159517392,1.21331559168887,0.997740158090953,0.0726142900042957,0.568234962533449,1.45855716741647,1.07955089261311,0.0167240299227473,0.88403896258723,1.30269143427258,0.897684645685664,0.0122825639650784,0.711439129167396,1.08099705338625,0.899311061801714,0.0122958860457229,0.712614109717068,1.08304521202013,1.00053775022226,0.00904985474432356,0.84233294163516,1.15482256126828,0.932188485105803,0.00846988703231181,0.778003949697424,1.08264682665861
"ind-large","invgamma",1,"binary",51,107,7578823,4803434,1,1,1,1,0.998996599181581,0.959262405432904,1.00224092806284,0.998996599181581,1.088896714537,0.0987878709574688,0.58730835474419,1.61512618283894,1.09796531180135,0.0149642631191907,0.905568609579974,1.2985642566694,0.823184290376122,0.0781859197158629,0.367621540876908,1.30418316828816,0.898800562175121,0.0145665953504964,0.705653343582295,1.11078978231752,1.00906580599546,0.0137304198738669,0.819976784627252,1.20300203347595,1.01025111845205,0.0137416777842534,0.821198217628403,1.20412827855306,1.00765467061115,0.00962958967657666,0.847915615398756,1.17064725867084,0.957842550242759,0.00912638613085955,0.802370799504597,1.1173471579838
"ind-large","invgamma",1,"binary",51,108,7578823,3039316,1,1,1,1,0.998996599181581,0.959262405432904,1.00224092806284,0.998996599181581,1.03886801531087,0.0950781671326577,0.545771653548887,1.56666740464567,1.04719588406444,0.0149571049828045,0.852672924719854,1.25252987099541,1.00475355194509,0.0788359237544156,0.539161774778933,1.482466387182,1.09160127531196,0.0205701006911482,0.875392291660257,1.34067936991354,1.10954256940475,0.0150571231232579,0.912810423753645,1.31594243679044,1.11019929164261,0.0150648523597243,0.913382440833007,1.31649027988054,0.982170060799545,0.0101637304203186,0.821827238111726,1.15018796116291,0.954571660918812,0.00984124044191775,0.794832425892425,1.12037339219328
"ind-large","invgamma",1,"binary",51,109,7578823,4713590,1,1,1,1,0.998996599181581,0.959262405432904,1.00224092806284,0.998996599181581,0.981127021109152,0.0799476418799724,0.529180790305128,1.46233462982145,0.988775183246808,0.0122255202731041,0.81481740226494,1.16999070775365,0.943680418978028,0.0656968742326994,0.532219810942091,1.38171361262416,1.01056502108064,0.0145189571056582,0.820878293232172,1.21206910949922,0.988200206512021,0.0134446002295543,0.804330064221079,1.18182777515766,0.988901249984207,0.0134500064424462,0.805206370180207,1.18298124579555,0.99816607723609,0.00939794402955631,0.839179030587414,1.16307835830227,0.968705101249832,0.00906898679741774,0.814742640881377,1.12994880523873
"ind-large","invgamma",1,"binary",51,110,7578823,10624394,1,1,1,1,0.998996599181581,0.959262405432904,1.00224092806284,0.998996599181581,1.08786549729,0.0837908098517219,0.633048745730855,1.58141357832566,1.09460244851327,0.0152424757995587,0.901512725878696,1.30558988757318,1.00196751536663,0.069452431125339,0.581042387293987,1.44649483064101,1.07542581337765,0.0203010710336843,0.850561254666466,1.32439245461683,1.06501097891278,0.0142085289996582,0.868157212235946,1.26088156872518,1.0662388569032,0.0142169842101932,0.869344742106153,1.26271442496177,1.00354865772674,0.0092443223549348,0.846199171121293,1.16111255243379,0.951947743625019,0.00880200012867229,0.800033441418321,1.10650670880449
"ind-large","invgamma",1,"binary",51,111,7578823,11902513,1,1,1,1,0.998996599181581,0.959262405432904,1.00224092806284,0.998996599181581,0.995780266202733,0.0802995672384616,0.537225818616228,1.48136521140304,1.00396941900322,0.0124903166964979,0.832458103142295,1.20130091170984,0.851533264415319,0.0675756905834765,0.439604656405573,1.29506870391554,0.913881250591963,0.0165548707469847,0.722100049512914,1.13360710949319,0.850576575739387,0.0115085340995198,0.671777065160969,1.02756602019047,0.85151916349363,0.0115133730051011,0.671946052738674,1.02851951922904,0.908685727654763,0.00821552184535656,0.751775273072293,1.05557067176599,0.869073982742454,0.00794270726769671,0.718445573532774,1.01345038328023
"ind-large","invgamma",1,"binary",51,112,7578823,14676341,1,1,1,1,0.998996599181581,0.959262405432904,1.00224092806284,0.998996599181581,0.999512650212415,0.0924293543260748,0.509915515912822,1.51779299285998,1.00769776069178,0.0120196929349006,0.836737219639648,1.19457538165619,0.903419012252787,0.0758935120735215,0.46167636009427,1.37351571631673,0.982620266585615,0.013491212668512,0.801377568827785,1.17854335884571,1.20635820514609,0.0166307953115715,0.994623079837705,1.42771789169871,1.20722209338839,0.0166384428622781,0.995235808536654,1.42890639111653,1.10209932039236,0.0112602808740055,0.935288717760149,1.28294407682521,1.06579488026679,0.0107480099402409,0.90197002168129,1.24348812601127
"ind-large","invgamma",1,"binary",51,113,7578823,4551631,1,1,1,1,0.998996599181581,0.959262405432904,1.00224092806284,0.998996599181581,0.935907878025732,0.0721643770763259,0.493527369466181,1.39383666958842,0.943162999360606,0.0120893889130424,0.767924993345727,1.1319041072549,1.08936281023568,0.0699231713764992,0.660132447493054,1.56397952480768,1.15945888845543,0.0236441238217214,0.92665390118469,1.42316780084958,0.879464501912939,0.0120541491303566,0.699950350413626,1.0591560118189,0.880001436174154,0.0120573070217985,0.700373250351977,1.05958187410891,0.931283127126873,0.00842084566273298,0.779326472809367,1.07973823469946,0.908718752728634,0.00837049877198385,0.759755276433028,1.058218972107
"ind-large","invgamma",1,"binary",51,114,7578823,16605685,1,1,1,1,0.998996599181581,0.959262405432904,1.00224092806284,0.998996599181581,1.09396766239335,0.0949313649142314,0.60633344655185,1.61722050398573,1.10042986811701,0.0156920568262977,0.904414005898668,1.31486694820279,1.04816136558358,0.0801056048592783,0.594197864158609,1.54894521413255,1.13759517476596,0.0226136397147204,0.901472013579526,1.40239438062619,1.02874302113057,0.0153100193640355,0.829895223295551,1.23812578188603,1.03020629087934,0.0153231220431751,0.831172027391464,1.23952585284951,1.15638345287929,0.0116817757141695,0.983971539487684,1.33487888916537,1.09489032636091,0.0111370750200116,0.924957122243134,1.26946362871904
"ind-large","invgamma",1,"binary",51,115,7578823,4025353,1,1,1,1,0.998996599181581,0.959262405432904,1.00224092806284,0.998996599181581,0.965466053158416,0.106647399026994,0.449922390393235,1.53685548772522,0.973637212173619,0.01595065816812,0.780121702339724,1.18890661687976,1.05849566001073,0.095110163927592,0.565501224565098,1.6026195432948,1.16206802962395,0.0311582764213699,0.901014989033056,1.47965451543179,0.883668447853178,0.0126688633795647,0.704949914605475,1.07714579622076,0.884128059687056,0.0126700797643053,0.705626986032881,1.07789201264757,1.0414419544481,0.0100137616513316,0.876865427458297,1.21107858150949,1.02212701359477,0.00993033541518433,0.857502174338907,1.18738298617745
"ind-large","invgamma",1,"binary",51,116,7578823,12563512,1,1,1,1,0.998996599181581,0.959262405432904,1.00224092806284,0.998996599181581,1.09694298152445,0.0850983465425034,0.632766091951608,1.58551123947055,1.10595653158532,0.0145885488406099,0.919818071311572,1.31511835177435,0.980698007118249,0.0741532383860197,0.542420650399461,1.4594741940804,1.05522899342168,0.0201075809102712,0.843907639294399,1.30024268961844,1.11112643136903,0.0148069717298212,0.912955998074785,1.32502073883775,1.11189586468194,0.0148124063643056,0.913632251839084,1.32576690230607,0.870566259407744,0.00845202467682032,0.718921546475473,1.02427992531274,0.838231237038898,0.00830495535123183,0.688968059603575,0.99323489311548
"ind-large","invgamma",1,"binary",51,117,7578823,14853252,1,1,1,1,0.998996599181581,0.959262405432904,1.00224092806284,0.998996599181581,0.994999598304758,0.0826741555840386,0.539664342262132,1.47650478252693,1.00231608932539,0.0135851882101883,0.822082906515018,1.19578855255047,0.962798390539546,0.0706910991863216,0.531075873566847,1.41674601581108,1.03379536711515,0.0198499374630184,0.81222183724186,1.27556162868939,0.977156089973693,0.0127020357262939,0.791810401078618,1.16541066001486,0.977965220344582,0.0127081574568283,0.792803204944205,1.16628693352614,0.87414277709632,0.00783355649442393,0.729986480984876,1.01745682152398,0.840139507153334,0.00758535355893477,0.695958229947242,0.981263607477049
"ind-large","invgamma",1,"binary",51,118,7578823,400020,1,1,1,1,0.998996599181581,0.959262405432904,1.00224092806284,0.998996599181581,1.04020566087319,0.0813958409377519,0.579131963244613,1.52549417078375,1.04824438782663,0.0143509517844066,0.856085231431029,1.25005039558264,1.03336439996124,0.072741811708652,0.604616574267539,1.50782661698215,1.10782785644941,0.0242788047227868,0.873196017020752,1.37409400967452,1.0751406957007,0.0150251288629561,0.876760133384877,1.28639408440321,1.07549323586754,0.0150254691617177,0.876816106992965,1.28690093131494,1.08313130812386,0.0100037323637138,0.92023981331542,1.24636011051263,1.06831599666112,0.00994650987070853,0.905620293790932,1.23376017476235
"ind-large","invgamma",1,"binary",51,119,7578823,11259366,1,1,1,1,0.998996599181581,0.959262405432904,1.00224092806284,0.998996599181581,0.995716652788457,0.0797525981417065,0.553255847157539,1.48496747829148,1.00376316523934,0.0132831407143791,0.823095753313167,1.19556260298049,1.02008202044664,0.0731289478922663,0.590951932370913,1.48526040769354,1.09262844127202,0.0245111637333662,0.853991345431457,1.36682305844324,0.898266211284866,0.0117096601270116,0.723306709678255,1.07779739878296,0.898747062067596,0.0117116979210671,0.723795162741548,1.07808970274068,0.980468626832318,0.00827474258011596,0.831146527701581,1.12898082504956,0.960261130542819,0.00820263363494905,0.810292352949261,1.10819320832484
"ind-large","invgamma",1,"binary",51,120,7578823,11753733,1,1,1,1,0.998996599181581,0.959262405432904,1.00224092806284,0.998996599181581,0.990844420514546,0.089460866066215,0.512481000310417,1.49449786689633,0.998162779006358,0.0131835879874314,0.816250170373307,1.19239590261909,1.04818651153193,0.0767712756784633,0.603075242511918,1.51376449335313,1.13216051714282,0.0216494870106487,0.913771492690609,1.39642005617975,1.13526654406685,0.0146685484901547,0.933346997534968,1.33868372773203,1.13556180490377,0.01466953963332,0.933758218089493,1.33887958421938,0.959318714568117,0.0100062094386571,0.797986238000077,1.12140092760299,0.946910536229209,0.010021317592834,0.786760558375092,1.11356962232435
"ind-large","invgamma",1,"binary",51,121,7578823,13196755,1,1,1,1,0.998996599181581,0.959262405432904,1.00224092806284,0.998996599181581,0.889355013052635,0.0729744231816636,0.454376130841527,1.35537288186375,0.895500559783291,0.0109435405714758,0.731132455521878,1.07323441399094,0.988458116491731,0.0639651294095718,0.587438031829671,1.42831495690296,1.05365506818313,0.0166098756189644,0.85492475400073,1.27632361956371,0.979109247997071,0.0127069856629731,0.798113852403164,1.17325246947092,0.9803721603355,0.012716452413913,0.799434019943751,1.17504746157468,0.9607430759726,0.00886592943642179,0.808501508119021,1.11370583737787,0.907669862182923,0.00846747202466389,0.754598453864047,1.0566706291513
"ind-large","invgamma",1,"binary",51,122,7578823,8449681,1,1,1,1,0.998996599181581,0.959262405432904,1.00224092806284,0.998996599181581,0.921852697062397,0.0656903866303899,0.517983800005387,1.34458420678944,0.929461460460262,0.0102029378313018,0.773032991903701,1.10458735570154,0.765655565942507,0.0553413561762904,0.382383138489196,1.17228430691301,0.812467744696337,0.010144411628744,0.657104741218265,0.985783153457504,0.834326115401788,0.0102182976619496,0.67330497326944,1.0034943338976,0.835900319259419,0.0102273954722793,0.674633452484248,1.00536334875235,0.839279046227992,0.00714548749533258,0.702309737034071,0.976435223693819,0.773123973272943,0.00674491598107664,0.642112934739267,0.907452357226638
"ind-large","invgamma",1,"binary",51,123,7578823,7303710,1,1,1,1,0.998996599181581,0.959262405432904,1.00224092806284,0.998996599181581,0.993057778632917,0.0708933566181415,0.573981291032769,1.44334394214391,1.00007508411931,0.0113835796961508,0.835167669630675,1.18419432651825,0.916604315106045,0.0587808338229646,0.5323822289593,1.33211563464072,0.975960318128484,0.0130271829890725,0.793801921494838,1.17339085351249,1.07026991252431,0.0145109294293755,0.875031025109451,1.2777893416696,1.07129905453125,0.0145178396806065,0.876328023523353,1.27907353007695,1.19233610499965,0.0113715308932205,1.02403294747307,1.37203308995465,1.14908696403191,0.0109398360408045,0.983235193889758,1.32646197847204
"ind-large","invgamma",1,"binary",51,124,7578823,14195779,1,1,1,1,0.998996599181581,0.959262405432904,1.00224092806284,0.998996599181581,0.991893875553249,0.0911811669060358,0.513256217034672,1.52535404256741,0.999386256352122,0.0128573258518838,0.81930208610929,1.18325867477582,0.871703555612903,0.0766039469866055,0.425083411154314,1.3444977905042,0.944184700956218,0.018955091878368,0.732958182806081,1.18096782645249,0.99505766515114,0.0131283685028701,0.801554949952839,1.19022714886804,0.996085516336209,0.0131372681800115,0.802873158082247,1.19119398801486,0.863095781597076,0.00834141164042966,0.708657485298472,1.01484492650943,0.819900886726554,0.00800081490232547,0.67155387870787,0.967161202308305
"ind-large","invgamma",1,"binary",51,125,7578823,3393949,1,1,1,1,0.998996599181581,0.959262405432904,1.00224092806284,0.998996599181581,1.3134430533716,0.11958939884179,0.759389270838441,1.89959670040251,1.32135683477082,0.0209542953150496,1.08917270628671,1.56874668715636,1.23147957473045,0.104180411949721,0.714659601543331,1.79043900098167,1.3630681503351,0.0386853084571042,1.06189592779211,1.71324533250116,1.16114041442849,0.0170613203856271,0.94478961463735,1.38638431600808,1.16175112255692,0.0170676801122846,0.94592182066119,1.38691465584982,1.28278739351187,0.0136988733344386,1.0878494813955,1.47930953609375,1.257122711905,0.0135122522688538,1.06390328733777,1.45381303198901
"ind-large","invgamma",1,"binary",51,126,7578823,711847,1,1,1,1,0.998996599181581,0.959262405432904,1.00224092806284,0.998996599181581,1.1456318837914,0.102676040858453,0.635329523640518,1.69526384087658,1.15330278327604,0.0177829602768702,0.946109248110581,1.37516975499023,1.13676577599586,0.0905656770071401,0.648003032973517,1.65778189948721,1.24259315247345,0.0318974243723213,0.970240615490092,1.56479132875474,1.00115449583754,0.0139630597911361,0.811221710283941,1.20194039601964,1.00198444696716,0.0139685886737654,0.812146242879835,1.2024004795598,1.14840827477732,0.0112665933721754,0.974469392197798,1.31796433985411,1.11353002361377,0.0110507141549257,0.94227855539144,1.28645200638198
"ind-large","invgamma",1,"binary",51,127,7578823,9886504,1,1,1,1,0.998996599181581,0.959262405432904,1.00224092806284,0.998996599181581,0.920466929936978,0.0637573001871286,0.51760152454783,1.35622432211159,0.927702112080382,0.0107882382587266,0.765759397323482,1.10907994760949,0.905534705357393,0.0573330952127836,0.520262806643859,1.32013151644115,0.956147149787157,0.0164363413454485,0.758970450679461,1.18059592711393,0.859246873940989,0.011216973719041,0.686691283442927,1.04080691894833,0.859720552399782,0.01121852220279,0.687573440126883,1.04144884730648,0.904099678468173,0.00758050714602636,0.758417994284809,1.0512566362818,0.884193595246,0.00748050666693414,0.740806803477094,1.02730554245674
"ind-large","invgamma",1,"binary",51,128,7578823,13750927,1,1,1,1,0.998996599181581,0.959262405432904,1.00224092806284,0.998996599181581,1.02215852484239,0.0938294364418032,0.536055284598228,1.54169105721013,1.03049420011269,0.0141310894606572,0.844871729584329,1.23905848918216,0.924256792222666,0.0782429630392142,0.467347836580031,1.40468419664676,1.0041482006528,0.0188160563435958,0.798137500334723,1.24563171411335,1.0433183741132,0.0135932234362997,0.85015405483515,1.23881683800389,1.04425502002213,0.0136021526650764,0.851202729576165,1.2398231923974,1.04394792637248,0.0101435891297192,0.882646547193481,1.21241853380146,1.00458588432319,0.00976178875019335,0.846459507497902,1.16566214153435
"ind-large","invgamma",1,"binary",51,129,7578823,12541646,1,1,1,1,0.998996599181581,0.959262405432904,1.00224092806284,0.998996599181581,0.799675584810169,0.0684016598269846,0.379099313117137,1.2385214367704,0.805723629861719,0.00948029699593068,0.651846758039242,0.968445428465978,0.888818854456175,0.0575747251257712,0.499903259366919,1.30604229694052,0.944669187315747,0.013166601462906,0.765527124537508,1.1456082384499,0.911105714345413,0.0115654687058041,0.737473629912686,1.09141376952865,0.912461496628543,0.0115761806019327,0.738463142005996,1.0931486037304,0.971753228471264,0.00853137155729017,0.822511983771968,1.13003559196873,0.914777205056711,0.00799866485541379,0.767928178608562,1.06765772992567
"ind-large","invgamma",1,"binary",51,130,7578823,4909459,1,1,1,1,0.998996599181581,0.959262405432904,1.00224092806284,0.998996599181581,1.21821494542894,0.113794011553065,0.694019681476425,1.79337754226523,1.22551666561853,0.0201251995634385,1.00094676945515,1.46527531874194,1.18965237376417,0.097942726049925,0.694716244869376,1.73319841469549,1.30877953887337,0.0353397517111779,1.03106820033072,1.64599194769847,1.15877573384386,0.0169162368161773,0.953207427251709,1.37740983228767,1.15956527334776,0.0169238683186359,0.954018638507147,1.37860749562932,1.03299455622432,0.0107222451386492,0.858189426822886,1.20579713148598,0.999814581961067,0.0104896579660061,0.828969656857381,1.17063550752022
"ind-large","invgamma",1,"binary",51,131,7578823,4621379,1,1,1,1,0.998996599181581,0.959262405432904,1.00224092806284,0.998996599181581,0.955537944404004,0.0812093313233943,0.501410449409545,1.42800302931937,0.963062415884453,0.0118728069538502,0.788538275696855,1.14758380034758,0.86509722131155,0.0652816902675977,0.44780344573789,1.30021524209236,0.93008106844844,0.0122519517141426,0.760451458743858,1.1269128086659,0.851242488677128,0.0111237466678252,0.679448640257388,1.02267508746973,0.852600531765223,0.0111332041032592,0.680522925513898,1.02396314883726,1.01836952158008,0.0093260125087809,0.859258440838074,1.17566870117081,0.961298489049294,0.0088455372107407,0.804051236060478,1.10944178302113
"ind-large","invgamma",1,"binary",51,132,7578823,12209812,1,1,1,1,0.998996599181581,0.959262405432904,1.00224092806284,0.998996599181581,0.912620270621154,0.0750903926965705,0.477625951296966,1.36680275904495,0.920267576073791,0.0111660186853282,0.74948904373332,1.09623164327644,0.853753047669287,0.0621712663671392,0.448888037760215,1.29279091983704,0.912662667665999,0.0126112904897965,0.738968228108733,1.10267332799386,0.926888959483417,0.0118356777884027,0.749062882413502,1.10739941287627,0.92775626799797,0.0118418103100228,0.750081277813739,1.10801169757552,1.02680649155185,0.00924460646553373,0.871332885219561,1.18600772735936,0.99035831631925,0.00890265718118415,0.83592487734964,1.14562277403091
"ind-large","invgamma",1,"binary",51,133,7578823,8990584,1,1,1,1,0.998996599181581,0.959262405432904,1.00224092806284,0.998996599181581,1.03520407728072,0.120924413984279,0.485604790086997,1.63257947768199,1.04141093226754,0.0176717752155077,0.83501657753387,1.27579729988282,1.06185232505352,0.0976089499920182,0.56665352022189,1.61284123864075,1.18013108998583,0.02674562637462,0.932231984274952,1.46830115875878,1.01492610536971,0.0149317671174522,0.810843161450182,1.22149569993288,1.01632878300543,0.0149457866798759,0.812364478243762,1.22291138728252,1.10853668228426,0.0110013644895005,0.941783749089236,1.28056394048958,1.04958990682479,0.0104742256283615,0.885642808000358,1.21825063234444
"ind-large","invgamma",1,"binary",51,134,7578823,10812171,1,1,1,1,0.998996599181581,0.959262405432904,1.00224092806284,0.998996599181581,1.01055320727495,0.097763451255694,0.506576008384087,1.54136228177662,1.01853970233895,0.0137511305746495,0.834666530831819,1.21125721747613,0.937924975611475,0.0782704083272256,0.481929360298781,1.42643070360436,1.02242585815546,0.0144386691888959,0.834929272686654,1.23366945402962,1.06020633198721,0.0135234122303854,0.873304555563308,1.25430104624329,1.06128197336743,0.0135310160642049,0.874753813343379,1.25566626664804,0.964176457122222,0.0094576323038292,0.807545977256948,1.12261508703225,0.918973204927754,0.00895788974997789,0.763575298251825,1.07207515303703
"ind-large","invgamma",1,"binary",51,135,7578823,10206770,1,1,1,1,0.998996599181581,0.959262405432904,1.00224092806284,0.998996599181581,0.882415952605301,0.0738376440488749,0.453714982752335,1.34698673566826,0.889404266966244,0.0114742750162224,0.721735073918471,1.08024813509644,0.956601542894383,0.0653403002854669,0.540733730314489,1.39870137823007,1.01966586782619,0.0176719121757577,0.821579063789254,1.25385015479376,0.777027154166043,0.0106884265775124,0.603704661241113,0.949768010119697,0.777737262972715,0.0106908648495057,0.604278303205629,0.95049222532381,0.862549545063907,0.00774177119414343,0.715348513060819,1.00927649272729,0.832707603257153,0.00752923695991716,0.687933695260977,0.976879168495328
"ind-large","invgamma",1,"binary",51,136,7578823,8617384,1,1,1,1,0.998996599181581,0.959262405432904,1.00224092806284,0.998996599181581,0.949302415181607,0.0807878035387318,0.498250957369294,1.43672701616233,0.956244663410952,0.0124867590222492,0.779621347450133,1.15086115891086,0.970463289580052,0.0696624714203414,0.549145368755854,1.42678109932312,1.04183184009011,0.0189021219149172,0.834517033359321,1.27458963787319,0.988911638325222,0.0124150442700179,0.808543356777755,1.18082110408666,0.989849332277759,0.0124206023496953,0.809676822076543,1.18209849464075,0.971959692210005,0.0088979584713295,0.818986699548835,1.13092075142781,0.932553606690065,0.00868475505302405,0.780303135943738,1.08460773116351
"ind-large","invgamma",1,"binary",51,137,7578823,15037578,1,1,1,1,0.998996599181581,0.959262405432904,1.00224092806284,0.998996599181581,1.11076856563192,0.0878759274756648,0.636929014050124,1.60192439989331,1.11859825579178,0.013807849343273,0.927449357669423,1.31513333121743,1.02449704625328,0.0763027220887658,0.582729868441734,1.50535907538858,1.10588646188902,0.0207021846938301,0.89063800104464,1.34987442379795,1.07576835934518,0.015761465196578,0.868621076646347,1.28317256818718,1.07637474998958,0.0157633487000448,0.869439668140682,1.28349987864632,1.10386095414226,0.0107906013559991,0.93575029636704,1.27437345526031,1.07837771248637,0.0106631214125412,0.909624771947571,1.24818042376198
"ind-large","invgamma",1,"binary",51,138,7578823,6432683,1,1,1,1,0.998996599181581,0.959262405432904,1.00224092806284,0.998996599181581,1.14575381613862,0.0908722980341727,0.670860824134571,1.66851489938316,1.15420333183844,0.0158369026484606,0.957636708323868,1.37215989469941,0.970673174314268,0.0755865621374238,0.523859937491213,1.44501069405124,1.04866300198612,0.0211156233935644,0.826428928617342,1.29217990076497,1.14654091765613,0.0152720854790063,0.941311354056722,1.35280287604107,1.14733899946189,0.0152781557687586,0.942272148014865,1.35339137607398,1.00447342885394,0.00918441219422093,0.843522738699405,1.16119932311587,0.970934468935495,0.00896368824835067,0.813423752523353,1.12464543559359
"ind-large","invgamma",1,"binary",51,139,7578823,1164940,1,1,1,1,0.998996599181581,0.959262405432904,1.00224092806284,0.998996599181581,0.840473582887129,0.0685274275440773,0.422124721876881,1.28225155207843,0.847102373137356,0.0100095118076926,0.689506464842363,1.01632313057716,0.893966086667179,0.0575946850513965,0.505759911693929,1.31260032652327,0.948794602104471,0.0123401393848952,0.779797678178716,1.14674563162077,0.841596606387312,0.0113936463688907,0.661073907060395,1.01534628553071,0.842430466148477,0.0113980200350095,0.661772054972195,1.01616368486814,0.864608138207108,0.00760347481629368,0.723068916732403,1.00871329619961,0.82956562889883,0.00730356122395817,0.693874374696178,0.971759664510587
"ind-large","invgamma",1,"binary",51,140,7578823,6089041,1,1,1,1,0.998996599181581,0.959262405432904,1.00224092806284,0.998996599181581,1.07120255111933,0.0775833972885139,0.634632823941183,1.54639106792254,1.07917698506995,0.0166505931384663,0.884444185253667,1.29313629833233,1.03583366199519,0.0699589673561846,0.61418238685985,1.48911499406343,1.10238866548098,0.0276540813865481,0.856245801970009,1.38356915122809,0.976139847057783,0.0124182515108327,0.795487653872291,1.15815091330738,0.976505756912567,0.0124216463084974,0.795998115411399,1.1583009391043,0.781085027899488,0.00683467417132269,0.6424616169457,0.916075855505538,0.765707862470224,0.00679119503307221,0.628813363193178,0.897829074972781
"ind-large","invgamma",1,"binary",51,141,7578823,8858119,1,1,1,1,0.998996599181581,0.959262405432904,1.00224092806284,0.998996599181581,1.09528306683593,0.100939753598545,0.602633485941995,1.6385206607889,1.10428011135707,0.0158691749536443,0.903157081165374,1.31805014314298,0.799224603407589,0.078268555083178,0.344237119726902,1.27917800447466,0.872703462752801,0.014613424163703,0.683369175595787,1.08351000806485,1.16779261839584,0.0161244775208415,0.965789153962321,1.38197271353408,1.16917493283292,0.0161396203148116,0.967216406293361,1.38353401375514,0.866007482789731,0.00805589062106113,0.721851548353054,1.01160665960377,0.807916459833479,0.00760561886978609,0.668376966320467,0.948165600506122
"ind-large","invgamma",1,"binary",51,142,7578823,18879,1,1,1,1,0.998996599181581,0.959262405432904,1.00224092806284,0.998996599181581,0.899061142537203,0.0679730050565044,0.488961830525556,1.34042619969057,0.905311068519036,0.0105423595232154,0.743700339856834,1.07967537661837,0.911914486082983,0.0571645428136615,0.52960876925384,1.31831820070663,0.966864909010226,0.0130287907074422,0.789813411425668,1.16487443671473,0.843283026757912,0.0111423970814947,0.668484252740401,1.0188803062054,0.844453138260547,0.0111482348821672,0.669634796361812,1.01981879876562,0.846165954639755,0.0072981076287735,0.707538409013254,0.989537296344034,0.796992646210132,0.00699429484881285,0.662209484306583,0.936185698983855
"ind-large","invgamma",1,"binary",51,143,7578823,8527405,1,1,1,1,0.998996599181581,0.959262405432904,1.00224092806284,0.998996599181581,1.18020762477491,0.117234662873908,0.62999677883025,1.74845643404187,1.18803812895955,0.0204286539539845,0.965831957559152,1.43089148780811,1.27055136867353,0.101387140880936,0.762289448865191,1.81732424900408,1.4043036385504,0.0381280254858536,1.1076431651281,1.75000935867476,1.1966565728466,0.0176578142421827,0.97948195240354,1.42472106344299,1.19715950406839,0.0176628636762887,0.980325613806202,1.42585154675309,1.04961258736023,0.0108703982417153,0.879627789496694,1.2253394529068,1.02847717245963,0.0107417563768339,0.857383444807626,1.20164812997844
"ind-large","invgamma",1,"binary",51,144,7578823,1782044,1,1,1,1,0.998996599181581,0.959262405432904,1.00224092806284,0.998996599181581,1.00638636599116,0.0730363845218879,0.576028309839122,1.46548128598759,1.01324287249793,0.0116758106435542,0.84442841797263,1.1897095681769,0.847608726349196,0.0596608946617534,0.455675548874394,1.26393840391722,0.903882241736921,0.0124819505270634,0.728829473527431,1.09883702937515,1.07285464420716,0.0141876158907979,0.873709557475677,1.27039480062816,1.0741108248076,0.0141989574474842,0.875396987385442,1.27172457767969,1.03797843198899,0.00964978768548837,0.875576433516628,1.20311796472538,0.985188115878563,0.00913848090618965,0.82539275050833,1.14447186694524
"ind-large","invgamma",1,"binary",51,145,7578823,14751598,1,1,1,1,0.998996599181581,0.959262405432904,1.00224092806284,0.998996599181581,1.01635323591119,0.0894608043327898,0.541501263535217,1.51371495690514,1.02338817336246,0.0128027670921674,0.852383601367992,1.21695598943347,0.849118880117216,0.0708083667562695,0.420361502544908,1.30285832626651,0.920412568507344,0.0134396696828804,0.74289607034601,1.12426048756117,1.03291317916122,0.0140670717728132,0.842699713491116,1.23100316647662,1.03444185485594,0.0140795045184755,0.843959494213004,1.23254392442508,1.11447641942553,0.0102866887792725,0.951773674679661,1.28384780903314,1.0502346431025,0.00973730555878951,0.890771650679701,1.21529173798514
"ind-large","invgamma",1,"binary",51,146,7578823,14800469,1,1,1,1,0.998996599181581,0.959262405432904,1.00224092806284,0.998996599181581,0.838987589071423,0.0773676485881118,0.389942266394781,1.32350481779889,0.845516510169984,0.0103929716863758,0.688755957110134,1.01934467766372,0.93163984082481,0.0632191915250552,0.523727424173039,1.36864355859144,0.997602559823761,0.0137106633202522,0.817783292016194,1.19797071838856,1.01278527837509,0.0138715997205761,0.827481585314431,1.21742979570525,1.01364317845073,0.0138788692654088,0.828073706063061,1.2178585091399,1.0365841465165,0.00982145112804125,0.87547254865603,1.20105871428849,1.00053135588374,0.00948690200552074,0.842703073776164,1.16304997808877
"ind-large","invgamma",1,"binary",51,147,7578823,3115668,1,1,1,1,0.998996599181581,0.959262405432904,1.00224092806284,0.998996599181581,1.08220373815409,0.0734532688147404,0.649765524112733,1.54781997152419,1.08933295455166,0.0126470679518167,0.912674750924116,1.27891672845135,0.858081958061586,0.0630705094843541,0.462028232592138,1.28982081147676,0.915053672013817,0.0162312307110412,0.713853534517837,1.13959274202469,0.968266491832121,0.0133188790696544,0.779040486350944,1.16215939032733,0.969590938462519,0.0133280150685335,0.780065451462311,1.16370819987607,1.05324315678142,0.00886416168101211,0.901632974933586,1.21387793778286,0.997583997369316,0.00841630063422718,0.8506759789542,1.15493119225862
"ind-large","invgamma",1,"binary",51,148,7578823,10281537,1,1,1,1,0.998996599181581,0.959262405432904,1.00224092806284,0.998996599181581,1.07738638050222,0.085186514814423,0.60949007078942,1.57267502101446,1.08544290381973,0.0125721720155528,0.907389810235628,1.27180937285829,0.924829063736906,0.0737300449740236,0.49145632701068,1.38795058319977,0.997587797644891,0.0180582876011832,0.786653796562064,1.2214263223442,1.01938481503219,0.0133034253970871,0.828161922970941,1.21046130870805,1.02035183350512,0.0133091360273785,0.829149179610644,1.21182332746355,1.02986312862869,0.00965363466303368,0.867716093116892,1.19401000250025,0.989224695864541,0.00939510984218529,0.832029795377782,1.15081707695279
"ind-large","invgamma",1,"binary",51,149,7578823,14812547,1,1,1,1,0.998996599181581,0.959262405432904,1.00224092806284,0.998996599181581,1.05652802048204,0.0995440706422496,0.548793171786549,1.59349260877058,1.06362122975764,0.0146293812354612,0.874916801807723,1.27402377465484,0.965816135577971,0.0823028356795624,0.504411452507916,1.45471601209307,1.05331638642319,0.0202878126054368,0.833361826935162,1.2979042254857,1.19625582830367,0.0159645344825287,0.988669210303203,1.40498811547826,1.1975887538481,0.0159788942351979,0.990125715347425,1.40619525250968,0.939907614295861,0.00891732753686518,0.784496454329684,1.09537951894228,0.883892133068253,0.00853802377817176,0.729769832271081,1.03376653153256
"ind-large","invgamma",1,"binary",51,150,7578823,9181894,1,1,1,1,0.998996599181581,0.959262405432904,1.00224092806284,0.998996599181581,0.931898694285258,0.070526919561755,0.509033835908889,1.3824848174866,0.939479695773829,0.0105951290035408,0.771541968379798,1.11445972818503,0.828647353724911,0.0580423582401751,0.436810894846795,1.23998704999399,0.882188008813729,0.0117149429385931,0.708591163356922,1.06622711648088,1.08662001759609,0.0141320293160733,0.892892576211263,1.28886697114719,1.08760454846014,0.0141396476718686,0.89425924327575,1.28978367029209,1.0040245173168,0.00906831689020152,0.845449919724543,1.16259718143191,0.962650135706719,0.00868682656959368,0.80850625141851,1.11422793831601
"ind-large","invgamma",1,"binary",51,151,7578823,5926958,1,1,1,1,0.998996599181581,0.959262405432904,1.00224092806284,0.998996599181581,1.2100249104389,0.129236798549119,0.633990407912092,1.80774382876456,1.21839272367775,0.021101426052997,0.984298088839987,1.46855837637896,1.13618733200036,0.108502735765735,0.603305536981186,1.7052871728634,1.27331787503514,0.0359620661042764,0.983350256445699,1.60556654977182,1.17613815064134,0.0171232870058208,0.964659211581424,1.39086484725568,1.17751666925223,0.0171365880415794,0.96628473784474,1.39251508482032,1.16940182414174,0.0121760910951278,0.992365639336251,1.35162670853666,1.11147031874543,0.0117329546954671,0.933382394689916,1.29187559895739
"ind-large","invgamma",1,"binary",51,152,7578823,6229703,1,1,1,1,0.998996599181581,0.959262405432904,1.00224092806284,0.998996599181581,1.22232126368753,0.126311268442069,0.66168861667158,1.84046803278199,1.22964558601581,0.0217908365062435,0.999862784501165,1.48574525174627,1.22840768851232,0.10822409525533,0.709658842300135,1.79325652687034,1.36587970860233,0.041094345421594,1.06374349542433,1.72876214984004,1.11145470940173,0.0163597502014235,0.904502268077765,1.32566240957798,1.11236526481324,0.0163667310370927,0.905896047303894,1.3267104575086,1.119050542154,0.0116446115963859,0.944958782228215,1.29779165278825,1.08078493926759,0.0114647533134052,0.90799853052307,1.25336293695867
"ind-large","invgamma",1,"binary",51,153,7578823,12088111,1,1,1,1,0.998996599181581,0.959262405432904,1.00224092806284,0.998996599181581,1.06657424224104,0.0849438886880861,0.596903977283709,1.56710141472942,1.0740362623862,0.013505210620067,0.891714506530874,1.26980843108533,0.989143903917148,0.0705619718961122,0.571471796320594,1.44414637517547,1.06459039931295,0.0177662521445617,0.865470842629437,1.30175447410775,1.03452153501685,0.0138496421532109,0.840764483706237,1.23122940594339,1.03539845854667,0.0138536600869317,0.842236861533233,1.23201631292414,1.03774293222699,0.010105819970903,0.877616191050906,1.20712064718187,1.00089069113362,0.00982737943223873,0.840025613621806,1.16937336796811
"ind-large","invgamma",1,"binary",51,154,7578823,4996828,1,1,1,1,0.998996599181581,0.959262405432904,1.00224092806284,0.998996599181581,1.16785399856783,0.087635649555207,0.687568778844314,1.67451699863588,1.1752658197239,0.0168732964792567,0.973087228611298,1.40424214047286,1.11234478028488,0.0783759822579755,0.665005139401423,1.59812625018762,1.19679768908865,0.0285046318258495,0.941461264489897,1.5034463162471,1.03865719380072,0.0147645680760625,0.840665883253415,1.24433171720726,1.03968382901307,0.0147707911253014,0.841522046233349,1.24590572188932,0.966603213143031,0.00883559298810706,0.811009045714541,1.1179189678634,0.923459418873742,0.00863066539285671,0.772719404351109,1.07249001975468
"ind-large","invgamma",1,"binary",51,155,7578823,16459921,1,1,1,1,0.998996599181581,0.959262405432904,1.00224092806284,0.998996599181581,1.03085555338544,0.0698066686408551,0.613210091388122,1.46626734672647,1.03895818358816,0.0117462686554871,0.867487042916096,1.22614282918782,0.829872017141154,0.0599422590054863,0.433267848951506,1.26039384126157,0.880875578465258,0.0154639800190362,0.687995506581863,1.10023260787126,0.994317212647448,0.0126086680078746,0.807731148044299,1.18403059372382,0.99494903111291,0.0126107903298658,0.807968811753767,1.18474726233433,0.830381092319959,0.00732278321649203,0.689895147008527,0.969827270888681,0.803829260119562,0.00723348066168537,0.665033950960071,0.942961292427867
"ind-large","invgamma",1,"binary",51,156,7578823,5591044,1,1,1,1,0.998996599181581,0.959262405432904,1.00224092806284,0.998996599181581,1.1252948716511,0.0991230625112231,0.632006082546401,1.66331551251233,1.1337431583097,0.0168715015929306,0.9258902777317,1.36188531974043,0.951604527760721,0.0812630606809734,0.498070883500336,1.43532675968229,1.03434989157802,0.0234063227216887,0.802011623484287,1.29584428720338,1.02715094241596,0.0142715148230366,0.838116156884038,1.23161195227978,1.02795023460131,0.0142771680767818,0.838844518781876,1.23204296624291,1.01094376551477,0.00935457280778533,0.853718302814341,1.17089456647422,0.977353940043474,0.009273065154236,0.822961778866645,1.1343122298154
"ind-large","invgamma",1,"binary",51,157,7578823,7524871,1,1,1,1,0.998996599181581,0.959262405432904,1.00224092806284,0.998996599181581,0.857437567458289,0.0544412919083663,0.48410606991162,1.25200330904242,0.864651904771557,0.00922358660031601,0.714564904716517,1.02501781658661,0.834083867292202,0.0471194382050224,0.479164311645273,1.21039969365904,0.874411089898044,0.0104021381960172,0.718420521109193,1.05209082349301,0.82670514083393,0.0103575643090277,0.661783485988586,0.993823216794193,0.827416875305327,0.0103608433605577,0.662268410295884,0.994536308348125,0.918055619811869,0.00742230658905804,0.777902652431387,1.05979920563942,0.88814536031681,0.0071670944529996,0.75018765030038,1.02746320511018
"ind-large","invgamma",1,"binary",51,158,7578823,11613286,1,1,1,1,0.998996599181581,0.959262405432904,1.00224092806284,0.998996599181581,0.982474493699185,0.0800221536443105,0.535173926018524,1.46234769259524,0.991279271971833,0.0121984843195939,0.814641604114973,1.17183177141645,0.863846739135744,0.0681875378760475,0.44599835142857,1.30646155867487,0.925048682053548,0.0175039557918739,0.725126919086767,1.15053477418217,0.935784681244148,0.0120559161767619,0.759166178148533,1.12473387573491,0.935926796763538,0.0120551879528605,0.759587507942097,1.12502712989666,0.914913178229491,0.00859559747277001,0.76903831459312,1.06676757281151,0.908940849736166,0.00863500898323157,0.759445739042996,1.06383400403078
"ind-large","invgamma",1,"binary",51,159,7578823,16078333,1,1,1,1,0.998996599181581,0.959262405432904,1.00224092806284,0.998996599181581,1.01666035073629,0.0951543556436055,0.528228683814927,1.52910227347341,1.02385554487842,0.0144467060549617,0.833143791873813,1.22732322129922,1.01062637183363,0.0789930562661988,0.561172992385599,1.4905463125899,1.09922201978428,0.0207620815164253,0.877269921074368,1.35075964055478,1.06581118131724,0.0152591860653808,0.863379226512826,1.27320879019152,1.06691329001147,0.0152677533765958,0.864404725922957,1.27445494747357,1.09285062138237,0.0105499791362521,0.926194957900071,1.26296748905007,1.04653509451006,0.0101515463311601,0.883508319449068,1.21127856339029
"ind-large","invgamma",1,"binary",51,160,7578823,14317361,1,1,1,1,0.998996599181581,0.959262405432904,1.00224092806284,0.998996599181581,0.780425439105429,0.0623125636431841,0.379891189355441,1.20751534519552,0.786706829579578,0.00978049467790529,0.62919996068868,0.949510587252509,0.954143132378628,0.0547435576729998,0.575230991290677,1.35493514078087,1.00767377445704,0.0139379117449831,0.830574385473176,1.21420080793842,0.990706578064047,0.0120317726763174,0.809539722078745,1.17887111646874,0.991644632454505,0.0120376502293267,0.810168591852224,1.17986952545374,0.872217329581612,0.00776456901541616,0.727838477170886,1.01321529741342,0.832796096851372,0.00738786280059241,0.692574903088819,0.975645568082558
"ind-large","invgamma",1,"binary",51,161,7578823,11609761,1,1,1,1,0.998996599181581,0.959262405432904,1.00224092806284,0.998996599181581,0.937783643303293,0.0661375571336806,0.528206672277999,1.37250347251923,0.944540877550079,0.0097469097671795,0.788576374381163,1.10569562954662,0.785285694445045,0.0551945640368335,0.405647710259727,1.19061499095482,0.833120135563465,0.0109139409742602,0.662393100039502,1.00846344302515,0.97145391263473,0.0124320233951895,0.793393531519069,1.16215350700923,0.972592032588357,0.0124396373983096,0.794147846046935,1.16330575157349,0.965566861999645,0.00847039405763288,0.811178540829731,1.11463143795212,0.917737981261762,0.00803744368546013,0.770476483811228,1.06204879240782
"ind-large","invgamma",1,"binary",51,162,7578823,4069235,1,1,1,1,0.998996599181581,0.959262405432904,1.00224092806284,0.998996599181581,1.05567244128087,0.0803758405696527,0.596160996980691,1.53020698757308,1.06344276743347,0.0128214604650874,0.886457885488237,1.2535742724941,0.836524807093305,0.0668960307798525,0.424126698153718,1.28498527900945,0.897671541031788,0.0166226316818845,0.695107929486852,1.11796005856548,1.13829713461262,0.0157315894730399,0.937941874365542,1.35612832181438,1.13909620629463,0.0157379485017653,0.938423618340116,1.35709847070865,1.0731015434572,0.00957414629386217,0.913205029898947,1.23154556843343,1.03952098452041,0.00921705324255003,0.880969602311679,1.19774733736298
"ind-large","invgamma",1,"binary",51,163,7578823,11357281,1,1,1,1,0.998996599181581,0.959262405432904,1.00224092806284,0.998996599181581,1.09011040692346,0.091467089619401,0.611796869605761,1.60198375742233,1.09837088780189,0.0141524744639767,0.908912847384601,1.30353963240179,0.978960805720589,0.0777378814464353,0.521819205822217,1.46190258794643,1.06073609178918,0.0201045665905842,0.841118425639566,1.30695191450001,1.15917524985893,0.0157542710641782,0.955783677989946,1.37424046342606,1.15994251981458,0.0157594268582122,0.956519873940304,1.37496812579037,1.0205135467052,0.0102026279987779,0.857394170716858,1.19039346946254,0.988269438264948,0.009853444785826,0.828431094501521,1.15556941672125
"ind-large","invgamma",1,"binary",51,164,7578823,15053149,1,1,1,1,0.998996599181581,0.959262405432904,1.00224092806284,0.998996599181581,1.16576073315785,0.121429302215507,0.613430355433496,1.7602003238831,1.17339374714473,0.0200709552863942,0.952740184487019,1.41508942989229,1.09957667180119,0.103509195585594,0.588004975124279,1.65437759138011,1.22019580322389,0.0359620381425452,0.938769426966776,1.56172278377398,1.0859053318432,0.0145288150921965,0.886383954577741,1.28660193629727,1.08694899080893,0.0145368695177745,0.887046083740333,1.28779250790673,0.976439792908589,0.0096392973691785,0.814995118921292,1.14149817046611,0.932580584532335,0.00951170776455919,0.773455006617949,1.09339448976827
"ind-large","invgamma",1,"binary",51,165,7578823,8788382,1,1,1,1,0.998996599181581,0.959262405432904,1.00224092806284,0.998996599181581,1.00266055484847,0.0789177405688162,0.549536401667026,1.47578449740236,1.01021123069826,0.0136535184489575,0.829241284481634,1.21164700783089,1.04653281082275,0.0724454044877023,0.623355020570318,1.51063072360495,1.1194920898307,0.0256365498528924,0.875094653192139,1.40377607212417,0.890556427094261,0.0115823344170885,0.716180334416567,1.07249430865092,0.890996293508444,0.0115819603100662,0.716866397343816,1.07296924146704,1.00530265560469,0.00888987586716745,0.84846899066612,1.16166906361588,0.98681750542564,0.00887260946183442,0.830748773226234,1.14280514962358
"ind-large","invgamma",1,"binary",51,166,7578823,2567886,1,1,1,1,0.998996599181581,0.959262405432904,1.00224092806284,0.998996599181581,0.910060742696307,0.100608009693502,0.406255613827433,1.44668520973859,0.91909457701919,0.012966687506692,0.740089037526177,1.10891051293262,0.911813873141639,0.0839993219157883,0.437925993738995,1.40330551685461,0.996076972898988,0.0188594539408217,0.788049445035033,1.2328384481884,1.18463000170103,0.015842314789526,0.982984634935419,1.39648655888186,1.18465330381144,0.0158422378629473,0.983060617247655,1.39644695215179,0.995651932200348,0.0101977371482952,0.832026909194469,1.16185655384623,0.994672673506112,0.010169349447216,0.826282294005423,1.16109140005666
"ind-large","invgamma",1,"binary",51,167,7578823,14108978,1,1,1,1,0.998996599181581,0.959262405432904,1.00224092806284,0.998996599181581,1.02889817558734,0.0814056913173716,0.579479354777844,1.51883640947356,1.03608651934988,0.0148871580611041,0.845125642817293,1.24690752062431,1.03327923150453,0.0732583643162208,0.606177054447031,1.4995347979958,1.10636570352068,0.0267191767007994,0.863392158962259,1.39533442071836,0.894112926052751,0.0121708888873099,0.709837825368894,1.08419336420966,0.894519665637616,0.0121721511557936,0.710294504899368,1.08479401821029,0.980589229566054,0.0090746228584203,0.82018291282728,1.13415757599273,0.963496216624973,0.00898727179669692,0.8043043727904,1.12091823451487
"ind-large","invgamma",1,"binary",51,168,7578823,13913783,1,1,1,1,0.998996599181581,0.959262405432904,1.00224092806284,0.998996599181581,0.984893910462955,0.0755441240022122,0.543866639057823,1.45689501441917,0.991949670481833,0.0126369342062394,0.815098122549606,1.17739083711722,1.01944828677252,0.0649049971760045,0.615565872013013,1.45269434948699,1.08793609522263,0.0187976782736265,0.878971639131385,1.3277169769153,0.969088873966726,0.012767920459484,0.779750042197359,1.15556645006711,0.969948762383446,0.0127742548597138,0.780400254049892,1.1562293609178,0.966359606615337,0.00860870699331115,0.811204964571372,1.12139653851046,0.930223257015156,0.00833205474596593,0.780733539777702,1.07887241220555
"ind-large","invgamma",1,"binary",51,169,7578823,950013,1,1,1,1,0.998996599181581,0.959262405432904,1.00224092806284,0.998996599181581,1.14859897385494,0.0976144960996227,0.645789902516871,1.68708975129504,1.15761807857861,0.0177225896522741,0.95233513911778,1.38972406239309,0.977074313679182,0.0807935910947418,0.526263040786288,1.4756575637396,1.06242593663645,0.0229631467539667,0.834324136096882,1.32902796262324,1.16223051427011,0.0160745891520322,0.949125264546163,1.36795330058524,1.16318783869021,0.0160852181157135,0.949996868655101,1.36812347213435,0.859350275046742,0.00775047273470967,0.711308049744252,1.00298959358856,0.819119229654195,0.00753669035110641,0.678317460298657,0.962185741135882
"ind-large","invgamma",1,"binary",51,170,7578823,1586967,1,1,1,1,0.998996599181581,0.959262405432904,1.00224092806284,0.998996599181581,1.02108324948286,0.0761281335421524,0.58688723988384,1.49877810692027,1.02703775510547,0.0132408734366774,0.842086819634615,1.22067325118049,1.08606126350027,0.0646363093349731,0.683580187288951,1.5190339128514,1.15794006105742,0.0194047635903339,0.947330684726558,1.39833458011597,1.01645535710302,0.0148217883542394,0.818913989670435,1.22913581267973,1.01763146179433,0.0148305153835708,0.820026246461289,1.23043589141124,1.03261279508685,0.00931460735948848,0.875699812924321,1.19120155652597,0.983187626117194,0.00888223560349162,0.830973766224386,1.13675392426819
"ind-large","invgamma",1,"binary",51,171,7578823,7525883,1,1,1,1,0.998996599181581,0.959262405432904,1.00224092806284,0.998996599181581,1.13663491025252,0.129079622901703,0.563816212250821,1.74465231284346,1.14534393774582,0.0193007663273078,0.927673003317796,1.38132375247004,1.01432856189676,0.103332474266591,0.490283404942946,1.56402215620221,1.13572293059795,0.0269256478707898,0.879716199285124,1.42085692503894,1.16424647951149,0.01657642618942,0.958026220933295,1.38872435931629,1.16541442442812,0.0165845376346553,0.959072361295908,1.39030274722359,1.06729882469337,0.010689590773378,0.898821715929128,1.2382658973244,1.01821656587879,0.0104390074190263,0.85061098371424,1.18902752920074
"ind-large","invgamma",1,"binary",51,172,7578823,14262583,1,1,1,1,0.998996599181581,0.959262405432904,1.00224092806284,0.998996599181581,1.06579561400602,0.0918372886244012,0.575253562576969,1.58644004427841,1.072347263146,0.0154578008490198,0.876435356741364,1.28008311418425,1.0339488157599,0.0773029751659786,0.594840332915969,1.50486746088143,1.12012372931777,0.0225838295831022,0.895354765878258,1.38813033213321,0.998337014628369,0.0142715840541766,0.798411784625753,1.19413968933119,0.999588843137719,0.0142824798669895,0.799446050791216,1.19541463056095,1.00399077393082,0.00953451508617114,0.843295416759267,1.16053254197158,0.951383352114514,0.00911856659704268,0.795877547848032,1.10619422486256
"ind-large","invgamma",1,"binary",51,173,7578823,2331631,1,1,1,1,0.998996599181581,0.959262405432904,1.00224092806284,0.998996599181581,1.24409063458001,0.0912901395717007,0.76818144347451,1.75954738901346,1.25255656838692,0.0173168651590115,1.05287893972243,1.48177919800452,1.01564029100249,0.0754904089662908,0.564748100057594,1.4887884305142,1.09652896728477,0.0219179480465644,0.87638629144274,1.35829893308319,0.921848667756804,0.0131552327889034,0.734217780562636,1.11309860435582,0.922596067631054,0.0131600708995435,0.735096546991268,1.11405264675584,1.12692157551841,0.0106401653393784,0.954024897282491,1.2914731550388,1.0955124965939,0.0104338223004867,0.926450051586935,1.2636473749881
"ind-large","invgamma",1,"binary",51,174,7578823,16615614,1,1,1,1,0.998996599181581,0.959262405432904,1.00224092806284,0.998996599181581,1.08768255997249,0.0778978210605453,0.643655860203838,1.57487353932224,1.09437868769768,0.0135915500396263,0.908275738312757,1.29105952156924,0.979406954388335,0.0665185245949356,0.562508143491429,1.43389395990893,1.04491171698453,0.0198200576004649,0.828335748448515,1.28969942742829,1.15594353552399,0.0151481016841496,0.955583999762404,1.36448090898796,1.15670373194949,0.0151516621542996,0.956881292197768,1.36553841164344,0.900754307095765,0.0080039947868274,0.751748587342941,1.04910252038448,0.868807459967156,0.0078383129766549,0.723553453443889,1.01653232598019
"ind-large","invgamma",1,"binary",51,175,7578823,2270241,1,1,1,1,0.998996599181581,0.959262405432904,1.00224092806284,0.998996599181581,1.0877054055151,0.113477836161665,0.55817818255181,1.66012459951295,1.09523173226044,0.0172595261636914,0.895219633353608,1.32540992037881,0.974663986684998,0.0913114324082928,0.480160153597947,1.47765537135904,1.07549201026006,0.0233130547978743,0.845768087525613,1.34360895066097,1.00897848455466,0.0137189198686905,0.81903935558873,1.2010682498293,1.01044651682544,0.0137300176524076,0.820340856476533,1.20272135889258,1.05125788036737,0.0101535697549041,0.885514587299681,1.22306258535086,0.989564611415375,0.00970101234476957,0.826968529797204,1.1535282805883
"ind-large","invgamma",1,"binary",51,176,7578823,15661720,1,1,1,1,0.998996599181581,0.959262405432904,1.00224092806284,0.998996599181581,1.13357706268384,0.0910061193215055,0.663199735073167,1.64690081868032,1.14078653019327,0.0174752577658597,0.937853209840354,1.36802528930696,1.08980054454359,0.0821356401946543,0.630809782164518,1.58989628131821,1.17675827672469,0.0303641381849734,0.921366541388913,1.48914485609758,0.942454392221828,0.0124818188552957,0.759934844308577,1.12914175068711,0.943575695955006,0.0124878224578903,0.760968954118281,1.13069843255628,0.945557660405153,0.00845057997217872,0.794258438926448,1.09285772914595,0.898435472313969,0.00828484136018271,0.753242298306276,1.04663911180011
"ind-large","invgamma",1,"binary",51,177,7578823,3024603,1,1,1,1,0.998996599181581,0.959262405432904,1.00224092806284,0.998996599181581,0.967883231688945,0.0677749647451025,0.548968766852242,1.41460419197681,0.975839282341134,0.0109431891042988,0.812039909103132,1.1569997939973,0.888599703287279,0.0590839600224048,0.494189220980245,1.32820451987765,0.941394502858741,0.0159684368148831,0.751224641363649,1.16405461343397,0.834929836805288,0.0110123232034426,0.664238056668612,1.0134748526647,0.835241244069423,0.0110140217489708,0.664489289687381,1.01375297242818,1.01324969717869,0.00910574015870111,0.857385986891552,1.1725291024347,1.00016297389461,0.00902999407759278,0.84842941536051,1.15645981011973
"ind-large","invgamma",1,"binary",51,178,7578823,14036322,1,1,1,1,0.998996599181581,0.959262405432904,1.00224092806284,0.998996599181581,1.08107617206814,0.141156414352903,0.491624354141417,1.7297738662941,1.08769289897535,0.018717476251948,0.878310726672958,1.32531997244046,1.0114078838456,0.107509182183578,0.483437480456284,1.56376032432242,1.14761308358388,0.0253104667834083,0.924061197715154,1.42695860017502,1.09578033086921,0.0160827897535369,0.887853129072688,1.3146491446568,1.09771655267243,0.0161048873537672,0.889807080983943,1.31732020582988,1.15331986627975,0.0121648965707713,0.975229014676337,1.33510938320839,1.07195118329206,0.0113311893545629,0.902001212308295,1.2451351790525
"ind-large","invgamma",1,"binary",51,179,7578823,14859714,1,1,1,1,0.998996599181581,0.959262405432904,1.00224092806284,0.998996599181581,1.0295214211357,0.0729813074360261,0.59595843155042,1.47992285580185,1.03709160611076,0.0120821587355976,0.861290988069584,1.22907699729894,0.985733460048589,0.0649614566022514,0.583060216313818,1.42763166104489,1.04829953577992,0.0187618409250204,0.838337344120644,1.2846181310883,1.21415911679719,0.0160169833639416,1.01316368316528,1.43081792492281,1.21473978995445,0.0160201108647802,1.01338820608557,1.43178928689797,0.857705301412367,0.00816270005936874,0.71046373126029,1.00937155018464,0.83330282336268,0.00802746491741379,0.688410885927361,0.98391823969465
"ind-large","invgamma",1,"binary",51,180,7578823,11435809,1,1,1,1,0.998996599181581,0.959262405432904,1.00224092806284,0.998996599181581,0.908404054130404,0.084928639503604,0.443475528186711,1.40280248560495,0.915321776211698,0.0124583132412156,0.737304998339913,1.10290437156433,0.957636829811042,0.0701933946891415,0.529951800953768,1.4226689128726,1.0319354649323,0.0152630235556406,0.84314861024219,1.23800732467168,1.014357098486,0.0136055083896299,0.831023612557515,1.21054475696804,1.01558621496467,0.0136165738026836,0.831897993942507,1.21225516243535,0.974843206801113,0.0088128145615861,0.823349863191456,1.12923497081099,0.923190245894946,0.00840886751970162,0.774121301246604,1.07156161333048
"ind-large","invgamma",1,"binary",51,181,7578823,6912578,1,1,1,1,0.998996599181581,0.959262405432904,1.00224092806284,0.998996599181581,1.17205549715671,0.10174687350315,0.665412895077726,1.70379948184352,1.17993285316982,0.0168551901946231,0.974960415985071,1.40328363991214,0.965465639042854,0.0789043507051751,0.512020635243551,1.43900984812792,1.05469053208355,0.0158429078628116,0.856762433683986,1.27450961188313,1.19619820034027,0.0166342212546669,0.98385570494388,1.41330271443879,1.19744260387702,0.0166477962824912,0.984985175419505,1.41451814869948,1.12081716294277,0.0120359568842568,0.945590115788872,1.30714156988731,1.06852177161828,0.0113233912523877,0.899470828038714,1.24638503719579
"ind-large","invgamma",1,"binary",51,182,7578823,15517943,1,1,1,1,0.998996599181581,0.959262405432904,1.00224092806284,0.998996599181581,0.832485612128778,0.0775871574472748,0.374988807396063,1.30752725108146,0.839022731974416,0.0106186577598341,0.674985693423349,1.00778957376276,0.943798760134949,0.0669246020814626,0.528404751394902,1.39451995847454,1.01109317172473,0.0167486364579406,0.814263966222176,1.23924393990952,1.07854824446162,0.0141933807795563,0.881654087379632,1.28218272240001,1.07957905489667,0.0142021462365829,0.882772913113839,1.28326777181443,0.860968556860424,0.00785656808152955,0.715569888230616,1.00774829941233,0.817649301096069,0.00752768390215758,0.675155127828797,0.961320560719103
"ind-large","invgamma",1,"binary",51,183,7578823,1092799,1,1,1,1,0.998996599181581,0.959262405432904,1.00224092806284,0.998996599181581,0.89148940879715,0.0779459448788127,0.451265879619074,1.35736051012576,0.897958188001598,0.0115301814082085,0.725771697233694,1.07932772219073,0.916602302680506,0.065046435210236,0.504653379455263,1.36337244536227,0.982881749722571,0.0132033664242507,0.801915368563955,1.17931661602836,1.20521903363836,0.0158304532655321,0.998637869557738,1.42037747468433,1.20688398784596,0.0158489999787519,1.00016280923411,1.42200683236301,0.998214800492823,0.00915252826338146,0.8433383299247,1.15133892332452,0.928245992744845,0.00853933725890335,0.778445965418534,1.07563569567946
"ind-large","invgamma",1,"binary",51,184,7578823,5306041,1,1,1,1,0.998996599181581,0.959262405432904,1.00224092806284,0.998996599181581,1.05297919549155,0.0776557428609386,0.607545736872989,1.52656558934072,1.05932153123366,0.0132356512276498,0.881012148234042,1.25054819131747,1.0289016123332,0.0660900940665107,0.617228710993532,1.46434390140533,1.10073786879339,0.0193120754778095,0.888191341477399,1.34859576724395,0.968241785351394,0.0131009552083204,0.784556068584992,1.15591784815319,0.969408694860255,0.0131091733103428,0.785790836794626,1.1574589434999,1.12848183747073,0.0104065982544928,0.961236032407248,1.29612324050499,1.07944309111244,0.00996507490831691,0.915546753870254,1.24571552241187
"ind-large","invgamma",1,"binary",51,185,7578823,2020300,1,1,1,1,0.998996599181581,0.959262405432904,1.00224092806284,0.998996599181581,0.876222989661178,0.0752872653529919,0.441270871172595,1.33057888895372,0.884381650043535,0.0100234808247126,0.722086978611692,1.04983977187391,0.713521281147885,0.0621801514289792,0.3175857995069,1.13935360981371,0.764051579854795,0.0108392697951346,0.602489506902961,0.938090361268832,0.891181321397815,0.0118216458711044,0.717431217422496,1.07237649547915,0.892179247029133,0.0118275671085898,0.718468676485514,1.0732270871363,1.09165349054999,0.00995862489445936,0.928409814752875,1.25897259629584,1.04971620102839,0.00953129070306926,0.889727272200089,1.21235299244903
"ind-large","invgamma",1,"binary",51,186,7578823,8510335,1,1,1,1,0.998996599181581,0.959262405432904,1.00224092806284,0.998996599181581,0.952189303860376,0.0734994966300663,0.522146765632285,1.41077262097121,0.959326495563533,0.0109848943227295,0.793518470950569,1.13401439167066,0.884150286166869,0.0613993321497702,0.478566710879434,1.31249480455533,0.942596456507115,0.0135206352668602,0.756252929702315,1.13667376752939,1.15437916426539,0.0156863517174612,0.951887320532765,1.36741164267144,1.15524692703744,0.0156943737829856,0.953096674866363,1.36828365327307,0.971094805538739,0.00913236116534425,0.818467278674579,1.13162163895735,0.934627540378505,0.00874101111970801,0.78483099056075,1.09096981650977
"ind-large","invgamma",1,"binary",51,187,7578823,12516717,1,1,1,1,0.998996599181581,0.959262405432904,1.00224092806284,0.998996599181581,0.80815073760273,0.0537974196066552,0.440042394269081,1.20514327272537,0.814941176537475,0.00829820046664342,0.667310618386258,0.967157115458928,0.79576719199748,0.0460806127407956,0.441976375646834,1.15572343604374,0.83401638642586,0.00947307318940873,0.681487887459016,0.998589257686014,0.844596409129074,0.0108718666651965,0.669233158243295,1.01729306875013,0.845158667370365,0.0108758264855924,0.669988655287588,1.01712501251108,0.908876148604212,0.0073401633551146,0.768602536831847,1.04935906104388,0.885247547523155,0.00713815047532852,0.748753405161597,1.02442879366538
"ind-large","invgamma",1,"binary",51,188,7578823,13412400,1,1,1,1,0.998996599181581,0.959262405432904,1.00224092806284,0.998996599181581,0.960166578445162,0.0505403883841524,0.599619732245077,1.34249931582275,0.967643506927466,0.0098513426968402,0.810955504415402,1.14034576888638,0.862382966806991,0.0455781923743564,0.525271184047351,1.23049251399486,0.899329713108186,0.0132323185889274,0.725046432704021,1.09373307653189,0.960481519471179,0.0125503841791103,0.786440179223071,1.15274691850256,0.960880296379598,0.0125502537213416,0.786374513868838,1.15287202353469,0.919026939324958,0.00774255054768251,0.774107328075291,1.0648617972411,0.902268553591502,0.00765570579527637,0.75770955793848,1.04668735755127
"ind-large","invgamma",1,"binary",51,189,7578823,10276494,1,1,1,1,0.998996599181581,0.959262405432904,1.00224092806284,0.998996599181581,1.08826579274706,0.0891242727064608,0.611834179750908,1.60423736098281,1.09732908831678,0.0147076152204454,0.908722098333939,1.29672440289115,0.927639841609693,0.0740328080460357,0.492852861384772,1.38623974896623,1.00130967502936,0.0195742101802976,0.788057733497745,1.2421329014236,0.93143705248617,0.0125695326930644,0.748074368328112,1.11710350951183,0.932104885577421,0.0125731731332086,0.748211094794786,1.11781434620645,0.956067818203625,0.00871479546743753,0.802971160572667,1.11566958832704,0.928002490667207,0.00842010994833085,0.775333021121166,1.08702158363495
"ind-large","invgamma",1,"binary",51,190,7578823,5702884,1,1,1,1,0.998996599181581,0.959262405432904,1.00224092806284,0.998996599181581,0.944833435665035,0.0788292833600462,0.494129650443341,1.44244771545076,0.951960321992211,0.0126841872811838,0.774664762527854,1.14365902162989,1.00505972285589,0.0693142597925289,0.581785647242366,1.46292484368681,1.0747588592692,0.0188692308945456,0.867582627145884,1.32139695955113,1.21572204878513,0.0156376858630569,1.01217033698322,1.42978321954705,1.21634505334552,0.0156437887784447,1.01252669368486,1.43071365963432,0.902964660770505,0.00844736022811787,0.753494471547872,1.05323392612623,0.876783228204431,0.00814657893535024,0.727620915600905,1.027712371904
"ind-large","invgamma",1,"binary",51,191,7578823,2527717,1,1,1,1,0.998996599181581,0.959262405432904,1.00224092806284,0.998996599181581,1.05837737241574,0.0935861754775401,0.565296667848651,1.58299819015692,1.06622833248982,0.0150510468280185,0.8719208300811,1.27347746251656,0.957584635276335,0.0766253007164806,0.50247290019497,1.43308335171664,1.03915256742771,0.0184513112460483,0.831938647224077,1.27138024010571,0.959777948203828,0.0134849629820255,0.771122193632359,1.15465729509538,0.960818971303611,0.0134948927267082,0.771858256204197,1.15615288364684,0.995878332298488,0.00933216208029717,0.83818985866911,1.15769701619474,0.95212989477546,0.00889338985034687,0.799193092909869,1.10947298608684
"ind-large","invgamma",1,"binary",51,192,7578823,15702752,1,1,1,1,0.998996599181581,0.959262405432904,1.00224092806284,0.998996599181581,1.18033583909621,0.109363489196752,0.660921488757248,1.75759259769887,1.18770924852746,0.0201806118814936,0.969497084541087,1.4361456128102,1.15800944245062,0.0974106953007876,0.67048721068643,1.69498712654808,1.26976751891009,0.0373036350464262,0.983033157310096,1.61430786889825,0.914291987697766,0.0126441766927832,0.728638601704765,1.10164928397306,0.915382373015086,0.0126481896176624,0.730072424744232,1.10272288791821,1.15168330149539,0.0116022797937725,0.979586964746548,1.33398699529856,1.10586044325072,0.0113591108780943,0.934644640992757,1.28351796964799
"ind-large","invgamma",1,"binary",51,193,7578823,51970,1,1,1,1,0.998996599181581,0.959262405432904,1.00224092806284,0.998996599181581,1.07450600466984,0.100278449818051,0.560374676784721,1.59840580798539,1.082456819815,0.0160823466022167,0.882455977473743,1.30356378708229,1.02120346545482,0.084527036476115,0.551781666357867,1.53443362837202,1.11602276996012,0.0215228984662569,0.885735962432745,1.36620450605787,1.09037221459827,0.0155451876240997,0.886391350171375,1.29697921510425,1.09147324352092,0.0155538601044776,0.887174488790278,1.29865473912234,1.16687245648803,0.0115527603276533,0.990128664605006,1.33509561046989,1.120602306437,0.011170828699558,0.949685089341658,1.29101146931619
"ind-large","invgamma",1,"binary",51,194,7578823,4370491,1,1,1,1,0.998996599181581,0.959262405432904,1.00224092806284,0.998996599181581,0.957949005797531,0.0725689198795594,0.521840302671261,1.41722176623271,0.965903386161541,0.0115813585270723,0.798903769872566,1.15043637788582,0.907513142351091,0.0637107427370677,0.502876208421726,1.3438088030512,0.966935666635034,0.0166311174960164,0.769087709401335,1.18822290763483,0.885382330819474,0.0116657117137435,0.707124033962108,1.07043837539018,0.88622077192073,0.0116698917178247,0.707867450775214,1.07141298332779,0.902847580072064,0.00765612819391204,0.762113788435242,1.04847397549405,0.867612542403196,0.00754802694756512,0.72790840290395,1.01305660492876
"ind-large","invgamma",1,"binary",51,195,7578823,4718359,1,1,1,1,0.998996599181581,0.959262405432904,1.00224092806284,0.998996599181581,1.24598017879627,0.114444205700361,0.70762255618849,1.82818738235018,1.2535486939837,0.0212031862504903,1.0215306808737,1.50865591994113,1.16316478800878,0.0973949627400538,0.668964171947467,1.69205504022974,1.28189780728797,0.0358379424140672,1.00086343776116,1.61040276768008,1.17243594238229,0.0176190975624373,0.95672059840948,1.39560509528532,1.17330255661223,0.0176242229275152,0.95733030136621,1.39688403987892,1.17684261425974,0.0127300014263776,0.992524338651176,1.36215998477007,1.14042361596586,0.0125315841731872,0.962481570632727,1.32520847732411
"ind-large","invgamma",1,"binary",51,196,7578823,7395776,1,1,1,1,0.998996599181581,0.959262405432904,1.00224092806284,0.998996599181581,1.15450720464232,0.107015728762526,0.629971706466907,1.71346468342867,1.16307220099633,0.0164523290301266,0.964370514345811,1.38061274103905,0.977262297980284,0.0887834847899013,0.489361849528502,1.48793783774523,1.07169548916264,0.0239790607091932,0.840400127705591,1.34560357467,1.03115711871065,0.0149041697213446,0.83171990639826,1.23680701483343,1.03217563740804,0.0149120725209572,0.833013967397548,1.23776397522222,1.07641166839946,0.0109647373490927,0.904378720803853,1.25264233392905,1.03360896631913,0.0107098880366139,0.866212585802111,1.20796433149136
"ind-large","invgamma",1,"binary",51,197,7578823,10665846,1,1,1,1,0.998996599181581,0.959262405432904,1.00224092806284,0.998996599181581,1.01212410695991,0.0759338840741267,0.568336740809946,1.47910746956417,1.01987655293,0.0132663401231545,0.839792161575353,1.20950418941809,1.07125014444745,0.0707371306320107,0.639507348336853,1.53448115573828,1.14338158983323,0.0250979380784201,0.901858639169371,1.42167944135355,0.971979291078407,0.0118332521952774,0.788380295751111,1.15157472996654,0.972580696423139,0.0118357636643722,0.78898412932918,1.15223900589427,0.89667827225049,0.00812086135070634,0.749250050185234,1.04512739962139,0.871404535139849,0.00803494228907737,0.725830105521329,1.01869544686867
"ind-large","invgamma",1,"binary",51,198,7578823,6914721,1,1,1,1,0.998996599181581,0.959262405432904,1.00224092806284,0.998996599181581,1.17681279615068,0.115933844222968,0.638458730153811,1.77297453083071,1.18366977854145,0.0190891292367365,0.969969322953703,1.42478518951806,1.11886129215967,0.094390011817457,0.630440703311626,1.64710903037964,1.23490863146283,0.027174457343962,0.992233002234469,1.52320200376684,1.25771662845995,0.0191377479021255,1.03512578457265,1.49055801133234,1.25883683810525,0.019151889688774,1.03616263272155,1.49249236529416,1.10189197138683,0.0112426096951763,0.930663047058785,1.27573635847676,1.05481576175207,0.0107574852280961,0.888332728859611,1.22640151781288
"ind-large","invgamma",1,"binary",51,199,7578823,46643,1,1,1,1,0.998996599181581,0.959262405432904,1.00224092806284,0.998996599181581,0.968728648673717,0.0874205532092018,0.493022657625104,1.46664684573187,0.975574428707492,0.0145525291702022,0.787676483768241,1.18759158708395,1.05361516484121,0.0816022470551596,0.600175440678524,1.54823823390537,1.13746512407793,0.0284485724416446,0.891260941615989,1.43454754687784,0.955297821835439,0.0132030127240093,0.766736120152769,1.14182345626955,0.95643965675101,0.0132110373359457,0.767344496450491,1.14312337585609,0.907410545278406,0.00841493726565158,0.751365252713368,1.05633226944266,0.859425545256958,0.00818656059738125,0.710381130434759,1.00842749372824
"ind-large","invgamma",1,"binary",51,200,7578823,9075976,1,1,1,1,0.998996599181581,0.959262405432904,1.00224092806284,0.998996599181581,0.990630088601583,0.0800256795684189,0.541784971954612,1.47766684697745,0.998749397467083,0.012252262712715,0.828498300529921,1.18603350737967,0.885000131068976,0.0687777277046394,0.469622893645776,1.34867775652965,0.948405220997487,0.0176444481558619,0.746459410621631,1.18249481733175,0.860785432675791,0.011534784882612,0.681458509797094,1.03694213995228,0.861221922211842,0.0115359256320995,0.681454898068316,1.03749879488092,1.02253421808128,0.0088698562066131,0.868679679159231,1.17739168122658,1.00419097939487,0.0087602365008868,0.849049049201827,1.15963600146857
