"excessvar","re.type","num.re","response","run","rep","design.seed","error.seed","beta_int_true","beta_row_true","beta_col_true","beta_dyad_true","delta_int_true","delta_row_true","delta_col_true","delta_dyad_true","beta_int_mean","beta_int_var","beta_int_5q","beta_int_95q","delta_int_mean","delta_int_var","delta_int_5q","delta_int_95q","beta_row_mean","beta_row_var","beta_row_5q","beta_row_95q","delta_row_mean","delta_row_var","delta_row_5q","delta_row_95q","beta_col_mean","beta_col_var","beta_col_5q","beta_col_95q","delta_col_mean","delta_col_var","delta_col_5q","delta_col_95q","beta_dyad_mean","beta_dyad_var","beta_dyad_5q","beta_dyad_95q","delta_dyad_mean","delta_dyad_var","delta_dyad_5q","delta_dyad_95q"
"ind-large","halfcauchy",2,"continuous",10,1,14599463,4316757,1,1,1,1,1.00012849080639,1.01146014423559,0.998940675567722,1.00012849080639,1.0197125708053,0.10895136698732,0.486284783310439,1.55306994046695,1.01651468092765,0.00151714244511539,0.951477200908276,1.07728183400718,0.949418114506407,0.0991215343704614,0.441832704325132,1.45607401023612,0.956482034509869,0.00265383959758532,0.872813432107445,1.04117520066,1.0061573700177,0.039413112556148,0.678777061093657,1.33627522180127,1.01474683923943,0.00123292087083298,0.957152819065825,1.07142474218318,0.989445467038978,0.00164176333060853,0.924749542726581,1.05648196609227,1.00651702339234,0.00155363052591793,0.940601559421897,1.07068357328813
"ind-large","halfcauchy",2,"continuous",10,2,14599463,2564560,1,1,1,1,1.00012849080639,1.01146014423559,0.998940675567722,1.00012849080639,1.05105490169864,0.0950602719655174,0.539367527695101,1.55287187617018,1.04801169741617,0.00141428386965073,0.984828907972776,1.10690478580143,1.03853875927927,0.0814174547636749,0.572796609857335,1.50039499805313,1.04534833277569,0.00259445056150013,0.96129704193134,1.12921276884229,1.06277157406698,0.0364702496146129,0.750392307614262,1.37966166271432,1.07162711730455,0.00119403752296559,1.01384786718847,1.12729892847423,0.999370965112566,0.00154990318832342,0.936229177782081,1.06323456093109,1.01465337478631,0.00145824147213172,0.950410113675279,1.07634204223395
"ind-large","halfcauchy",2,"continuous",10,3,14599463,3466166,1,1,1,1,1.00012849080639,1.01146014423559,0.998940675567722,1.00012849080639,0.972798640488188,0.104117733696192,0.436860822809335,1.49402058570002,0.970629682890091,0.00140607113509109,0.908376852639469,1.03147632974225,1.01589137226363,0.0946829921561557,0.513692779526125,1.51741471893012,1.02338208972516,0.00248805599500129,0.940685485791711,1.10638761908039,0.943007143279376,0.0379376730562633,0.623693428118881,1.26823038730507,0.951010045378292,0.00118327155312744,0.893155120081625,1.00602688298182,0.95435170354078,0.00153978419905542,0.891254810141159,1.01866129495572,0.969179129751919,0.00146076704845933,0.905872211832797,1.03096884121836
"ind-large","halfcauchy",2,"continuous",10,4,14599463,13326100,1,1,1,1,1.00012849080639,1.01146014423559,0.998940675567722,1.00012849080639,1.03992545526082,0.0942579199069331,0.528284959708179,1.5445633652533,1.03754874118529,0.00134883010634517,0.975812379288373,1.0964112356494,0.992440543731642,0.0834865786452033,0.523972665912657,1.45358782192374,1.0020308369408,0.00253477564141608,0.918903723784573,1.0839689455986,0.994996901905322,0.034830466598674,0.691832954334189,1.31083245836891,1.00525935767212,0.00115670788894589,0.948308603685723,1.05975446130516,1.01911879799552,0.00152342943617881,0.956181690746601,1.08315595976586,1.02306213144521,0.00145059741239004,0.959670260965558,1.08489502510146
"ind-large","halfcauchy",2,"continuous",10,5,14599463,1444467,1,1,1,1,1.00012849080639,1.01146014423559,0.998940675567722,1.00012849080639,1.03453732853703,0.0927557944160644,0.528788381757517,1.52551494811391,1.03048614834833,0.00159690937759045,0.964385408556243,1.09437907993837,0.905668823710854,0.0903991791234593,0.410984188123346,1.38325384991669,0.911961497670148,0.00292900689396529,0.823633976117076,1.00107295372185,0.940780985531648,0.0303055796288264,0.661404595532737,1.230666151926,0.945417754740085,0.00134972746319892,0.883529959799174,1.00604518539287,1.05775216427176,0.00176549699753413,0.990338681441144,1.12669324173615,1.07446970242603,0.00167056357955842,1.0067630414167,1.14096454899002
"ind-large","halfcauchy",2,"continuous",10,6,14599463,11955318,1,1,1,1,1.00012849080639,1.01146014423559,0.998940675567722,1.00012849080639,0.960744527369157,0.103655800369062,0.437467925514443,1.48477837352578,0.958165896429385,0.00138865044665119,0.896783695433411,1.0185048939902,0.969160043876539,0.0907892605637339,0.476931519883665,1.45425168823774,0.974753351920479,0.0023663014728712,0.893508601421291,1.05618504434906,1.01703206888453,0.039930243588711,0.687405921793275,1.34411485155599,1.02516076571762,0.0011516225171738,0.968705370577922,1.08039822885977,1.01442152549946,0.00147447622842764,0.952978551998563,1.07801493520291,1.03482410956213,0.00140136250499783,0.972758767997096,1.09534634560353
"ind-large","halfcauchy",2,"continuous",10,7,14599463,11853495,1,1,1,1,1.00012849080639,1.01146014423559,0.998940675567722,1.00012849080639,1.00165897279757,0.0941000154126262,0.496021037220486,1.49781064692609,0.999006308075934,0.00145275431876772,0.936421952436232,1.05849166515244,0.910059828812608,0.0891281656119496,0.417523596353331,1.38944137795126,0.918808080393412,0.00262541940306298,0.834319657132661,1.00455061609226,0.998001155362171,0.0318488725718832,0.707323827935611,1.2918777088933,1.0051086971383,0.00121099844956995,0.945783787853478,1.06189654093713,1.04298830042223,0.00161441786275143,0.978505409670374,1.10939193688831,1.04287774360571,0.00152426876691382,0.978889984034703,1.10636918996906
"ind-large","halfcauchy",2,"continuous",10,8,14599463,5936820,1,1,1,1,1.00012849080639,1.01146014423559,0.998940675567722,1.00012849080639,0.995855510585604,0.103800725398177,0.472461508168166,1.52710518787714,0.991880140587481,0.00160610929815956,0.924434693749689,1.05640599526368,1.03673404035314,0.0973341061446391,0.521573995558152,1.53747420930583,1.0437624525781,0.00273625342220872,0.958359324199767,1.13058371410068,0.986687388314022,0.0366058939816631,0.675449960995912,1.30338480367566,0.99427016345081,0.00125943844340014,0.933864318627555,1.05146991181022,1.00499527207723,0.0016957807387521,0.938852742980764,1.07327814094079,1.01707860553626,0.00159664876843651,0.951681096792611,1.08218400875327
"ind-large","halfcauchy",2,"continuous",10,9,14599463,3074206,1,1,1,1,1.00012849080639,1.01146014423559,0.998940675567722,1.00012849080639,1.01459005949573,0.104504731094886,0.491344174523765,1.53927017715636,1.0115369254923,0.00153751462189707,0.945201837534759,1.07408361890639,0.985388285240907,0.0887666444204879,0.498524003748443,1.47082616312145,0.992256503074057,0.00258992269597143,0.908540559639128,1.07706502611543,1.023016196707,0.0402164733211597,0.693147681006726,1.35013998191858,1.03263076097223,0.00127326564740168,0.973131859645201,1.0903630390982,0.987582860829831,0.00165479640672832,0.922081398786403,1.05412841666886,0.987844190344676,0.00156391945630003,0.921654203569808,1.05182780349852
"ind-large","halfcauchy",2,"continuous",10,10,14599463,6719759,1,1,1,1,1.00012849080639,1.01146014423559,0.998940675567722,1.00012849080639,0.96758903036477,0.103698528856805,0.436050032349747,1.4876128213118,0.962919746623142,0.00144269059182197,0.900326260799811,1.02442100559525,1.01127997255436,0.0943225005501075,0.505732602878622,1.50638279453292,1.01659332861837,0.00249304254099931,0.933833455730432,1.09844346642163,0.999325341786209,0.0380577673701591,0.680928258609215,1.31923745073462,1.0060585302679,0.00118639932386139,0.948303594255163,1.06170588358792,0.995994269921647,0.00152716622479341,0.933226872869551,1.06059105084994,1.02572836890515,0.00143266515309272,0.96355778643871,1.08690882947586
"ind-large","halfcauchy",2,"continuous",10,11,14599463,11175241,1,1,1,1,1.00012849080639,1.01146014423559,0.998940675567722,1.00012849080639,0.996811530728562,0.0870655363340893,0.502466391910179,1.47886795552369,0.994547715866475,0.00139534322315834,0.933690531433082,1.05537314452005,0.980588265058495,0.0700415796214475,0.556870004612417,1.40651016774789,0.988632782759135,0.00251852931469838,0.905723609581489,1.07092566590891,0.969940773727811,0.0358793188441893,0.664195075787437,1.27879128652915,0.977937852232559,0.00114171724431367,0.921990631711752,1.03179996184939,0.978769680615322,0.00150195703198813,0.916489349654686,1.0425761649036,0.986163025396651,0.00143325826910242,0.923578275801321,1.04741628246293
"ind-large","halfcauchy",2,"continuous",10,12,14599463,6493029,1,1,1,1,1.00012849080639,1.01146014423559,0.998940675567722,1.00012849080639,1.02318715689989,0.0982546665518395,0.510047091661684,1.52676508963344,1.01805281346793,0.00136245609387245,0.955636463487771,1.07545677495774,0.970842526935581,0.0993977287840364,0.452782205686312,1.48842590805126,0.979390580447458,0.00240998627823426,0.899442795820299,1.06028789093514,0.982120603045509,0.0297796854937893,0.70175306217978,1.2651046041792,0.989781727812081,0.00111733564699874,0.932097159964975,1.04428789086397,1.03414288340346,0.00147345461620906,0.972541559819265,1.09773602464716,1.03062751093562,0.00139475057858516,0.968089506557614,1.09134186837976
"ind-large","halfcauchy",2,"continuous",10,13,14599463,9410268,1,1,1,1,1.00012849080639,1.01146014423559,0.998940675567722,1.00012849080639,0.967246745242422,0.103117866581651,0.452100545226237,1.49107084430736,0.964233821315753,0.00135496467824525,0.903326670945117,1.02343086827308,1.06795353599414,0.090357075792956,0.578333236427632,1.54898485381474,1.07755368469716,0.00248780940449222,0.994322727561102,1.1601650939171,0.972392591425064,0.0389404563043423,0.651093442019748,1.29388029218398,0.982175237796354,0.00120673749392475,0.924829528382926,1.0392456096326,0.954987041675184,0.00152248448497609,0.892372233956049,1.01981694829012,0.951875334365148,0.00144713850998858,0.888511637746625,1.01290009944851
"ind-large","halfcauchy",2,"continuous",10,14,14599463,13743216,1,1,1,1,1.00012849080639,1.01146014423559,0.998940675567722,1.00012849080639,0.977771442741742,0.0987453012133213,0.461733543114477,1.48345878623752,0.974176798883941,0.00135148666486343,0.911950040221525,1.03213358560495,1.01531308352578,0.0934275186278636,0.513160885207523,1.50424440102203,1.02363285765261,0.00241350735376522,0.94238387061678,1.10557424943031,0.898124851580592,0.0335599009355384,0.598116907437326,1.20560648184914,0.904237852207371,0.00109951484916486,0.848738641897376,0.958310521022102,1.021350716799,0.0014610380754569,0.9602342332504,1.08412885408713,1.04851664242393,0.00137686942724678,0.987062612769481,1.10868458893165
"ind-large","halfcauchy",2,"continuous",10,15,14599463,10290089,1,1,1,1,1.00012849080639,1.01146014423559,0.998940675567722,1.00012849080639,1.08191526018586,0.104187368167277,0.555198626634665,1.60269444091077,1.07820054489363,0.00158181882554544,1.01020928352832,1.14210902437192,0.983570670884067,0.0954681161033333,0.48572262151625,1.48764746315643,0.989006045520966,0.00271208612769979,0.904814591648973,1.07468958956548,1.10498601578145,0.0377459854481148,0.785228745541214,1.43115397524769,1.11210620460516,0.00125571705276555,1.05324166343992,1.16942295046807,1.04178485173711,0.0016627959998406,0.97638383237289,1.10898383314358,1.06782558486082,0.00156099501961623,1.00130321801621,1.13167031636726
"ind-large","halfcauchy",2,"continuous",10,16,14599463,3371662,1,1,1,1,1.00012849080639,1.01146014423559,0.998940675567722,1.00012849080639,1.00556411408014,0.102558959612408,0.483206172918937,1.51675824915203,1.00142107267358,0.0013308464438505,0.939287041690414,1.05715026123782,0.972610978223737,0.1005011854496,0.446267899356575,1.48128447908926,0.980893069039092,0.00240830001307969,0.900099159730769,1.06178945849365,0.950358479357264,0.0342316226074287,0.649516024064168,1.25452882125277,0.956963071587661,0.00114943735255645,0.900688446750031,1.01188358719597,0.932212277524531,0.00147582872528903,0.870470862978688,0.995615829554761,0.956094252556144,0.00140516876187937,0.894488652202313,1.01666281470612
"ind-large","halfcauchy",2,"continuous",10,17,14599463,3725734,1,1,1,1,1.00012849080639,1.01146014423559,0.998940675567722,1.00012849080639,1.00093275803624,0.101572708869289,0.476969909590592,1.52593427801042,0.998666305619634,0.00133207919010166,0.936712163426818,1.05624606219653,0.965013539502338,0.0930365706359511,0.463707523765342,1.45166902715426,0.972994929162674,0.00228072579563634,0.893999668226356,1.0508402605835,1.0043638147727,0.035680163206076,0.698050616783586,1.31709427647185,1.01165468236364,0.00108073364322228,0.957292842163899,1.0646204380711,0.986742448704601,0.00139803057591079,0.926854965395733,1.04803593240636,0.994564769206208,0.00132465345510299,0.934126974222084,1.05368154329158
"ind-large","halfcauchy",2,"continuous",10,18,14599463,7316273,1,1,1,1,1.00012849080639,1.01146014423559,0.998940675567722,1.00012849080639,1.01438013196188,0.0995785753993221,0.495082597618507,1.52274468020956,1.01209357967756,0.00141242659995824,0.949253574727603,1.07006562754918,0.990356578977101,0.0895946262559264,0.502118676156918,1.46622140568385,0.995055338622005,0.00250112767395015,0.912985936923638,1.07777442207402,0.959751444636639,0.0360588566097111,0.653170488971734,1.27546297496908,0.965805371458866,0.00119709155414685,0.908743423225809,1.02183773537903,1.04464608461765,0.00153665266415326,0.981987962913732,1.10959735015792,1.08463150695296,0.00146038740534759,1.02119999539813,1.14638197702935
"ind-large","halfcauchy",2,"continuous",10,19,14599463,6813499,1,1,1,1,1.00012849080639,1.01146014423559,0.998940675567722,1.00012849080639,1.00539586867169,0.0991579864931011,0.488087336602039,1.52244363048244,1.00252247614481,0.00146127278691362,0.937945732207692,1.06426875728619,0.976180388401217,0.0889981427202719,0.487811379467105,1.45802823904498,0.980249366265681,0.0025619795585182,0.897557227080889,1.06412998360204,0.983379722713612,0.0363637487306775,0.671502563472656,1.30474511492074,0.990861019873691,0.00117612169228528,0.933517230850755,1.04655576506245,0.933449820294719,0.00157535662719855,0.86971521450384,0.998896672984543,0.957591563017855,0.00149241050392715,0.893158916632691,1.02018899954841
"ind-large","halfcauchy",2,"continuous",10,20,14599463,3335772,1,1,1,1,1.00012849080639,1.01146014423559,0.998940675567722,1.00012849080639,1.00104653531504,0.0976132685279355,0.485590899682961,1.50525360693362,0.99812870643211,0.00140660573417013,0.936153027062357,1.05722487665192,0.906494127632047,0.0910549119951902,0.40693902224362,1.38920509807609,0.91260070670496,0.00245005746370585,0.830832000052744,0.994996345229414,0.981132131726436,0.0338712391492205,0.68156698450047,1.28229931029466,0.988340847595266,0.00119135759020122,0.93136776362691,1.04322401732081,0.972428344512114,0.00153944296367391,0.909643008796151,1.03729280697899,0.983773411198022,0.00146023409279626,0.920148704897514,1.04553687361864
"ind-large","halfcauchy",2,"continuous",10,21,14599463,11407747,1,1,1,1,1.00012849080639,1.01146014423559,0.998940675567722,1.00012849080639,1.02021994250444,0.108567112080002,0.482947516781076,1.55369447116648,1.01699167043802,0.00143530769662014,0.953867598286678,1.07767604537509,1.10669996341562,0.0975603590514722,0.591950783955251,1.61224743016108,1.11555438388012,0.00252517132449492,1.0317287227889,1.19828540544899,0.964588272778722,0.0397938649976083,0.638309104778914,1.29179464595468,0.973509990326842,0.00123653700437709,0.915208386008863,1.02983985977784,0.972393257873541,0.00157606295511402,0.908402621913302,1.03795626371353,0.979711685647093,0.00148972425065742,0.915476235153464,1.04271204124787
"ind-large","halfcauchy",2,"continuous",10,22,14599463,9637484,1,1,1,1,1.00012849080639,1.01146014423559,0.998940675567722,1.00012849080639,1.00036744316383,0.0911104880036078,0.503521398113844,1.48669854745149,0.996734463159263,0.00132940102068011,0.936303779976923,1.05319843145995,1.0127275744022,0.0868711513954598,0.529527447275579,1.48528613316612,1.01973764382685,0.00243239304424251,0.93913352278906,1.10272687584466,1.02519180407193,0.0303927259128471,0.750479565283946,1.30647575009548,1.03241661351291,0.00107679945379689,0.976365255125692,1.08531088006466,1.01535042664229,0.00147400722581683,0.953505844843826,1.07841692987314,1.03161634212189,0.00139762649753732,0.968709422474774,1.09195971380759
"ind-large","halfcauchy",2,"continuous",10,23,14599463,611491,1,1,1,1,1.00012849080639,1.01146014423559,0.998940675567722,1.00012849080639,1.01225409371363,0.106887654542284,0.481180926394725,1.5416510440844,1.00835347412697,0.00145206095437487,0.944130480417699,1.06982994913964,1.00795066620078,0.0959784624843179,0.495243800910395,1.50994846675403,1.01728693068625,0.00250197337308968,0.934327422374592,1.09889105881934,1.02429674823737,0.0394201467548206,0.698828237551215,1.34538611641298,1.035507607544,0.00116391670225201,0.978194264362194,1.08976492299084,0.985001543949872,0.00152756360862528,0.921881080555095,1.04917692189322,0.971481442256324,0.00144721626284847,0.907751558940145,1.03320647918999
"ind-large","halfcauchy",2,"continuous",10,24,14599463,12046894,1,1,1,1,1.00012849080639,1.01146014423559,0.998940675567722,1.00012849080639,0.973010941450327,0.0905658389097336,0.47271695199582,1.46391406369989,0.969754160144434,0.00126278019699138,0.909773655720089,1.02639495258133,1.07998393587547,0.0828008077235898,0.611402269577726,1.54642415669876,1.08801128241963,0.00231817104139249,1.00924199015733,1.16850289473283,1.00517125689264,0.0330192993676237,0.70599610976953,1.30325148814265,1.01290910265767,0.00110075404386922,0.95753951834049,1.06613256555123,1.08172926447693,0.00141112428851235,1.0215346004993,1.14404540109981,1.09388188001549,0.00134409748979937,1.03231803206571,1.15306478285148
"ind-large","halfcauchy",2,"continuous",10,25,14599463,9764761,1,1,1,1,1.00012849080639,1.01146014423559,0.998940675567722,1.00012849080639,0.974849726072934,0.103400636775617,0.460820690929414,1.49274535180345,0.96981558508546,0.00136144575705234,0.907827475688962,1.02801002320802,0.976042212811325,0.0937924925540087,0.470736705674739,1.47389865819591,0.983133738751662,0.00235287714713082,0.902415399166847,1.06451975312616,1.00818464958398,0.0372044385039156,0.697518662698617,1.33043324528941,1.0168838057588,0.00112028695461381,0.960185799648115,1.06983683180309,1.00059504184969,0.00147415155892555,0.93897280417912,1.06396869216636,1.01941540842522,0.00138880172037621,0.958376855992588,1.07963285496356
"ind-large","halfcauchy",2,"continuous",10,26,14599463,1653172,1,1,1,1,1.00012849080639,1.01146014423559,0.998940675567722,1.00012849080639,1.00507226274019,0.100852484965574,0.48035907800383,1.53325019702196,1.00228657826021,0.00146649527058662,0.938991477560076,1.06422526957879,0.939090974254052,0.0931353330968667,0.439574648435631,1.43307038587696,0.947149757212498,0.00261174412077412,0.863015590384578,1.03326850540434,0.945628584536041,0.0355551908097112,0.634937343667389,1.26084383387834,0.9544492210493,0.00121994515015336,0.895855512690193,1.01065395897877,1.07271673959982,0.00161298505004562,1.00796425079429,1.13920105444311,1.08008391423057,0.00152884360210876,1.01488475429341,1.14324990122638
"ind-large","halfcauchy",2,"continuous",10,27,14599463,4084761,1,1,1,1,1.00012849080639,1.01146014423559,0.998940675567722,1.00012849080639,0.989429579290963,0.0962993115853162,0.485993083633026,1.48734945665148,0.986453345916281,0.00141073724186503,0.924842507478827,1.04667457910024,1.0020484544013,0.0919320918706861,0.501102005538043,1.48792102835528,1.00953693179328,0.00256398715764758,0.926096488679165,1.0945131564619,1.01520073858118,0.0333293671030285,0.718932927366439,1.31891262223756,1.02192964913239,0.00118542095578642,0.965646833496796,1.0770809963395,0.966183169069544,0.00154912654900363,0.903220020234289,1.03112585812204,0.988033977099674,0.00148132316166707,0.924542226366806,1.05031375841119
"ind-large","halfcauchy",2,"continuous",10,28,14599463,6275789,1,1,1,1,1.00012849080639,1.01146014423559,0.998940675567722,1.00012849080639,1.07982985708702,0.0920369991661764,0.570381647981582,1.5734959877092,1.07752193470985,0.00153663189751684,1.01267850175237,1.14100626604884,0.961145909057218,0.0874182655363583,0.466976680515235,1.4496548595168,0.968422740707932,0.00278880590927692,0.881878299123961,1.05661759524579,0.993939063700474,0.0315104135360498,0.705117796394203,1.29022553739982,1.00032346367713,0.00126014658765594,0.940693691476622,1.05816097458376,1.01389067121336,0.0016778573491441,0.94816217086021,1.08128893860972,1.02753412424113,0.00157883617932956,0.962097895777066,1.09252605461789
"ind-large","halfcauchy",2,"continuous",10,29,14599463,314582,1,1,1,1,1.00012849080639,1.01146014423559,0.998940675567722,1.00012849080639,1.01098870975596,0.0921521642941553,0.508178108683353,1.50574283728552,1.00768026837577,0.00121489449698161,0.949951743243945,1.06420782764058,0.988735186684215,0.081536987602525,0.525585463817008,1.44768665604872,0.998187390604542,0.00233004912574557,0.918024885588793,1.07857836509253,0.908753112185768,0.0342835564349123,0.611955309226653,1.21961031071244,0.917353853197731,0.00111087605519728,0.861305245770228,0.971442307871132,0.992831212807577,0.00140869835043807,0.932152261632617,1.05488848727612,0.984672999203472,0.00134191971947908,0.923062338331578,1.04394215487603
"ind-large","halfcauchy",2,"continuous",10,30,14599463,7926030,1,1,1,1,1.00012849080639,1.01146014423559,0.998940675567722,1.00012849080639,1.09461294923029,0.109937332494414,0.547569920046574,1.62404684410373,1.09055301244287,0.00141349579648544,1.0273388843608,1.15023343634545,0.93171329614869,0.109097037927045,0.393184909171167,1.46358976099345,0.942662055416379,0.00245740798547505,0.86124754753073,1.02348650932349,1.01192338866232,0.0350387678413983,0.704878118210273,1.32401166481316,1.02014063769807,0.00113891829617421,0.963818462339636,1.07491502243217,0.995696282677044,0.00149952564541867,0.933530061297991,1.05904034688488,0.991930618402359,0.00142343163507091,0.928730373926396,1.0526188333258
"ind-large","halfcauchy",2,"continuous",10,31,14599463,8294436,1,1,1,1,1.00012849080639,1.01146014423559,0.998940675567722,1.00012849080639,1.11098106097605,0.0998849715312981,0.5931589165551,1.62904679509982,1.1073868286845,0.00147541235923821,1.04267323705465,1.16788683352104,1.04832900199338,0.0959762196362245,0.529992251313545,1.5474927656653,1.05561773259201,0.00255963781512648,0.971216195275654,1.13908758896815,1.0571618629434,0.0347946978730084,0.751139019969622,1.36353773519797,1.06508488971031,0.00122498542016031,1.00779266077878,1.12282766338795,1.00627548890173,0.00159470461484096,0.942090356151911,1.07188553840278,1.01827113324554,0.00150920268504419,0.95340691539536,1.08128169856273
"ind-large","halfcauchy",2,"continuous",10,32,14599463,2911332,1,1,1,1,1.00012849080639,1.01146014423559,0.998940675567722,1.00012849080639,0.945756631687562,0.103880485170113,0.414045477618907,1.46624297677681,0.941579325205944,0.00137295934559471,0.879275865682603,1.00102999353705,0.926215365533597,0.104538364602591,0.397483435213096,1.45380900765453,0.935660068508545,0.00245011323403728,0.854860451537593,1.01618565117308,0.996972421815848,0.0320621379505585,0.703328040650827,1.29825066174297,1.00384820310214,0.0011268820096593,0.94794936550618,1.05831293082581,0.978677642264765,0.00149215382240389,0.916662788345335,1.04227463772995,0.990479268608122,0.00142601965581895,0.927952366215766,1.05147780493206
"ind-large","halfcauchy",2,"continuous",10,33,14599463,7866694,1,1,1,1,1.00012849080639,1.01146014423559,0.998940675567722,1.00012849080639,1.02508991017317,0.100057911614392,0.496083547548792,1.53548454959986,1.02150301371109,0.00142738791572431,0.958185492038413,1.08258140525842,0.997932264387814,0.0952634544773888,0.492375911970538,1.49881692939295,1.00367494737395,0.00244327754796195,0.922054633046368,1.08688069119079,1.00843844986839,0.0336289130944754,0.705010599157664,1.31520832350925,1.01644637728156,0.00115830378392749,0.959783510212939,1.07176360924663,0.944211759441817,0.00153315373301958,0.881244682290042,1.0087147897125,0.953478511593642,0.00145346901216494,0.890798668514625,1.01527924456229
"ind-large","halfcauchy",2,"continuous",10,34,14599463,14194092,1,1,1,1,1.00012849080639,1.01146014423559,0.998940675567722,1.00012849080639,1.09710672124237,0.093779268340017,0.591969974980235,1.59385305065721,1.0936718549516,0.00144753793499165,1.02960734355727,1.15362039219413,1.06235694795346,0.0898215904264605,0.572583443053731,1.5495281615709,1.07145879367019,0.00252306345201566,0.987682427562198,1.15420584430321,1.00918569826969,0.031949869934801,0.722394026951126,1.30556270012632,1.01589749981398,0.00117826191476053,0.958521740828257,1.07145839881518,1.03768816095108,0.00158423886385227,0.974018833698002,1.10282637896462,1.03679539593367,0.00149100778072424,0.971574329846435,1.09926785291103
"ind-large","halfcauchy",2,"continuous",10,35,14599463,14267854,1,1,1,1,1.00012849080639,1.01146014423559,0.998940675567722,1.00012849080639,0.956916762468573,0.103050147946693,0.425192828937167,1.47294658672473,0.952882461317755,0.00157318916071892,0.885996650120592,1.01466966915056,0.984157140034125,0.0937074955546891,0.469339219823444,1.47486778281004,0.992999453409754,0.00279736057740538,0.906657436745302,1.08108684486318,0.977943412313475,0.0374432418228098,0.660374296771519,1.29788382503926,0.985565138661252,0.00131009205706837,0.923388256585987,1.04366063667718,1.04385282843238,0.00170589118675039,0.977792406527381,1.11211559853852,1.05334651085652,0.00159974254085776,0.986613515251259,1.11806155191251
"ind-large","halfcauchy",2,"continuous",10,36,14599463,11720165,1,1,1,1,1.00012849080639,1.01146014423559,0.998940675567722,1.00012849080639,1.07744840653144,0.101337249510861,0.554325013842989,1.59107611269468,1.0741214632846,0.00156667544049256,1.00739602137397,1.13796243802227,1.10896817222373,0.0950923007722769,0.603563048821678,1.60644550577028,1.11460828680024,0.0026199369046178,1.02976001161087,1.19922576284585,1.03100950365578,0.0357357466095401,0.72691053136942,1.33913407033731,1.03758248598142,0.00122992095786719,0.97878643006637,1.09393290497937,0.928322090486642,0.00163260864512528,0.863598452897616,0.99480759213502,0.959938754082581,0.0015424272141094,0.894704526908513,1.02398534137644
"ind-large","halfcauchy",2,"continuous",10,37,14599463,9209344,1,1,1,1,1.00012849080639,1.01146014423559,0.998940675567722,1.00012849080639,0.943531387118681,0.108344628762965,0.412751952802659,1.475581780365,0.939285216805425,0.00141281846217264,0.875476429752564,0.99947948884033,1.01581778835291,0.104602068421883,0.485126134539997,1.53647524660199,1.02396819287131,0.00253691604199938,0.940262660193028,1.10612680293643,0.984836884283278,0.0361494816911557,0.675125490304633,1.30073726173797,0.992468371900629,0.00114690567580195,0.936036430699998,1.04748592760805,0.981487838775825,0.00152158736749852,0.918964542785881,1.04596923258795,0.99879719094331,0.00144172345433993,0.936026360418715,1.06018145378092
"ind-large","halfcauchy",2,"continuous",10,38,14599463,8732116,1,1,1,1,1.00012849080639,1.01146014423559,0.998940675567722,1.00012849080639,1.02888130568783,0.103402834968328,0.49894516431393,1.54897817280232,1.02610207334357,0.00146953262976737,0.960712654114161,1.08657733196955,1.03011345517628,0.0944224794511024,0.517876582615157,1.52737573521533,1.03620119053153,0.00252279219839208,0.954156260431792,1.1195450832995,1.06657550490211,0.0367306070687759,0.751942508879752,1.38535245595596,1.07427082256176,0.00115408263338302,1.01822540901032,1.12955808780364,0.955847386381493,0.0015266923891018,0.893062496270837,1.02037764298848,0.977813142338334,0.00144533379311755,0.914905145454982,1.03889461658041
"ind-large","halfcauchy",2,"continuous",10,39,14599463,9904114,1,1,1,1,1.00012849080639,1.01146014423559,0.998940675567722,1.00012849080639,0.937717344397501,0.100460531187992,0.41986953524006,1.46136309723491,0.936000722081213,0.00137378840815685,0.874874369758798,0.995476760623661,1.03627287220839,0.0816244444348819,0.564533385309701,1.50528284072016,1.04505336102077,0.00243492979996133,0.963977435526245,1.1273300633233,0.976633775764114,0.0412912862179318,0.644424115492888,1.31468587023231,0.986487201522235,0.0012067144537877,0.928375552010253,1.04319990785125,0.927354413991942,0.00153371078772995,0.864277782869535,0.991266365016047,0.942660946178556,0.00144825619540229,0.878837781908299,1.00381849986318
"ind-large","halfcauchy",2,"continuous",10,40,14599463,8946305,1,1,1,1,1.00012849080639,1.01146014423559,0.998940675567722,1.00012849080639,1.03307043112882,0.0991256133436693,0.511861949846651,1.54591213255978,1.03062210680882,0.00137461123487701,0.969576308768061,1.0904974724111,0.994655667211953,0.090886146421424,0.502053491757535,1.47941767060827,0.999720581722836,0.00247711716597872,0.917333151043767,1.08227036166427,1.0487311387789,0.0351644396045196,0.74240253511909,1.35533869582191,1.05722622332569,0.00114659143398512,1.00090399329234,1.11166171925707,0.973185989076944,0.00151867726107669,0.910683133879571,1.03687061004267,0.992996257404409,0.00142860774516668,0.929582513293931,1.05358664696041
"ind-large","halfcauchy",2,"continuous",10,41,14599463,6006341,1,1,1,1,1.00012849080639,1.01146014423559,0.998940675567722,1.00012849080639,0.989352692642417,0.101892755636699,0.468970890722767,1.51303263824132,0.986487576130339,0.00151423644418958,0.920356883054189,1.04887053560007,0.993042693223723,0.0906848500326212,0.497957592070405,1.47470690020364,1.00105386606527,0.00263767150898384,0.917437373225187,1.08465593433846,0.98710813492116,0.0376630780410931,0.670333910686155,1.31027677918541,0.996285257927769,0.00122636833420023,0.93777298998039,1.05255563453229,1.00167863531894,0.00161302056886919,0.937186892138657,1.06758532502841,1.00643424796424,0.00151970369215033,0.941869906121385,1.07013951359849
"ind-large","halfcauchy",2,"continuous",10,42,14599463,1014705,1,1,1,1,1.00012849080639,1.01146014423559,0.998940675567722,1.00012849080639,0.983975081255758,0.101995569404856,0.465270695758503,1.51190874782862,0.980776380594897,0.00131704265078516,0.919514887088401,1.03929325235975,0.927535242819701,0.0887524271294568,0.43482806464372,1.39812953065626,0.937259672843341,0.00231997754724366,0.858617454586841,1.01741251248081,0.973719761622308,0.0390471221763611,0.651859489719858,1.30049493887967,0.983619157736164,0.0010929600794444,0.928367911396944,1.03913661014908,1.06832128872767,0.00143356494774364,1.00752683191382,1.13071237887478,1.0632481409196,0.00135930253314761,1.00151211528304,1.12289972552937
"ind-large","halfcauchy",2,"continuous",10,43,14599463,11860012,1,1,1,1,1.00012849080639,1.01146014423559,0.998940675567722,1.00012849080639,0.977438851982565,0.101312836589945,0.453009790561534,1.48509771100825,0.974437580612555,0.00144761889429784,0.910300860211999,1.03457921062629,0.916069610411698,0.0965642943677291,0.40140698421585,1.41517705847273,0.923519066255797,0.00246414456266479,0.841567113817215,1.00482801289718,1.00707808036698,0.0348252626742352,0.697710355847409,1.31225614601813,1.01355850916674,0.00118901006899268,0.955616324745471,1.06928314825545,0.969932129946581,0.00152699295894883,0.907279745918717,1.03393739925516,0.992260047979196,0.00144735696503226,0.929337077576124,1.05406573656565
"ind-large","halfcauchy",2,"continuous",10,44,14599463,9421330,1,1,1,1,1.00012849080639,1.01146014423559,0.998940675567722,1.00012849080639,1.05823958676817,0.10691508693381,0.521234044072334,1.59005117504925,1.05560926655453,0.00137625038882829,0.995370209738419,1.11588642176448,1.09910968081137,0.0937013267384923,0.599326851751082,1.59811191116932,1.10750921706539,0.00237084252105356,1.0267204266954,1.18786386303407,0.955626508855287,0.0400870943889777,0.626156808325527,1.28441024511855,0.964635723350601,0.00115007350933444,0.90810613183316,1.01884037521352,0.944058571280285,0.00146885578034934,0.88269321923222,1.00695291138269,0.95800393622358,0.00138801821693861,0.895523032982043,1.01816573269109
"ind-large","halfcauchy",2,"continuous",10,45,14599463,5263205,1,1,1,1,1.00012849080639,1.01146014423559,0.998940675567722,1.00012849080639,0.99005718461778,0.100167534769753,0.465251496029203,1.50074542912102,0.986743352836032,0.00135780207368821,0.925498760132324,1.04446782826373,0.979557289100343,0.0925240536440488,0.478656096604294,1.46585170776422,0.987877687545151,0.00242426853502367,0.906595355701733,1.07005819049661,0.963795060311885,0.0365669250995817,0.652902471276293,1.27786307419395,0.971994674096045,0.00112971268065749,0.915899880382281,1.02611232383124,0.970677326983863,0.00148737647302091,0.908749538422988,1.03449865371126,0.974932378934751,0.00139981869124308,0.913273661866296,1.03574735092393
"ind-large","halfcauchy",2,"continuous",10,46,14599463,2471012,1,1,1,1,1.00012849080639,1.01146014423559,0.998940675567722,1.00012849080639,0.996692547205914,0.0963799596485905,0.481140503424561,1.5046193307999,0.993880859246915,0.00152104416971604,0.927624357964727,1.05694684655928,0.92587368647961,0.0848728987378097,0.443313703098532,1.39421756987576,0.931201703832634,0.00262800411526458,0.845018189260658,1.01570778177219,0.968654635787902,0.036427669694902,0.654769059778912,1.28203134520322,0.978179915930018,0.00123623261758092,0.918595315972629,1.03581749139255,1.01097574726728,0.00162089193916672,0.946223522812834,1.07725161766818,1.02310511106873,0.00150695463041556,0.958384952969545,1.08590753383944
"ind-large","halfcauchy",2,"continuous",10,47,14599463,13276036,1,1,1,1,1.00012849080639,1.01146014423559,0.998940675567722,1.00012849080639,1.10425943801986,0.0982964439641133,0.589172963510895,1.61837257437482,1.10141146894012,0.00135320368967963,1.03910679717911,1.16001078730778,0.975873841718089,0.0868019095211356,0.490065758244769,1.44661633983562,0.983452785009141,0.00248564755766691,0.900230812823171,1.06627614916643,0.933862603938698,0.0371228577960637,0.615466601081749,1.25448781637824,0.943187634848652,0.00112711487743289,0.889024075497049,0.998533819444899,1.0438020810524,0.00147611465293263,0.982240309211071,1.10732992048274,1.04052876129843,0.00138182470863026,0.978681993044578,1.10084723761013
"ind-large","halfcauchy",2,"continuous",10,48,14599463,5813582,1,1,1,1,1.00012849080639,1.01146014423559,0.998940675567722,1.00012849080639,1.0150920260207,0.103640154307808,0.483002277719762,1.53109918343408,1.01147462047139,0.00142893890191432,0.948303459672733,1.07180887887485,1.02922491444223,0.101563334259657,0.506498490823203,1.54193119463719,1.03898569301448,0.00250722816484232,0.956360516753094,1.12136340138853,1.0437402718468,0.0335472929039213,0.750738789375823,1.34937570223299,1.05092734819894,0.00116967004659703,0.993832054617851,1.10696082302448,1.00596798154199,0.00154207281142681,0.942729916019728,1.071079082181,1.01062559237787,0.00145344970469586,0.947732391556921,1.07208187008289
"ind-large","halfcauchy",2,"continuous",10,49,14599463,7489127,1,1,1,1,1.00012849080639,1.01146014423559,0.998940675567722,1.00012849080639,1.01396279198034,0.105962459243249,0.487033569801506,1.53641515252086,1.01127537283374,0.00152542188212205,0.945283295327033,1.07498828333474,1.04751332932284,0.0947269214593596,0.546217081035171,1.54985317322681,1.05327101459843,0.00257822829175175,0.96992967420977,1.13755227378765,1.04416401535626,0.0383801678389932,0.725255049735609,1.37030189961705,1.05170327640614,0.00127090035932257,0.991490316297157,1.11002689619364,1.0045903876515,0.00161914940659783,0.939861963289703,1.07099997087833,1.03370289782946,0.00153850853758732,0.967911748377447,1.09714355682562
"ind-large","halfcauchy",2,"continuous",10,50,14599463,5542526,1,1,1,1,1.00012849080639,1.01146014423559,0.998940675567722,1.00012849080639,1.00102674741935,0.100085960484444,0.470049902864041,1.51688267932863,0.996813596539122,0.00133833733261138,0.934897596886469,1.05494302636966,1.05282933380462,0.0999929878623401,0.539667793983045,1.56629451709857,1.05976564006687,0.00243904194267698,0.978567258531764,1.14148893411377,1.05037675821838,0.0316097877981831,0.768607008104369,1.34932088972819,1.05498457008491,0.00113509426925456,0.999240541733745,1.110126922529,0.99776820869896,0.00148976091735468,0.935845374323532,1.06160176916009,1.02021955731307,0.00141761255091072,0.957797993318036,1.08132253340125
"ind-large","halfcauchy",2,"continuous",10,51,14599463,11635607,1,1,1,1,1.00012849080639,1.01146014423559,0.998940675567722,1.00012849080639,1.0149391837227,0.0977200963105602,0.495331731470912,1.52194657900193,1.0123672334503,0.00137903314596883,0.951718886583221,1.07267962671785,1.01138455135588,0.0903834841592511,0.516318792811025,1.49960765828946,1.02031533307607,0.00241312254525009,0.938796969334687,1.10126303996942,0.943209981885732,0.0339453631949306,0.642193908998675,1.25423657128795,0.950915450950896,0.00115520944120032,0.895073045963414,1.00589582595374,0.983832010251344,0.00150861576377808,0.921899750797819,1.04732523955343,0.984587312980898,0.00143783295193377,0.922361228112576,1.04631647020461
"ind-large","halfcauchy",2,"continuous",10,52,14599463,8907344,1,1,1,1,1.00012849080639,1.01146014423559,0.998940675567722,1.00012849080639,1.02876221188174,0.0950805879453555,0.517305325357586,1.53509365777186,1.02558924522414,0.00135547362193537,0.963572355126521,1.08329335508746,0.980586204432066,0.0837443182734234,0.5033183189413,1.44764227042362,0.989050817599145,0.00246160747154522,0.906412694951677,1.07191798214743,1.02558658675348,0.0355272922272196,0.721827160489991,1.33658727659291,1.03449072328786,0.00111371809824748,0.979035061093673,1.08829390453587,0.993021927940398,0.00150093914878685,0.930893293659953,1.05723064530541,0.994551081493182,0.00141099004073861,0.932295133646894,1.05543906850299
"ind-large","halfcauchy",2,"continuous",10,53,14599463,5821674,1,1,1,1,1.00012849080639,1.01146014423559,0.998940675567722,1.00012849080639,1.01956724770337,0.100347991844149,0.501415316674264,1.526777474012,1.01539919934673,0.00132237283808318,0.954222067255251,1.0739665247603,1.05569100544353,0.0981610705709403,0.526719660028418,1.56233248151068,1.06334441761928,0.00224108424607494,0.985132370070885,1.14147553069635,0.9789974170647,0.0334010096715078,0.685386563285221,1.27999984148429,0.985232705525519,0.0010490255913394,0.931020280530635,1.03797566252102,0.97989728788944,0.00140455069498888,0.919874850308341,1.04166580059642,1.00406953268079,0.00134436392371974,0.943477503532648,1.06343011834525
"ind-large","halfcauchy",2,"continuous",10,54,14599463,3447233,1,1,1,1,1.00012849080639,1.01146014423559,0.998940675567722,1.00012849080639,0.965342727273996,0.0986371985801106,0.448815180047702,1.47696502304488,0.960940029661002,0.0014724036658032,0.897469104746343,1.02260608080806,1.00822640875339,0.0903783503295172,0.507716698801685,1.49069127881547,1.01695360491692,0.00269612819376135,0.931299832569329,1.10365203457796,1.00098975531585,0.0357437964679109,0.69137426689362,1.31874987190992,1.00911504696832,0.0012467756968116,0.949158870251449,1.06563772095238,1.00692965490131,0.00165420644626029,0.941571109147779,1.07347687054251,1.01104129670832,0.00156323448437372,0.94595309171512,1.07544809357747
"ind-large","halfcauchy",2,"continuous",10,55,14599463,9066535,1,1,1,1,1.00012849080639,1.01146014423559,0.998940675567722,1.00012849080639,1.04039474943473,0.105365734554299,0.510384808735307,1.57269956380053,1.03805700715573,0.0014149564344463,0.975298513105705,1.09910303794785,1.03771662266085,0.0903299694973487,0.551567181051809,1.51537585182626,1.04689135929456,0.00235912113427634,0.965397860180006,1.12728379146017,0.996936988773783,0.0402340183605708,0.666901103377382,1.32939987706906,1.00565863300942,0.0011564556903401,0.947106685539414,1.06079080326677,1.00997551875901,0.00149224463774848,0.948228178947155,1.07333535672624,1.01705908611049,0.00141700284583987,0.954382355361933,1.07810690993605
"ind-large","halfcauchy",2,"continuous",10,56,14599463,3523410,1,1,1,1,1.00012849080639,1.01146014423559,0.998940675567722,1.00012849080639,1.10626146587166,0.104971640528827,0.578934355003557,1.62777541001947,1.10342419679907,0.00140841867237469,1.03939538582585,1.16361213309202,1.00043028605841,0.0981378458794485,0.486980058581894,1.49924225852331,1.00936767996532,0.00244988272534387,0.928049357007084,1.08977214045011,0.960690890193556,0.037073667509884,0.645718782592251,1.280873107896,0.968342069297704,0.00112815892288369,0.912891248695945,1.0223140370626,1.0171662149351,0.00148237348137342,0.955477532908003,1.08035155978015,1.03141414196601,0.00140060705609628,0.969306647624385,1.09245878612769
"ind-large","halfcauchy",2,"continuous",10,57,14599463,9735858,1,1,1,1,1.00012849080639,1.01146014423559,0.998940675567722,1.00012849080639,0.949746087215227,0.111093013972104,0.395636668217919,1.48830878464809,0.946635444779709,0.00137073347475159,0.885994733774357,1.0066298655357,0.8517052644095,0.101304444907419,0.325943802828373,1.3637093812115,0.860185345513337,0.00243107275232871,0.780178518855905,0.941139423844819,1.00151742520814,0.0404294632165333,0.673936634611527,1.33369977089761,1.01044130676995,0.00115575027028974,0.95348339701581,1.06521644668963,1.03684897044302,0.00148462955666112,0.974977445940244,1.10083806521472,1.0441900320383,0.00141267896174628,0.981964907554328,1.10586704691741
"ind-large","halfcauchy",2,"continuous",10,58,14599463,7402780,1,1,1,1,1.00012849080639,1.01146014423559,0.998940675567722,1.00012849080639,1.02230548339292,0.0880988476722105,0.522635037888941,1.50371788683947,1.01930263929779,0.00137904542839493,0.957621419994565,1.07817723139422,0.980171818207987,0.0820539445569413,0.512593807775557,1.44145525146966,0.987594065827528,0.00254994887876137,0.904202056490114,1.07212008914927,1.01269620814299,0.0305003661444628,0.72678323727975,1.29637870345497,1.02096147349673,0.00114340726583998,0.964376123141499,1.07540599235161,1.0133571334405,0.00152258967489579,0.95030319755445,1.07735280190011,1.01398548602826,0.00143575901711613,0.951678496864931,1.07586331718478
"ind-large","halfcauchy",2,"continuous",10,59,14599463,3698794,1,1,1,1,1.00012849080639,1.01146014423559,0.998940675567722,1.00012849080639,0.969954849473667,0.0968041012237703,0.452645721868268,1.4831495939669,0.965188595090694,0.00144424781289541,0.901619721075483,1.02512398703991,0.935809217553586,0.0904747682173319,0.446327483646696,1.42718572210477,0.943947853943752,0.00259132467336467,0.860429349400099,1.02796344845915,1.02597672891207,0.0339674309622691,0.728478411014612,1.33046775024367,1.03393297192078,0.00120957500422016,0.975359263277384,1.09041302819091,1.03329202700913,0.0015775203865018,0.969912417041335,1.09826193725457,1.0363137377146,0.00149013988377525,0.972506997527545,1.09840536826926
"ind-large","halfcauchy",2,"continuous",10,60,14599463,9454010,1,1,1,1,1.00012849080639,1.01146014423559,0.998940675567722,1.00012849080639,1.03062038946698,0.101947607694603,0.501070276324571,1.55251139336585,1.02675584400165,0.00142757541526827,0.962792002537817,1.08800977988334,1.02562963464703,0.0962244403694051,0.519157902502995,1.52348139739141,1.03209557485016,0.00242421524746279,0.951131403604451,1.11362668782587,0.980192025759202,0.0348879373860809,0.677912981637362,1.28739700820514,0.987127022751163,0.00116043508268064,0.930027912890187,1.04252130728,0.986263173932743,0.00150590582857159,0.924019963440859,1.05047362046834,1.01277775424989,0.00142734947197776,0.950679435072618,1.07413188746782
"ind-large","halfcauchy",2,"continuous",10,61,14599463,2568352,1,1,1,1,1.00012849080639,1.01146014423559,0.998940675567722,1.00012849080639,1.04253117013314,0.0951275624847615,0.525850134080784,1.54671108495405,1.03882866135222,0.0014258602518094,0.975806633191974,1.09794051428053,1.08467146319655,0.0951548006765787,0.588333164038255,1.59205013803419,1.09207091701708,0.00250702432889364,1.01002181470573,1.17536945829619,0.983659893509226,0.0309489616127968,0.695322041591879,1.27613044553584,0.989530716996789,0.00117229196804476,0.931607439186351,1.04492518924364,1.00389210681913,0.00153113566028949,0.940758546806971,1.06821859853988,1.01618150538475,0.00144576506513512,0.952586207450316,1.0779596595142
"ind-large","halfcauchy",2,"continuous",10,62,14599463,12510666,1,1,1,1,1.00012849080639,1.01146014423559,0.998940675567722,1.00012849080639,1.02365184922259,0.0945321137657864,0.528161432296186,1.52488495057803,1.02148562662072,0.00131700477353216,0.961330660090875,1.07978637375021,0.980630315535532,0.0793873198345815,0.521688618781402,1.44571299509332,0.989779459984094,0.00230044099205629,0.909201534977642,1.06841657008012,1.02492797536407,0.0379694819917454,0.711326581590431,1.34007827432213,1.03392428683524,0.00109589436163965,0.97724410679959,1.08602771632787,1.02191573656939,0.00141117080053898,0.961629860706838,1.083929932154,1.02883965910922,0.00133344537829069,0.969191280366597,1.08772128220537
"ind-large","halfcauchy",2,"continuous",10,63,14599463,7767373,1,1,1,1,1.00012849080639,1.01146014423559,0.998940675567722,1.00012849080639,1.05336460166163,0.0906110336816533,0.554145409347104,1.54649900639646,1.05014754376487,0.00140670349325924,0.987606550701007,1.10868929200351,0.998089327247604,0.0805279477614137,0.538734139065534,1.45128222907283,1.00480609988745,0.00255782639908321,0.919700062637602,1.08969816629656,0.996485206895277,0.0331167436613038,0.704848371216097,1.29613588403894,1.00345619017825,0.00119544981736903,0.945657825488741,1.0585513205704,1.00864266503619,0.00157426489909965,0.9453811740113,1.07405967615767,1.01900923556266,0.00150847831797188,0.954599363066068,1.082072042994
"ind-large","halfcauchy",2,"continuous",10,64,14599463,11079601,1,1,1,1,1.00012849080639,1.01146014423559,0.998940675567722,1.00012849080639,0.946673574223814,0.104051904265431,0.414197815944364,1.46802196878424,0.942547014904907,0.00142573228169907,0.877474905773574,1.00292515225466,0.975457423876404,0.0957194554255487,0.465416409977762,1.47139315243627,0.985010312137088,0.00245225315490775,0.903408892679354,1.06620822823693,1.02813438615614,0.0363987641716132,0.719630102828731,1.34572520129091,1.0357234533452,0.00111331800755504,0.979572669444735,1.08945971075842,1.0128033058444,0.00150970790202653,0.95043702522726,1.07650888353112,1.01801635136084,0.0014349915605298,0.955040589470497,1.07943299650638
"ind-large","halfcauchy",2,"continuous",10,65,14599463,2534725,1,1,1,1,1.00012849080639,1.01146014423559,0.998940675567722,1.00012849080639,0.94038242020356,0.105655567883105,0.412649645918165,1.46545379685204,0.937180420342501,0.00142551973704215,0.872650182621996,0.998576459344695,0.973689308457897,0.096216738908864,0.467957728709824,1.47726654015257,0.981949994971999,0.00241540913653767,0.900674569952334,1.06280571785032,0.94859813136427,0.0384135495938149,0.623447764956482,1.27535983035416,0.956871275006204,0.00117694600280465,0.900873803278133,1.0123268772618,1.05287376376599,0.00152802360454485,0.990053772885598,1.11683923914239,1.06038422500214,0.00144285282472876,0.99706156677823,1.12253448549882
"ind-large","halfcauchy",2,"continuous",10,66,14599463,7907922,1,1,1,1,1.00012849080639,1.01146014423559,0.998940675567722,1.00012849080639,1.06477675983369,0.0938569292422586,0.552476092964646,1.56813259539972,1.0614868603334,0.00144684131979318,0.998897396574639,1.12291395599023,1.0027981419536,0.0836904164958478,0.525308428607172,1.46734800954446,1.01013128181765,0.00251829106164734,0.92636817805118,1.0920381499913,0.992863709034983,0.0353955548605558,0.692661417091242,1.30838493019345,1.00180899064843,0.00117575289504794,0.94577381115762,1.05621695044418,0.938621335968923,0.00155851359828806,0.875514395080797,1.00299029107399,0.943867203262789,0.0014739099401275,0.879559190587191,1.0061623805113
"ind-large","halfcauchy",2,"continuous",10,67,14599463,2724493,1,1,1,1,1.00012849080639,1.01146014423559,0.998940675567722,1.00012849080639,1.0321761708609,0.108601226979248,0.491976129641829,1.56045979320013,1.02765674165735,0.00130569440051773,0.966051294611087,1.08427808601094,1.03765489068773,0.0975803518657361,0.524992513702155,1.52756802141382,1.04391380191176,0.00235703910989668,0.964191969061065,1.12389636240813,0.993264347204029,0.0406755636685555,0.658374480583108,1.32319425028739,1.00201843731268,0.00115040061519232,0.944479644679274,1.05653398152947,1.04429709154331,0.00146855768402008,0.983042126532151,1.1074151183823,1.06647366214333,0.00138051530942871,1.00454117384956,1.12677083346514
"ind-large","halfcauchy",2,"continuous",10,68,14599463,6419708,1,1,1,1,1.00012849080639,1.01146014423559,0.998940675567722,1.00012849080639,0.997167447507408,0.0968486899414606,0.487318032168671,1.49615096453457,0.994367662118663,0.00142635161615089,0.931908588602866,1.0559638894824,0.902080094951301,0.0894635036027632,0.411392316647582,1.38613925088264,0.90966290781756,0.00255343149914561,0.826072170363584,0.992716854213614,1.00788097971862,0.0343154502628089,0.70803594515392,1.32101205236468,1.01593488245677,0.00113410215293925,0.961245343737559,1.07086324719419,1.00171579595244,0.00155792361953271,0.938292801254235,1.06635815787067,1.00397393485002,0.00147054414071112,0.941056869555358,1.06589308662634
"ind-large","halfcauchy",2,"continuous",10,69,14599463,12823030,1,1,1,1,1.00012849080639,1.01146014423559,0.998940675567722,1.00012849080639,1.00899818656457,0.0942218688457956,0.493439429626787,1.51341413395267,1.00558235690517,0.00137046445897614,0.944425084866026,1.06410879378403,0.993003317016111,0.0907121463385497,0.505179619953175,1.48118327396064,1.00151066944889,0.00243809134728484,0.919475350615084,1.08385962809806,1.05048392893749,0.0313742130926539,0.764013113645205,1.34070544511561,1.05736383931379,0.00113488927562249,0.99994606591987,1.1117675917457,1.01677379780085,0.00149407525151531,0.954920588035368,1.07997477024579,1.0090625952736,0.00141304809665361,0.946670059277391,1.07004808331957
"ind-large","halfcauchy",2,"continuous",10,70,14599463,16718199,1,1,1,1,1.00012849080639,1.01146014423559,0.998940675567722,1.00012849080639,1.01432748613871,0.0990299986285997,0.49841091817542,1.5188573860037,1.01050063474213,0.00128361870254206,0.949793313132681,1.06701162112863,1.04128560886209,0.0898903860850399,0.545251105764927,1.52973409567667,1.04780211222137,0.00238876666758676,0.969159627945958,1.12771655074613,0.982588156638695,0.0361705036249575,0.679026265778263,1.2984840956092,0.989583472972857,0.00110822290125486,0.9323616528921,1.04282593706746,1.0553451490168,0.00143388930760029,0.994961740635767,1.11743459292109,1.07131448233439,0.00136465507283825,1.01000652112392,1.13118463527275
"ind-large","halfcauchy",2,"continuous",10,71,14599463,15493409,1,1,1,1,1.00012849080639,1.01146014423559,0.998940675567722,1.00012849080639,1.02623437480011,0.109263435674267,0.493530900813797,1.55756687558502,1.02274161326399,0.00150408616285522,0.95804702793849,1.08506053367885,1.01900058237222,0.0998325428431518,0.502218521140006,1.52921480832426,1.02751756794109,0.00256807279837718,0.943432714652094,1.11073307706224,0.979720181658872,0.039948394377772,0.649748652070391,1.31360941092313,0.989891793771077,0.0012486925228452,0.931218244885155,1.04828353629003,1.03758416350037,0.00162101476965481,0.972586710186934,1.10424874721557,1.03625246534065,0.00153706097528025,0.970910658871066,1.09979011793507
"ind-large","halfcauchy",2,"continuous",10,72,14599463,3474989,1,1,1,1,1.00012849080639,1.01146014423559,0.998940675567722,1.00012849080639,1.062685794682,0.10196793504777,0.527051003463386,1.58244615465452,1.05895922100892,0.00143314395747593,0.994749668450901,1.11887251293186,1.02687563217816,0.104013424779136,0.50308849085974,1.55052105148897,1.0358956555387,0.00250841750727758,0.953681755306636,1.11854407951696,1.0123470488153,0.0311427486595616,0.729054123550685,1.30791498066109,1.01965682910614,0.00115095338223681,0.962818422458081,1.07483607567335,1.01080885021349,0.00155085436473625,0.947461284985412,1.07546009807819,1.02192305508148,0.0014691259689939,0.957644376828694,1.08403129087276
"ind-large","halfcauchy",2,"continuous",10,73,14599463,13414611,1,1,1,1,1.00012849080639,1.01146014423559,0.998940675567722,1.00012849080639,0.984808852873346,0.0875537255147158,0.486363763284738,1.47285921540375,0.979920924596691,0.00139041033382977,0.918224916348336,1.03874146423244,0.97910433455544,0.0840040501270332,0.510525413852051,1.44514857517566,0.986170847156359,0.00263282371784627,0.902192771505259,1.07118950510327,0.993059438343623,0.0299051220355985,0.711180014175762,1.27714288136396,0.999993450025214,0.00119060450534033,0.94155000751828,1.05595102222975,1.01154162310688,0.00156855875847777,0.948153006470043,1.07584887627834,1.02781488019294,0.00147174515770478,0.964204897114141,1.09072233012433
"ind-large","halfcauchy",2,"continuous",10,74,14599463,8701427,1,1,1,1,1.00012849080639,1.01146014423559,0.998940675567722,1.00012849080639,1.02174414917683,0.0992937298707222,0.504783836806765,1.52989046611121,1.01711758557562,0.00144828529622607,0.954022082536649,1.07718394486607,0.962600100423078,0.0906011835245946,0.459965876211045,1.45003578581623,0.972241943588595,0.00253221591984781,0.88947559129549,1.05448393926588,0.953445241027105,0.035220851160189,0.647552870913987,1.26346663666145,0.9613800010825,0.00119178353105536,0.904180860864317,1.01653675837108,1.04875081731789,0.00156195765586767,0.985407207625165,1.11342582355943,1.0431261983914,0.00148328976503516,0.978821573528717,1.10536189111205
"ind-large","halfcauchy",2,"continuous",10,75,14599463,2209438,1,1,1,1,1.00012849080639,1.01146014423559,0.998940675567722,1.00012849080639,0.975545530160406,0.0969052158846052,0.460886649816062,1.48050262436154,0.9721102096999,0.00135911826350346,0.910636780134905,1.03084462384391,1.03062356255784,0.0922392419529951,0.533115991084032,1.51819939414063,1.03788777140254,0.0024303705023686,0.957108819380852,1.12086630365117,0.922730189244454,0.0333768445945203,0.6199916721416,1.22666767396563,0.930266082749413,0.00111039631946974,0.874785530617524,0.984109300922353,1.04891946403911,0.00147320770945669,0.987452296882769,1.11186361359915,1.05648291967149,0.00140281458881811,0.993897664654475,1.11751462294514
"ind-large","halfcauchy",2,"continuous",10,76,14599463,15791906,1,1,1,1,1.00012849080639,1.01146014423559,0.998940675567722,1.00012849080639,1.00791843983309,0.0970060977958942,0.48739887962137,1.51074953429194,1.00462875912267,0.00132300620388167,0.943726505099879,1.06180514148172,0.950350335507102,0.0924509747549504,0.444858497902423,1.431879246894,0.95874512328603,0.00241552116354797,0.877808015238866,1.03947995142874,1.01613848840477,0.0315238851674759,0.727282902120067,1.31087250943497,1.02347814062346,0.00108779444427339,0.9685183737479,1.07603659612212,1.05580508315226,0.00146410505366964,0.994363492507407,1.11844006355235,1.0562955388449,0.00138799974138893,0.994037721487811,1.11636265180102
"ind-large","halfcauchy",2,"continuous",10,77,14599463,16662900,1,1,1,1,1.00012849080639,1.01146014423559,0.998940675567722,1.00012849080639,0.965413880535863,0.101564576196673,0.433911875059348,1.48504228014946,0.962691039267558,0.0012978560259377,0.903665267925973,1.02044239186285,1.00330777041451,0.0856419127251503,0.525477153921919,1.47003792822079,1.0118155260108,0.00232300911985977,0.932701432928464,1.09014625904687,0.968022806062375,0.0395383495352901,0.647764346357514,1.2911160850416,0.977458493340521,0.00114987089186863,0.920878620255375,1.03210722576875,0.994481097108602,0.00144256034017475,0.933721707389872,1.05677987374722,1.00378980968526,0.00136431348946387,0.941901282029688,1.06409002747266
"ind-large","halfcauchy",2,"continuous",10,78,14599463,3150854,1,1,1,1,1.00012849080639,1.01146014423559,0.998940675567722,1.00012849080639,0.974321650561412,0.100756678235412,0.452141136619851,1.48580028946969,0.972313902556275,0.00140368006540919,0.910014023677025,1.03098280704809,1.08053740830789,0.0934706907276331,0.577653004564303,1.57475924427196,1.08703130544392,0.00249946350860361,1.00526862968338,1.16858868937531,0.975127132011284,0.035503589048113,0.668302052210072,1.29410724913362,0.981159614837324,0.001123194161616,0.92565050966708,1.03587863774905,0.892721384124826,0.00152964334496215,0.830061447522486,0.957049094127528,0.920710619319954,0.00146253224494559,0.857159244224782,0.981942839584246
"ind-large","halfcauchy",2,"continuous",10,79,14599463,743087,1,1,1,1,1.00012849080639,1.01146014423559,0.998940675567722,1.00012849080639,0.956802754056093,0.0937182161662748,0.448976878931152,1.45650821608818,0.953743557270611,0.00147279233792002,0.890634495869914,1.01589678197497,1.00074994935331,0.0856954842205653,0.520742393953544,1.47056537075805,1.00685559717533,0.00257707013260596,0.92125785960184,1.09076888213224,0.997208295893488,0.0337890387937805,0.69318949298698,1.29813130593853,1.00391909453774,0.00119977870016444,0.945685808950377,1.05950488938963,1.07896145202613,0.0015863064639664,1.01511287757417,1.14494781989229,1.09898410476794,0.00149378434017385,1.03565179668334,1.16210799660582
"ind-large","halfcauchy",2,"continuous",10,80,14599463,3968474,1,1,1,1,1.00012849080639,1.01146014423559,0.998940675567722,1.00012849080639,1.05786244320427,0.108148150135698,0.5176982456167,1.59330545970074,1.05517666834114,0.00152178358214233,0.990090107696358,1.11857306561648,0.997243302775025,0.0929303337771041,0.489246132710477,1.49843531813258,1.00476299669745,0.0025520124955033,0.920823099752911,1.08732612542241,0.969986110852009,0.0413359958466895,0.632061689717765,1.29889293689719,0.979435497075319,0.00125023881796869,0.920601233794746,1.03667233963121,1.08586832187607,0.00159786030767015,1.02152590198477,1.15120893288987,1.09167067230401,0.00150894348985632,1.02617868240273,1.15449637100415
"ind-large","halfcauchy",2,"continuous",10,81,14599463,27140,1,1,1,1,1.00012849080639,1.01146014423559,0.998940675567722,1.00012849080639,1.03524382767665,0.090370046903394,0.532428700308225,1.52228214039261,1.03143615227752,0.00144440381598656,0.968631453964332,1.09308574146156,1.05853198935222,0.0804847881805755,0.59194622796615,1.51863172246287,1.06727335101361,0.00269334114075874,0.980473336913113,1.15256471572452,0.983484543137023,0.0334842786164658,0.685680919227081,1.29045733851097,0.990279279237739,0.00120423593211798,0.932354585872608,1.04667582457017,0.997857577330525,0.00157539612614319,0.934177504448341,1.06362251953383,1.00561516970673,0.00148623842611836,0.941696705043998,1.06848961595409
"ind-large","halfcauchy",2,"continuous",10,82,14599463,3546432,1,1,1,1,1.00012849080639,1.01146014423559,0.998940675567722,1.00012849080639,1.05019607644814,0.0979490749843245,0.53405618356722,1.56187209984666,1.04736472911788,0.00141114073219374,0.984420138404597,1.1072021610409,0.880751688224958,0.0896259354361269,0.39068330582783,1.3634094335231,0.887510671451259,0.00258240920152232,0.803238296637873,0.972064367052114,0.990384991003861,0.034814354457609,0.684882058593498,1.29819806702993,0.998357235242561,0.00121449323233339,0.939986472021633,1.05565822029696,0.98147247044288,0.00157567509865808,0.917816610551975,1.04694967172531,0.999389277990885,0.00149745025015694,0.93525713198363,1.06236281381698
"ind-large","halfcauchy",2,"continuous",10,83,14599463,14725658,1,1,1,1,1.00012849080639,1.01146014423559,0.998940675567722,1.00012849080639,0.975480742963426,0.0948522855411747,0.459393371797667,1.4757636590811,0.973319989104462,0.00133778353175707,0.91298802160334,1.03164657771744,0.925659520952874,0.0825785169377834,0.447254819680098,1.39122794610085,0.932317855474534,0.00240502486423713,0.850917479365175,1.0125378957345,0.97586791498256,0.0365650459410386,0.67440832070808,1.29050183534084,0.984345077714715,0.00112096240758228,0.929322378884492,1.03958097035657,0.967156970526199,0.00144358521164041,0.906473319097961,1.03006504356918,0.98245513617503,0.00135385254964194,0.919782982065926,1.04223708256275
"ind-large","halfcauchy",2,"continuous",10,84,14599463,16011257,1,1,1,1,1.00012849080639,1.01146014423559,0.998940675567722,1.00012849080639,1.01768407991312,0.0870764791623845,0.519279906772799,1.50225006378637,1.0160410425939,0.00146326158911983,0.953868694018965,1.07831143500855,0.931281051724881,0.0734929930418703,0.488696373770445,1.37810491780312,0.937468515118029,0.00270311767616459,0.850073561404716,1.02082851822811,0.970515061035799,0.034725274202253,0.668283863401034,1.28104892926363,0.977852234529329,0.00127882507981356,0.918318942417566,1.03709975919607,1.06315657680586,0.00164768308084951,0.997884602554394,1.13051885871403,1.07516296655753,0.00155534300418852,1.0105298323012,1.13849092331725
"ind-large","halfcauchy",2,"continuous",10,85,14599463,8057951,1,1,1,1,1.00012849080639,1.01146014423559,0.998940675567722,1.00012849080639,0.990120154616042,0.107885846139376,0.444848374789939,1.51821338423698,0.987317912973046,0.00127477625621718,0.926601368759882,1.04433436983199,0.959220616447154,0.101304869330072,0.435866865635173,1.47216252065795,0.966647599241356,0.00231425733448211,0.888497133500714,1.04518126898585,1.02723573828676,0.0374463130980129,0.709630594191167,1.34523055063018,1.03451053621775,0.00103659225404981,0.982352890151438,1.08785653520787,1.01210640045055,0.00135699569091974,0.952976060220019,1.07276802200706,1.03879262997521,0.0012949056868378,0.979232308809657,1.09712759718619
"ind-large","halfcauchy",2,"continuous",10,86,14599463,5684002,1,1,1,1,1.00012849080639,1.01146014423559,0.998940675567722,1.00012849080639,1.0515529795287,0.0983046643016663,0.533257950137044,1.57098928934949,1.04874598426634,0.00147573505081494,0.983124453734036,1.1090576434282,0.98207370136176,0.0895648812499528,0.501792459517119,1.46896337417966,0.988136619912651,0.00266637331309611,0.903059563558352,1.07228095331557,1.00538336372043,0.0362581601679315,0.704147656457856,1.3207829296574,1.01311052744158,0.00121981590083058,0.954729817737228,1.06988379795432,0.979795970976853,0.00161096617889558,0.915183759687409,1.04568732778838,0.993295425698211,0.00152406067803438,0.928155473010462,1.05617607782934
"ind-large","halfcauchy",2,"continuous",10,87,14599463,637903,1,1,1,1,1.00012849080639,1.01146014423559,0.998940675567722,1.00012849080639,1.00728406623503,0.104165840850493,0.483020944228038,1.53074413581906,1.00351521405368,0.00142549452176517,0.939410226120248,1.06198298412658,0.977207466409921,0.0958065681652448,0.473097464891083,1.48193876060883,0.982586256811429,0.00256559371631137,0.898781230919883,1.06613387203894,0.926270846540033,0.0380059166869236,0.603229420348789,1.2490310469339,0.933874698307127,0.00115240233117979,0.877835498486833,0.988389863050405,0.939674171684571,0.0015396399384029,0.876905689633833,1.00435697358265,0.963319994252344,0.00145779777459143,0.90045993260924,1.02515407566806
"ind-large","halfcauchy",2,"continuous",10,88,14599463,8475727,1,1,1,1,1.00012849080639,1.01146014423559,0.998940675567722,1.00012849080639,1.00737308884578,0.0938124962655257,0.502111377244735,1.49894372116672,1.00363420822734,0.0013634153278286,0.941609911036265,1.06224595430418,0.990322731418094,0.0849467548475042,0.510643944274837,1.46260151118017,0.998558109294819,0.00247716402201347,0.917003172705919,1.08135602715793,0.96753372532487,0.0335921975201403,0.671415346761646,1.27320094000471,0.974579731751852,0.00114429298615847,0.918541353362897,1.02907675537433,1.09585601128327,0.00149621118071097,1.03395434873384,1.15903179875269,1.08923722495896,0.00142202735102463,1.02670366117817,1.15029727274782
"ind-large","halfcauchy",2,"continuous",10,89,14599463,7858265,1,1,1,1,1.00012849080639,1.01146014423559,0.998940675567722,1.00012849080639,0.952663519233706,0.100280339739281,0.427698955808386,1.47125404348671,0.948969472746833,0.00143546099805191,0.88549103528816,1.00989921662093,1.0470217235804,0.0911478551903471,0.54572275362884,1.53545750683657,1.05672845500398,0.00257331273311789,0.97188435120716,1.14050499808276,0.967750677967951,0.0370930687850813,0.651005108604298,1.28938223501868,0.975187803411504,0.00119765189283789,0.917712805352986,1.03153153306069,0.999208796249155,0.00159674334093187,0.93488307949621,1.0649585796581,1.00694790168759,0.00151116275698855,0.941877294420117,1.06953997909755
"ind-large","halfcauchy",2,"continuous",10,90,14599463,8238979,1,1,1,1,1.00012849080639,1.01146014423559,0.998940675567722,1.00012849080639,0.997491753995726,0.103321755054876,0.469606639803838,1.51612196316795,0.993624256509133,0.00151462521382279,0.926875481319069,1.05576700559444,1.05467926899267,0.0962393962462682,0.557700888591346,1.56075622695057,1.06190731665045,0.00259819594585234,0.978373802096451,1.14684876171161,1.02082915477358,0.0357761404618307,0.71187608303346,1.33322919269834,1.02821182594499,0.00122674826499782,0.970049513778642,1.0842611976068,1.036458026522,0.00161838598095055,0.972189289016874,1.10253662135824,1.05131166869453,0.00153509065753453,0.985848824844484,1.11437365882265
"ind-large","halfcauchy",2,"continuous",10,91,14599463,10878564,1,1,1,1,1.00012849080639,1.01146014423559,0.998940675567722,1.00012849080639,1.04049675807994,0.0973273284650881,0.529243305696719,1.5495057696142,1.03558615936727,0.00141259920698573,0.972666698404487,1.09628090416409,0.914007067666431,0.0877586064116098,0.422675470607046,1.39143897453466,0.921492757718417,0.00252273447150108,0.838401165338026,1.00394778370825,0.991790350089478,0.0360438424015183,0.689530923787587,1.30643229967214,0.999709667983989,0.00116733661446747,0.941673256879142,1.05491598793168,0.949916916422689,0.00154380880022134,0.886781890398701,1.01460403714112,0.959675285124542,0.00145787090912876,0.896655428466377,1.02155812954257
"ind-large","halfcauchy",2,"continuous",10,92,14599463,7331464,1,1,1,1,1.00012849080639,1.01146014423559,0.998940675567722,1.00012849080639,1.0073419508076,0.0925704442401015,0.501725651954362,1.50595293530177,1.00409157293653,0.00133564052650231,0.943358326740774,1.06318057624577,0.970435963600666,0.0799982963450907,0.502256326428157,1.43007657815371,0.979261663411518,0.00246429009728493,0.897124359530106,1.06141518688464,0.997793792653637,0.0360784137040999,0.686841416705458,1.30969829804521,1.00665795637586,0.00115880291099524,0.950409324067837,1.06136269473419,1.00441180873728,0.00148598990612655,0.942435202401557,1.06735755872914,1.01404647921666,0.00140592145985477,0.952485824445918,1.07468069247005
"ind-large","halfcauchy",2,"continuous",10,93,14599463,35307,1,1,1,1,1.00012849080639,1.01146014423559,0.998940675567722,1.00012849080639,0.999031493960434,0.0927721144772812,0.496269260578401,1.49801837645772,0.996336766615697,0.00136772568826584,0.934285574544041,1.05359296157874,0.989250072990384,0.0855001063887409,0.511046335708666,1.46499706065163,0.995800830267324,0.00245618269802514,0.913443680632389,1.07768065269488,0.946227942558475,0.0327446781741763,0.65149622586432,1.24244998601748,0.953416372059766,0.00115126688866117,0.896119647238992,1.00798485833169,0.956634390154914,0.00149354135752867,0.894605162625098,1.02059779810212,0.966350976717913,0.00140709635023057,0.903960697448345,1.02703079426886
"ind-large","halfcauchy",2,"continuous",10,94,14599463,8991229,1,1,1,1,1.00012849080639,1.01146014423559,0.998940675567722,1.00012849080639,0.965674570416231,0.101196250257511,0.43202925082801,1.48362804961918,0.961535573535096,0.00147059914726537,0.896393756208953,1.02219086346289,1.06763015250379,0.100278739698373,0.558304570356866,1.58364376672401,1.07542532055591,0.0025779285704697,0.9914420846813,1.15853115527393,0.999312595107331,0.0320151919882721,0.708503704235223,1.2969974100709,1.00520527739863,0.00117117972881674,0.948264214617798,1.06085579201508,0.943496955928843,0.00158601278951911,0.879241326592771,1.00908988021123,0.963329062705878,0.00149909660239308,0.89921198236206,1.02593454033802
"ind-large","halfcauchy",2,"continuous",10,95,14599463,11183549,1,1,1,1,1.00012849080639,1.01146014423559,0.998940675567722,1.00012849080639,1.02222989028923,0.0984753168642729,0.502681209348974,1.53711660505886,1.01852326442758,0.00135017028648201,0.957093886044729,1.07608831291984,0.955889177426057,0.0868885625611685,0.463749299518802,1.42789672162044,0.96329003288363,0.00237358638255546,0.882550325887124,1.04224763987728,0.985435158720003,0.0363017928429877,0.673337277322568,1.3029255424342,0.992607606830038,0.00112760865165054,0.935949458081461,1.04749169016382,1.0388320241597,0.00144957906287082,0.977314658728138,1.10123536198274,1.05144666678172,0.00136637601059052,0.989600461609583,1.11154677390068
"ind-large","halfcauchy",2,"continuous",10,96,14599463,6920324,1,1,1,1,1.00012849080639,1.01146014423559,0.998940675567722,1.00012849080639,1.03116193661904,0.0985790368579103,0.513671887137023,1.54575304691011,1.02802175274511,0.00136842691256534,0.966113024930672,1.08773444513378,1.02160022899686,0.0894675428658334,0.532469925868048,1.49887429656803,1.03000761921032,0.00245901485490669,0.948932859580967,1.11302940177369,0.902165172044185,0.0353940785058474,0.596263715528255,1.21644074226827,0.910317201052781,0.00110489649254327,0.854439189131301,0.965362240972818,0.974539386901322,0.00148332323756701,0.912653016515493,1.03781411333824,0.9829537748703,0.00141302300052508,0.920371116060875,1.04361646703116
"ind-large","halfcauchy",2,"continuous",10,97,14599463,3692044,1,1,1,1,1.00012849080639,1.01146014423559,0.998940675567722,1.00012849080639,1.01303623917304,0.102073993163745,0.491658486945379,1.53260256061652,1.00907154180211,0.00147686791264639,0.943702110271285,1.06909862578152,1.00149262649664,0.0963583363110852,0.490075303522493,1.49915937061695,1.01010604253115,0.00254283034121615,0.92720907719722,1.09463827157798,1.0029073993863,0.0362709158535007,0.694867500969753,1.31659065093031,1.01116831868359,0.00117058647805986,0.954286667993619,1.06658199881856,1.01219995642953,0.00157673394594678,0.948603067834605,1.07734621805458,1.02834353338423,0.00148682401555158,0.963379894520042,1.09089289558209
"ind-large","halfcauchy",2,"continuous",10,98,14599463,13758676,1,1,1,1,1.00012849080639,1.01146014423559,0.998940675567722,1.00012849080639,1.04418364697918,0.0928929663404992,0.544386480981931,1.54351479639733,1.04033698023101,0.00131708481858458,0.980024413589005,1.09888338252258,1.02941103495045,0.087886721900391,0.547211556993352,1.50760469362432,1.0388103188656,0.00229394668887766,0.959120186138149,1.11879578476956,1.01265143272016,0.0317457629129791,0.725562434816468,1.31001040030239,1.02069469641632,0.00109660145677615,0.964993322415877,1.07429832734552,0.937021697542664,0.0014245573764931,0.876850633441731,0.998285350174341,0.929811257058088,0.00135808427642882,0.86844506400113,0.989889779481843
"ind-large","halfcauchy",2,"continuous",10,99,14599463,13156691,1,1,1,1,1.00012849080639,1.01146014423559,0.998940675567722,1.00012849080639,0.988142051152609,0.104393891391963,0.45754722352207,1.50404346067197,0.984516962421451,0.00133146371346848,0.923354792051665,1.04200499498469,0.978814554372816,0.0989892858516584,0.467412341297328,1.47700190083274,0.988478099681851,0.0023550570410474,0.907832823613741,1.06759759698015,0.985943871692677,0.0354516344650423,0.683797765390031,1.29849322723448,0.994504864587847,0.00112745413716756,0.937958546891571,1.04866623589298,0.9854547697304,0.0014502115162128,0.924339406076792,1.04830705312217,0.992762040711156,0.00137126580735241,0.931858814824692,1.05265915166792
"ind-large","halfcauchy",2,"continuous",10,100,14599463,10076103,1,1,1,1,1.00012849080639,1.01146014423559,0.998940675567722,1.00012849080639,0.976359764630774,0.101894438289321,0.451021261804971,1.49742057984027,0.971972824712514,0.00131593013838469,0.909999229079873,1.02983203132762,0.973413410331307,0.100076225339778,0.449757391821297,1.48785754957362,0.982428243236468,0.00232548270282619,0.903831755574112,1.06144279345792,0.998362410383703,0.0328552173246542,0.704157314883033,1.29511616633371,1.00584080044347,0.00105695005189998,0.952623855516945,1.05916996410941,0.935786346544317,0.00143074279100342,0.875148011872535,0.998377008254262,0.942515584074765,0.00135011056167487,0.881252144533932,1.00181656257029
"ind-large","halfcauchy",2,"continuous",10,101,14599463,438015,1,1,1,1,1.00012849080639,1.01146014423559,0.998940675567722,1.00012849080639,1.08575187365306,0.105142003671646,0.56142952894167,1.60801253842004,1.08014027701975,0.00133187278458606,1.01877074751715,1.13656065124238,1.00814384249877,0.0991754254281448,0.487516966264233,1.51598661794789,1.01674043117208,0.00232325360573417,0.937989982575135,1.09658737001317,0.975102639765216,0.0357800895432819,0.674243360633246,1.29002858622707,0.982332970612282,0.00104795044417903,0.927858046253087,1.03468830828002,0.99142804627996,0.00140755254011172,0.931225200973074,1.05348408911486,1.00635909522881,0.00133678831268914,0.946395991131362,1.06563412181469
"ind-large","halfcauchy",2,"continuous",10,102,14599463,12279540,1,1,1,1,1.00012849080639,1.01146014423559,0.998940675567722,1.00012849080639,0.987709107558065,0.0951411053076482,0.474813858742808,1.48764068641015,0.983146474811954,0.00145465243554086,0.918948936265981,1.04458121065082,1.02093783723238,0.0943832471634823,0.516640291043679,1.52789178280469,1.02958199622104,0.00257836254882597,0.94500785890604,1.11202189469371,0.933902591558339,0.0304797052856137,0.650348903246499,1.21959988578259,0.940806582194742,0.00116076439047032,0.883290853041919,0.995674684583931,0.983357141155161,0.00159110010735357,0.919275260886889,1.04900930377836,0.991351412784591,0.00151583007012726,0.926337316014169,1.05459704858441
"ind-large","halfcauchy",2,"continuous",10,103,14599463,1145549,1,1,1,1,1.00012849080639,1.01146014423559,0.998940675567722,1.00012849080639,0.998063528240623,0.0931124464087438,0.494791481403414,1.49669457848496,0.995332363970117,0.0013654799217865,0.934312352987916,1.05398342641187,0.995331702672848,0.0795671655772138,0.536501535169736,1.45509001261671,1.00374060637145,0.00253569939424417,0.920974428289955,1.08743096026191,0.985588206751002,0.0361065963481534,0.677297061333347,1.29976324786664,0.995126305155937,0.00113484047547775,0.939433615576183,1.04954494111554,0.900013563276573,0.0015264431912564,0.837111928480112,0.964999443654143,0.90517222923199,0.00143873252074123,0.841505467158501,0.966793499795837
"ind-large","halfcauchy",2,"continuous",10,104,14599463,9297855,1,1,1,1,1.00012849080639,1.01146014423559,0.998940675567722,1.00012849080639,0.971236333493235,0.0954845724173949,0.460760049635799,1.4705860438574,0.967775230527489,0.00127435352941561,0.908016372166808,1.02437029423618,1.02886305412827,0.0903506967648313,0.530512223224676,1.51951133663231,1.03818385619302,0.00228112370647558,0.960410192913206,1.11834268759898,1.0093748493754,0.0322545736805834,0.716830980607665,1.30578046778932,1.01784880910633,0.00102500177918829,0.965324514683499,1.06952528208691,0.989556523547484,0.00138272574803734,0.930235815631933,1.05034929482379,0.979773785461228,0.00131671807592821,0.919185567911959,1.03816549923211
"ind-large","halfcauchy",2,"continuous",10,105,14599463,1502791,1,1,1,1,1.00012849080639,1.01146014423559,0.998940675567722,1.00012849080639,1.07867997214841,0.0901764511586431,0.577732736214737,1.55930110400101,1.0753503192407,0.001316036781357,1.0158331469285,1.13305300719825,1.07222684204553,0.0809018259323561,0.60026501402167,1.5356163347314,1.08041373124676,0.00240448025762154,0.998348730949501,1.16197791848776,1.02676798990065,0.0327850706778484,0.734467878749443,1.32254948680579,1.03417169979234,0.00109271902156364,0.978779156182586,1.08801812563408,0.943656991148573,0.00142820779680085,0.88300756214608,1.00577667832119,0.957980643157021,0.00135332958503819,0.896088072253302,1.01803230989995
"ind-large","halfcauchy",2,"continuous",10,106,14599463,1648598,1,1,1,1,1.00012849080639,1.01146014423559,0.998940675567722,1.00012849080639,0.978359606513491,0.102528933860241,0.452744080949761,1.49804798152825,0.974029549807471,0.00138774347374474,0.912409938210796,1.03287152653666,0.98624154182452,0.093060285934731,0.483148611031618,1.47887462002038,0.993107025317376,0.0024068606170551,0.913156526201552,1.07507333422609,0.971939083576521,0.0369312595240525,0.659585463682332,1.2894920349844,0.979954847813188,0.00110493855981869,0.924473183510895,1.03400078705832,0.963812532849782,0.00145599396049917,0.902576490274394,1.02634590968426,0.976450618853726,0.00137351429881539,0.915535896608632,1.03642485039589
"ind-large","halfcauchy",2,"continuous",10,107,14599463,6239546,1,1,1,1,1.00012849080639,1.01146014423559,0.998940675567722,1.00012849080639,0.969355659811519,0.0949914278855002,0.459490985823062,1.47794882741407,0.966438180776399,0.00145690667015187,0.902545161074867,1.02722473084095,1.0571225333658,0.0856579479479641,0.56984792977194,1.52825672610222,1.06418358324808,0.00274688280026549,0.977299705520286,1.1514453810852,0.961370966807857,0.035196883953725,0.653022139120733,1.27198391474002,0.968866721640124,0.0012310284256237,0.911357751992565,1.02568971570801,0.898007861445089,0.00163885406708202,0.832728751657801,0.964459704530622,0.919393059396386,0.00155457204846957,0.853507534550812,0.983164245661289
"ind-large","halfcauchy",2,"continuous",10,108,14599463,988637,1,1,1,1,1.00012849080639,1.01146014423559,0.998940675567722,1.00012849080639,1.06404621633684,0.0939248873323432,0.554812991697535,1.56733578109631,1.06055640250582,0.00141873751783709,0.9970906182206,1.12128054262961,1.01034187924196,0.0864894702753429,0.525059337295323,1.47844457693599,1.01685074709341,0.00253728412705005,0.934022421139864,1.10121159956856,0.997198684458621,0.032993440718097,0.698399291225268,1.29949957028351,1.00427472714594,0.00120165714899264,0.946904055126174,1.05955604568272,1.01454284943219,0.00156824575088604,0.95143901230319,1.0801297906158,1.022355329048,0.00147942372052566,0.958688781027485,1.0844728970902
"ind-large","halfcauchy",2,"continuous",10,109,14599463,5619991,1,1,1,1,1.00012849080639,1.01146014423559,0.998940675567722,1.00012849080639,1.01846835418703,0.0959270663773184,0.507163083168909,1.51886250115598,1.01398873266357,0.00136576468453069,0.952750195878329,1.07348913851685,1.04381370371864,0.0912035470979236,0.534996123500312,1.54358632023377,1.05054026456107,0.00236442553305808,0.970756707815849,1.13044674803644,0.986162107000415,0.0325812910046482,0.693959214427015,1.28804919527785,0.991780154763579,0.00112317971726894,0.936068345764081,1.0462843849084,1.00943923612539,0.0014773335199544,0.947660795649339,1.0726507016576,1.029684010178,0.00139871904669732,0.967530699446711,1.09031131765352
"ind-large","halfcauchy",2,"continuous",10,110,14599463,7311815,1,1,1,1,1.00012849080639,1.01146014423559,0.998940675567722,1.00012849080639,1.06880167595819,0.104795975396156,0.5415137978059,1.58888992472948,1.06630904946688,0.0014693964862515,1.00246939584695,1.12774008535803,1.03481044353127,0.0878018606107638,0.553139184353833,1.50825737458855,1.04106700728663,0.00256393480709783,0.957838570952696,1.12544834188085,0.991532425953408,0.0416069080022676,0.657846787169933,1.33181222366349,0.999481912714577,0.00127373013006618,0.941072881843209,1.05824921348759,0.956576078447245,0.00161184183111743,0.891973356950805,1.02222249270658,0.976315944450375,0.0015445400480952,0.910565560313098,1.03980915730073
"ind-large","halfcauchy",2,"continuous",10,111,14599463,624171,1,1,1,1,1.00012849080639,1.01146014423559,0.998940675567722,1.00012849080639,1.02665500021518,0.105038221932086,0.501021057943232,1.55263261428114,1.02278341483912,0.00151916779984798,0.95636500199578,1.08442911185358,0.950412808889138,0.098546818869655,0.441715694787116,1.45230872735431,0.95823340676666,0.00267342564140564,0.873509766106274,1.04268987172177,1.01378143719288,0.0371650308906349,0.699587914287395,1.3294563286149,1.02192732086863,0.00122464913152972,0.964553275669601,1.08017073312407,1.02117067486889,0.00162651763543748,0.95649229853631,1.08789536420381,1.03119389880872,0.00153514919984127,0.966563621396108,1.09407738929669
"ind-large","halfcauchy",2,"continuous",10,112,14599463,5643512,1,1,1,1,1.00012849080639,1.01146014423559,0.998940675567722,1.00012849080639,0.951010201532676,0.0981272065465382,0.432661958262565,1.46023534928641,0.948585609178358,0.00144174948677829,0.884035390699944,1.0097432682835,1.04819587416588,0.0834389680136195,0.577411534345403,1.50758134524071,1.05657980760683,0.00264939370512278,0.971130110987674,1.14126884000707,1.02378451339598,0.0385532727831825,0.699241368025031,1.34046692492747,1.03221885778892,0.00119337029044813,0.975354976958997,1.09003455717244,0.985389530466714,0.00161042413355153,0.921019021946793,1.05177207576188,0.990283049258466,0.00151558237107751,0.924944842914401,1.0536296079365
"ind-large","halfcauchy",2,"continuous",10,113,14599463,10519946,1,1,1,1,1.00012849080639,1.01146014423559,0.998940675567722,1.00012849080639,0.991707945792496,0.0968928672582639,0.481084218966357,1.48913466087716,0.987836318999192,0.00145913592039898,0.924774629567587,1.05009590085971,1.00140250404439,0.0905612022720795,0.505681361969507,1.48775926526325,1.00804062805502,0.00260071555220409,0.924473166620084,1.09184218238084,0.991499452100461,0.0341154711818674,0.695080100299131,1.28918635685397,0.999056601342918,0.00121899946966863,0.939484218871767,1.05575974932243,0.983997343826468,0.00157524084395245,0.920118147751893,1.04970910924966,1.00471333382789,0.00149241279377813,0.940412775375982,1.06770400993631
"ind-large","halfcauchy",2,"continuous",10,114,14599463,11031098,1,1,1,1,1.00012849080639,1.01146014423559,0.998940675567722,1.00012849080639,0.992787565830061,0.0959512261081252,0.489637801432965,1.49613774569799,0.991026092721285,0.0014340044376151,0.928231054042292,1.05239284576081,1.0390088332856,0.0819228243236641,0.576847480707014,1.50276576373234,1.04582995429297,0.00259415519991338,0.961338524010662,1.12782031307,0.986444363475819,0.0386066431150111,0.661590925855234,1.30230682497399,0.995550477191226,0.00120915992066622,0.939010836413292,1.05301076581645,1.02134811901576,0.00156996760409447,0.957658803039498,1.08717354196665,1.03789756508442,0.00147931923115127,0.974836731658608,1.10086152724172
"ind-large","halfcauchy",2,"continuous",10,115,14599463,7649202,1,1,1,1,1.00012849080639,1.01146014423559,0.998940675567722,1.00012849080639,1.00145771209139,0.0944595675174544,0.497376296594353,1.49292136951148,0.997651313195202,0.00149359557726428,0.933296601812327,1.05927801430755,0.996079077033206,0.0879424126014072,0.513937833853193,1.47489750051955,1.00464553071238,0.00264642809881475,0.92005459889126,1.09136573457168,0.988161789830356,0.0324922024335967,0.701589049884113,1.28023648974405,0.995463760771925,0.00117537021773961,0.939846271431352,1.05134908296046,1.02637038104422,0.0016248808895823,0.962026380587503,1.09258715021617,1.03109217571849,0.00153150866794379,0.965417282198035,1.09508118203709
"ind-large","halfcauchy",2,"continuous",10,116,14599463,12551699,1,1,1,1,1.00012849080639,1.01146014423559,0.998940675567722,1.00012849080639,0.974770635670799,0.0981911394725374,0.460548759906423,1.48283097522493,0.971832350347282,0.00151536106649953,0.906099119791523,1.0328391050127,0.964997869214971,0.0903982565714361,0.463545022269555,1.44523093419338,0.971430991799045,0.00279691008981034,0.885227169774174,1.05838937758731,1.05782209236785,0.0350954524411931,0.755680250324598,1.37494620874327,1.06511839694772,0.00129760294541581,1.00475151834586,1.12259091435696,0.95765619266278,0.00170712940777006,0.891400088509991,1.02613324064521,0.979671484881763,0.00160293079974979,0.913067043761502,1.0441624554076
"ind-large","halfcauchy",2,"continuous",10,117,14599463,8275803,1,1,1,1,1.00012849080639,1.01146014423559,0.998940675567722,1.00012849080639,1.09685447854387,0.100842365135627,0.572401397216451,1.61597527696067,1.09325738737419,0.00153057394717225,1.02831315525383,1.15565408426696,0.913238260660434,0.0913264995801548,0.410376311885742,1.40144582473884,0.921133542428915,0.00262936092538697,0.836428536061532,1.00439697157599,0.964553244862829,0.03640382554966,0.653609431191132,1.2758498731054,0.973003920282723,0.00121430067013115,0.913554435009188,1.02849231063948,1.07832095168834,0.00162159945462485,1.01331765385615,1.14494933727634,1.06989648090232,0.00153452810058484,1.00449915542515,1.13335032432991
"ind-large","halfcauchy",2,"continuous",10,118,14599463,9529096,1,1,1,1,1.00012849080639,1.01146014423559,0.998940675567722,1.00012849080639,1.00680656113035,0.0927350508320593,0.503992253359223,1.49858196857118,1.00249814840608,0.00131622834013464,0.941213763666976,1.05869040991948,0.944053347071603,0.0907353694635201,0.455610253730531,1.43451244420456,0.94985877851944,0.00234817428400678,0.871105346060517,1.03034109427711,1.02822249255396,0.030522001892103,0.754879855276066,1.32083964923703,1.03386569771999,0.00109719432189029,0.978434777668325,1.08731466990242,0.974976118247784,0.00143027746937133,0.914236585395351,1.03682293291764,0.996282440628519,0.00135324197310011,0.934568101651875,1.05577910755576
"ind-large","halfcauchy",2,"continuous",10,119,14599463,5891890,1,1,1,1,1.00012849080639,1.01146014423559,0.998940675567722,1.00012849080639,0.970542384659353,0.101434395748766,0.448087926021264,1.49023526622281,0.96649026875557,0.00142329709671513,0.902869854220191,1.02747868565793,1.02113745862183,0.0903822194820282,0.527404802522628,1.50539443639569,1.03166527783488,0.0024886801051964,0.949177101720218,1.11465645797858,0.930314322025058,0.0380242883548987,0.609193790305612,1.24734375492933,0.940870353096109,0.00113505970312829,0.885889434581142,0.995617073071201,1.02866429068923,0.0015090091054774,0.966277878575397,1.09244676828928,1.01734994591104,0.00143717611888816,0.954037478889743,1.07895237700632
"ind-large","halfcauchy",2,"continuous",10,120,14599463,3207403,1,1,1,1,1.00012849080639,1.01146014423559,0.998940675567722,1.00012849080639,0.968107413903322,0.0976884218428524,0.443867659658806,1.47825241022696,0.963701323201293,0.00140564444060398,0.900887033342026,1.02246748831649,1.0448864448276,0.09477975739585,0.538776952452437,1.54002285987543,1.04979181446394,0.00240799814983666,0.96787019077414,1.1318819245223,1.0066604408567,0.0319896731791057,0.714280125698542,1.30108983752152,1.01231648065115,0.00113194004470466,0.956128644613028,1.06677719999584,0.969224843698584,0.00150240654820212,0.906970178115059,1.0333947393692,1.00254510027526,0.00142992748807111,0.939061010016168,1.06316062103758
"ind-large","halfcauchy",2,"continuous",10,121,14599463,6836610,1,1,1,1,1.00012849080639,1.01146014423559,0.998940675567722,1.00012849080639,1.01308832451756,0.0992020009188625,0.497082652069759,1.52599126401501,1.00943371929979,0.00132948698985317,0.947796578699962,1.06611899456507,0.914599010711631,0.0893379015916057,0.417531017215791,1.39750187074276,0.922107714476482,0.00239944534911682,0.841331909028453,1.00334315600095,0.974512392947983,0.0365111451870471,0.661529171757039,1.28593456194419,0.982236387227468,0.00112629770850928,0.924545146570528,1.03616661466067,0.989711653514319,0.00147629480700635,0.928046411698233,1.05241116010657,1.00903607014513,0.00139819413114056,0.946970457106043,1.07003841601917
"ind-large","halfcauchy",2,"continuous",10,122,14599463,14788808,1,1,1,1,1.00012849080639,1.01146014423559,0.998940675567722,1.00012849080639,0.999616770112795,0.0971317073464859,0.474296464110559,1.50351917026603,0.995042328184224,0.00135880114218146,0.933998306344854,1.05382736265713,0.952617230530579,0.09170603182867,0.462564434246451,1.44847931003401,0.960135971686702,0.00250441661732422,0.878808807503762,1.04308268408002,0.973397800981643,0.0340958038542254,0.67889854810365,1.28213125775127,0.980699436372921,0.00112593362631699,0.925184578427112,1.0352418114749,0.943621938368402,0.00147541051033012,0.882328231848075,1.00657311903567,0.956254394142974,0.00139407753120827,0.894118067557937,1.01702212591221
"ind-large","halfcauchy",2,"continuous",10,123,14599463,8542905,1,1,1,1,1.00012849080639,1.01146014423559,0.998940675567722,1.00012849080639,1.06334691456989,0.0995710111588046,0.537969709808913,1.57140806433342,1.05898819662586,0.00147300463624934,0.994649190950537,1.12139950500023,0.970184397207922,0.0950945161559151,0.461574256004616,1.46186524763694,0.976086999943841,0.00258953564803214,0.892532513833705,1.06012567145934,1.01932606371362,0.033333649321267,0.720799167346045,1.32036587131635,1.0271448809809,0.00121037966215527,0.969240913850929,1.08424169410177,0.989823389750805,0.00158276104167398,0.92605519125153,1.05523982881708,1.0008455705974,0.00150708587844852,0.935925834263106,1.06321553766207
"ind-large","halfcauchy",2,"continuous",10,124,14599463,13597327,1,1,1,1,1.00012849080639,1.01146014423559,0.998940675567722,1.00012849080639,1.05979225066351,0.100723572340202,0.535529814383222,1.57390609693265,1.05671744404556,0.00146396704006706,0.992087722179321,1.11820643390623,0.978977176768467,0.0933253997410596,0.480361874903897,1.46945446282306,0.98758692514253,0.00249488289081301,0.906046909854567,1.06932900626366,1.02877476517642,0.0362510089935119,0.719826008296919,1.34303563162357,1.03751747808681,0.00122528842857912,0.977623531426371,1.09346966940446,1.07833125279359,0.00157525073654681,1.01462890004984,1.1432990439689,1.0722503050626,0.00149384545183817,1.00862755146969,1.13444416280213
"ind-large","halfcauchy",2,"continuous",10,125,14599463,4549067,1,1,1,1,1.00012849080639,1.01146014423559,0.998940675567722,1.00012849080639,1.01117726170724,0.0981929663861892,0.498569011784358,1.51801782930051,1.00763948663715,0.00142908028877854,0.944281294525305,1.06777210247695,1.02682590594926,0.0913262522503495,0.528035273243266,1.51636084304692,1.03509361466792,0.00246553444372552,0.952234194538491,1.11656198872431,0.952090351958543,0.0349088777767234,0.648099146851004,1.26338424010498,0.958617848169847,0.00120838327800672,0.899559063423465,1.01621431003977,0.968878007256219,0.00154972501242594,0.905667937031452,1.03400589150272,0.987462388588921,0.00147139580113819,0.923284873363124,1.04957147502553
"ind-large","halfcauchy",2,"continuous",10,126,14599463,9019824,1,1,1,1,1.00012849080639,1.01146014423559,0.998940675567722,1.00012849080639,0.968432184776762,0.0947948099323275,0.467196507175282,1.47057632620792,0.965216180999791,0.00145210484033788,0.900662555345561,1.02469600365695,0.933444288970173,0.0817936728371398,0.467721827077342,1.39456693532696,0.940008708491161,0.00271903233436616,0.853918670915902,1.02517857013693,0.958660955325419,0.0368933527769614,0.647371150924118,1.27611960298789,0.967438068076998,0.00119797403640537,0.911029660383787,1.02513075320104,0.994841557692249,0.00159771027545659,0.930413333987357,1.06123473271231,1.00103839934312,0.0015125882128626,0.935857410835851,1.06366203468957
"ind-large","halfcauchy",2,"continuous",10,127,14599463,7210052,1,1,1,1,1.00012849080639,1.01146014423559,0.998940675567722,1.00012849080639,0.9478287161602,0.0963616971516077,0.43611306535592,1.45261687810131,0.944627255899958,0.00133887034292336,0.883703840889053,1.00265495721213,1.04545786620078,0.0928918606945813,0.553909931547696,1.53698751910142,1.05568449986105,0.0023486302098844,0.976372573804642,1.13695216855255,0.998418638314588,0.0317111303736925,0.70922628667106,1.2898307524548,1.00622188185646,0.00112940059756461,0.949826626367973,1.06101726320469,0.951776522919915,0.00146019265957379,0.890794174655585,1.01445371734103,0.94577594709155,0.00139423575725926,0.88407944105658,1.00639035948439
"ind-large","halfcauchy",2,"continuous",10,128,14599463,3429223,1,1,1,1,1.00012849080639,1.01146014423559,0.998940675567722,1.00012849080639,0.952484320379848,0.100328276643425,0.429049203742485,1.46971529789656,0.948840069525497,0.00136377409762519,0.886465827539843,1.00811490349305,0.93917414709861,0.0943164086202503,0.431179146841137,1.43085366443319,0.944586397943691,0.00233875294083959,0.865221958992127,1.02417062451874,1.05163309572673,0.0348083767896657,0.744555326679658,1.35171312671622,1.05938969387382,0.00110516005230152,1.00214672190233,1.11203151708636,0.992644010105523,0.00143690393153633,0.931626770613388,1.05504346536707,1.01213565182774,0.00136598916576213,0.950834589040053,1.07223908061531
"ind-large","halfcauchy",2,"continuous",10,129,14599463,1803743,1,1,1,1,1.00012849080639,1.01146014423559,0.998940675567722,1.00012849080639,1.02850657779765,0.0978212008283227,0.503381342139314,1.52942427734412,1.02490555538227,0.00143236632191689,0.961228000111774,1.08401038267132,1.0329296754463,0.0988975438535195,0.51945122653549,1.53672365127821,1.03994955761722,0.00250060286492373,0.958624556552708,1.1236075013202,1.00648351467124,0.0307224297376695,0.726370920024938,1.29540201783027,1.01267046561714,0.0011296982475679,0.955360513622664,1.06701836542481,0.937306094736781,0.0015274401027942,0.874452826746289,1.00153652606699,0.96016065131367,0.00144408601535239,0.897198857458953,1.02193001565513
"ind-large","halfcauchy",2,"continuous",10,130,14599463,4456971,1,1,1,1,1.00012849080639,1.01146014423559,0.998940675567722,1.00012849080639,1.03656908718731,0.101505004052156,0.516968649538894,1.55158413646038,1.0333416995936,0.00153821020974092,0.966303247675075,1.09504296998979,1.01860311949628,0.0918672779805315,0.523077739826939,1.50882233267272,1.02681721971673,0.00264131809726326,0.941298391880103,1.11285639561539,1.01015470771097,0.0376234929137994,0.691302212837542,1.3371944372036,1.01822439139013,0.00127787276067477,0.958364876368056,1.07640630152301,1.00288263392193,0.00166189604403471,0.93741988990196,1.07040353431731,0.997674336363386,0.0015614001077187,0.931842643274733,1.06191679143522
"ind-large","halfcauchy",2,"continuous",10,131,14599463,15103146,1,1,1,1,1.00012849080639,1.01146014423559,0.998940675567722,1.00012849080639,1.03938412822965,0.101283335291925,0.509298485886828,1.54693752305288,1.03571815851076,0.001433587845393,0.971123054729015,1.09460322044728,0.958312658903687,0.0956661821395306,0.444476864975028,1.45361924206624,0.966436147795879,0.00253816636266287,0.883771202249818,1.04935617732178,0.999753037011181,0.0345390967784392,0.696466664122157,1.30526862726652,1.00775010708388,0.00113762092445094,0.950953092088695,1.06265909452015,0.993966138588497,0.00150117556291344,0.931560154594668,1.0577624858244,1.00504626239435,0.00142336390921372,0.942122294357216,1.06604973151632
"ind-large","halfcauchy",2,"continuous",10,132,14599463,13299513,1,1,1,1,1.00012849080639,1.01146014423559,0.998940675567722,1.00012849080639,0.929046743318816,0.100465061398785,0.405072249649738,1.44164894972509,0.925428462064799,0.00147437187064581,0.861784755453615,0.987681062559008,1.03482082959544,0.0946253110753077,0.528409829420064,1.53853096102467,1.04068584331476,0.00255751121694589,0.958038135303894,1.12486136986557,1.00099525602427,0.0358330924915133,0.696660032282212,1.31480403558313,1.00679442995514,0.00121264668587614,0.947940657464779,1.06302214366134,1.0259522653828,0.0015787341964548,0.962277631866738,1.09160593555093,1.05805480591101,0.00151234418133943,0.993732227031845,1.12062611107963
"ind-large","halfcauchy",2,"continuous",10,133,14599463,1571212,1,1,1,1,1.00012849080639,1.01146014423559,0.998940675567722,1.00012849080639,1.02090898067286,0.100770556010763,0.503997832191543,1.530563059676,1.01747962322677,0.0013827436457289,0.95631422004378,1.07776899671819,1.03253860588623,0.0890447839779546,0.548065423526729,1.51671469874046,1.04113002879668,0.00241930588424789,0.96019040801395,1.12301154895859,0.940979150928348,0.0372721950192336,0.630187189911968,1.26720105758434,0.948735321354134,0.00113760882035391,0.892349062781182,1.00355131283848,0.979204831847435,0.00150081616866856,0.917149463673268,1.04278391393001,0.983344185668861,0.00140625239332525,0.920814916723265,1.04395200891121
"ind-large","halfcauchy",2,"continuous",10,134,14599463,7362840,1,1,1,1,1.00012849080639,1.01146014423559,0.998940675567722,1.00012849080639,0.995711099534631,0.0926888893380632,0.489658653674,1.50318141359667,0.992976994469236,0.00138654696480731,0.930710933011189,1.05388375799247,1.01102616583393,0.0775496012846192,0.555634688775098,1.46700218652443,1.01780037947368,0.00258769119088768,0.934118401064791,1.10178862098062,0.94982237830187,0.0370881250749695,0.630398929052093,1.27107024833837,0.958369203911431,0.00120909936784852,0.89973957248699,1.01497592708481,1.00689856003758,0.00153629341219969,0.944055127957513,1.07130577053141,1.02101910278358,0.00144534954068071,0.957423098248823,1.08247754613478
"ind-large","halfcauchy",2,"continuous",10,135,14599463,554054,1,1,1,1,1.00012849080639,1.01146014423559,0.998940675567722,1.00012849080639,1.05494460337711,0.104722898848103,0.524397543736645,1.57824401824876,1.05283652993174,0.00140299455899911,0.990213227974548,1.11307964164045,0.988702694885209,0.0953788931718625,0.483000115357234,1.48647239758827,0.995413375581929,0.00249223414195947,0.913117814527602,1.07771478972774,0.989939350977676,0.0383112094357104,0.667804944358917,1.31466787302118,0.997826312398729,0.00111993131687881,0.943418815323065,1.05284176123894,1.03472968915992,0.00150185113178069,0.972729058629303,1.09911270440259,1.06277781056881,0.00141005055600962,1.00090617937795,1.12364808953472
"ind-large","halfcauchy",2,"continuous",10,136,14599463,2074471,1,1,1,1,1.00012849080639,1.01146014423559,0.998940675567722,1.00012849080639,1.05761853273991,0.0990820028458731,0.541181643019616,1.5776964989974,1.05443654794812,0.00126336287651521,0.993851198369231,1.11175539888763,0.919866331058652,0.0904289318741452,0.419304996655716,1.40149804135578,0.927305193858847,0.00232105799485076,0.847801304020902,1.00712458515794,0.923426488540559,0.0357297835044929,0.619069460565021,1.24097443855691,0.931074937322255,0.00109079610315893,0.875863749699247,0.984610648940914,0.970301744498296,0.00144222188500894,0.909455054168371,1.0325537327341,0.984166900588064,0.00136650320881786,0.922675485106683,1.04420684747482
"ind-large","halfcauchy",2,"continuous",10,137,14599463,2115429,1,1,1,1,1.00012849080639,1.01146014423559,0.998940675567722,1.00012849080639,1.03066884403194,0.104056384000829,0.503769559826575,1.55402748556393,1.02702988582165,0.00144451811626532,0.963516758227758,1.08795084198641,0.968320255557808,0.0955367006398908,0.457199228937183,1.46689128650465,0.97507726868864,0.00248717056265019,0.892213360246999,1.05700561783482,0.96374545410497,0.0370436260725132,0.639281638392151,1.2883510794485,0.971628865446811,0.00115771671971948,0.914396126094979,1.02656344773584,0.965619109867896,0.0015380882660683,0.902794069645072,1.03039186696516,0.986339967730316,0.00144516849777439,0.923729012989659,1.04779100163212
"ind-large","halfcauchy",2,"continuous",10,138,14599463,8657663,1,1,1,1,1.00012849080639,1.01146014423559,0.998940675567722,1.00012849080639,1.00994652100837,0.10456249311482,0.476534746757332,1.53929223306574,1.00426947702024,0.00132922464587698,0.943513148743818,1.06270012346643,1.02685389535422,0.10447677858659,0.496785455707783,1.55042131951539,1.03505945208842,0.00237287009200399,0.955027717069255,1.11351781223094,0.978751066838952,0.0337475765219872,0.678139397869065,1.28151310818365,0.984887237779849,0.00106708056520047,0.930276182172559,1.03862843383518,0.98451024830184,0.00144177958154021,0.923490275795663,1.04724565428396,1.00107663018645,0.00137265877909981,0.939899283589954,1.06070554140501
"ind-large","halfcauchy",2,"continuous",10,139,14599463,8335008,1,1,1,1,1.00012849080639,1.01146014423559,0.998940675567722,1.00012849080639,1.01810506749932,0.0903196943122553,0.5181050702917,1.50856156802558,1.014354006005,0.00147413511271477,0.952262498237866,1.07473960551214,1.07633864562713,0.080867529275711,0.606018892057447,1.53922743211805,1.08325735898154,0.00263722108579105,0.998735051304956,1.16916686136643,1.00949847461567,0.0335636470118372,0.716024139448649,1.31113015168257,1.0177353166264,0.00123391326728932,0.958387102655427,1.07442920115835,0.982685097789704,0.00159375640167982,0.918544478590765,1.04829933337031,0.991389864942016,0.00150404573280066,0.926495153970654,1.05395826247983
"ind-large","halfcauchy",2,"continuous",10,140,14599463,9123942,1,1,1,1,1.00012849080639,1.01146014423559,0.998940675567722,1.00012849080639,0.961505807453698,0.0954241473076006,0.450594049816397,1.46074124499013,0.957821875835396,0.00136389477545135,0.895587531194082,1.0175280342964,0.981533745312996,0.0865428254709669,0.500139376280581,1.45625584515575,0.990299566987468,0.00251724285035585,0.907950237849543,1.07218263416863,0.896719065220585,0.0346345742594892,0.591531209577843,1.2013621081051,0.904808303025807,0.0011365611053681,0.8500220909144,0.959798866186879,1.03149114513779,0.00153063234034953,0.968694445805306,1.09625412003757,1.0336378374269,0.00145518290563611,0.970201395019418,1.0957148638926
"ind-large","halfcauchy",2,"continuous",10,141,14599463,10172269,1,1,1,1,1.00012849080639,1.01146014423559,0.998940675567722,1.00012849080639,0.980826957740883,0.0970843557189431,0.46979766352343,1.48438203887552,0.97675335485266,0.00136221733310197,0.91529742895446,1.03556912982035,0.990317293248898,0.091482772606088,0.495915318932819,1.46676952511348,0.996425220761517,0.00244457960284917,0.913789530547692,1.07914321731581,0.956796637663011,0.0334595284927107,0.661897116958759,1.25881260936294,0.963212805731253,0.00112804338461022,0.907437121875692,1.01766496910738,1.0011507683212,0.00147756134357479,0.939512027743265,1.06441589353066,1.01777988068421,0.0013988078592252,0.956333179514831,1.07782604163871
"ind-large","halfcauchy",2,"continuous",10,142,14599463,4922558,1,1,1,1,1.00012849080639,1.01146014423559,0.998940675567722,1.00012849080639,1.04097717328795,0.0891915488996167,0.546627016129865,1.52301894339737,1.03703063564629,0.00153595177553109,0.971514257146397,1.09827943157599,0.990167598725981,0.0867238070584643,0.5034436946163,1.46583817229079,0.997987183695925,0.00276466167355305,0.911622339578425,1.08527522024871,0.973878834117804,0.0293693361159652,0.700625462168124,1.26028362288186,0.980703045486399,0.00130987818419435,0.920409878649525,1.03884565447087,1.04660232957623,0.00169920258086323,0.980164407364044,1.11416820487298,1.04967797001675,0.00160281263136752,0.982707963823582,1.11489282385487
"ind-large","halfcauchy",2,"continuous",10,143,14599463,46304,1,1,1,1,1.00012849080639,1.01146014423559,0.998940675567722,1.00012849080639,1.01806959681998,0.104027383674533,0.493694894585545,1.54383873481678,1.0157441147716,0.00131479032683032,0.953416101779379,1.07398989214062,0.998541266481914,0.0951796188211116,0.481387405316504,1.48867541420023,1.00595468803232,0.00229700744547152,0.927870499713477,1.08437850672804,0.978528206711947,0.0373055935089662,0.661470938414284,1.29556542492837,0.986646839829488,0.00107320013650931,0.930934963355291,1.0397705415373,0.960801788299271,0.00140594363947379,0.900571621778153,1.02255281498353,0.979950299801426,0.00132576480278233,0.919872858071042,1.03851252638876
"ind-large","halfcauchy",2,"continuous",10,144,14599463,15992859,1,1,1,1,1.00012849080639,1.01146014423559,0.998940675567722,1.00012849080639,0.99894412611462,0.0904838060671673,0.492608243868054,1.4869748161139,0.995167874308742,0.00142968474815675,0.932140721724643,1.05554189121314,1.04369545706216,0.0843874637624259,0.55713306665847,1.5130635311328,1.0513198684066,0.00254113909180039,0.969075449132393,1.13458253540603,0.964018678714193,0.0311158323060563,0.678914787666649,1.2515989835036,0.970590321660208,0.00114339246344568,0.914474880046552,1.02566180801465,0.985613094524892,0.00154340586386107,0.92265229106387,1.05078105648258,0.995335901673695,0.00145562737607905,0.931864764715999,1.05742678696698
"ind-large","halfcauchy",2,"continuous",10,145,14599463,4367108,1,1,1,1,1.00012849080639,1.01146014423559,0.998940675567722,1.00012849080639,0.995750873912653,0.0945950844639697,0.487203970517387,1.50024786805516,0.991930969484705,0.00132139279322225,0.930544125452504,1.04912646346989,1.01436617505169,0.0922901400037799,0.516830168230853,1.50508773454262,1.01997659451423,0.00235438400925021,0.939986576691934,1.10042801581201,1.07542517141601,0.0309019540276595,0.793489497961727,1.36068031470962,1.08140846315485,0.00112927125756476,1.02536734203906,1.13498518843821,0.932880740818998,0.00146771039525636,0.871433656974301,0.996128158487365,0.959916571886368,0.00139656075689761,0.897948781570058,1.02071752945922
"ind-large","halfcauchy",2,"continuous",10,146,14599463,12545843,1,1,1,1,1.00012849080639,1.01146014423559,0.998940675567722,1.00012849080639,0.957183300219958,0.0930451879408291,0.451629697716425,1.4509836493723,0.953978155096163,0.0016020149868373,0.887042935100751,1.01706370970819,1.03431241542102,0.0921985146154729,0.536616236145946,1.5303221975656,1.0417618726755,0.00278350905841859,0.956090309988515,1.12832945102054,1.01078719694672,0.0304610738681682,0.725000974547018,1.29908081907019,1.01680842386261,0.00129814118014077,0.95561405846726,1.07486547046268,0.992908191634764,0.00172342529778742,0.926109662778694,1.06098246852543,1.01284765563518,0.0016346617190302,0.94638081830171,1.07847822991071
"ind-large","halfcauchy",2,"continuous",10,147,14599463,2779825,1,1,1,1,1.00012849080639,1.01146014423559,0.998940675567722,1.00012849080639,1.11245239267645,0.0962590052602209,0.603566619070317,1.61815331536979,1.109417068899,0.00138798575277434,1.04650025726604,1.1689953541517,0.954070320038401,0.0814837538686281,0.485358168963875,1.41703644520501,0.963109491870283,0.00247782591707359,0.881413499505067,1.04534987713866,1.03074610513638,0.0386288956961007,0.708688352624091,1.36036872660778,1.04080251005713,0.00118630287487398,0.983070327689099,1.09560926699805,1.05869739281864,0.00151356422476061,0.996196438949979,1.12325394706754,1.05496209223566,0.00142494175977602,0.991798365315098,1.11628005666719
"ind-large","halfcauchy",2,"continuous",10,148,14599463,7958155,1,1,1,1,1.00012849080639,1.01146014423559,0.998940675567722,1.00012849080639,0.969058044402194,0.093807411353962,0.473884313515071,1.46824896526267,0.965916552108697,0.00144701863122314,0.903238853117681,1.02692050530432,0.961064858839335,0.0789856465534061,0.508948187054763,1.4168169555189,0.966960800687354,0.00257494773673914,0.883188753803886,1.05112553082685,0.953703990404082,0.0377396423742529,0.633553800676254,1.27517329904428,0.961543585428293,0.00121859479688679,0.904312749451115,1.01773889323355,1.00154821587201,0.00157392986126219,0.937821304148942,1.06666685270945,1.02112465647648,0.00148317721379894,0.956506070270378,1.08293518740727
"ind-large","halfcauchy",2,"continuous",10,149,14599463,11641952,1,1,1,1,1.00012849080639,1.01146014423559,0.998940675567722,1.00012849080639,0.9854557887537,0.0956138151144106,0.470555417094694,1.47612767424334,0.981484430506155,0.00136381505586028,0.920080372076794,1.0398247031158,0.961183780096249,0.0906634033471461,0.468314732306798,1.45176637561566,0.969401814163936,0.00241775945658097,0.888719221295721,1.05143067686658,1.039787234122,0.0329189863333796,0.744225584301235,1.33459306472746,1.04911218008348,0.00115241570890258,0.99280290843619,1.1033849376281,0.977126919686208,0.00149873730274102,0.915435709165951,1.0405352035385,0.973183333946502,0.00142615305167261,0.911245161525339,1.03455005542892
"ind-large","halfcauchy",2,"continuous",10,150,14599463,12214341,1,1,1,1,1.00012849080639,1.01146014423559,0.998940675567722,1.00012849080639,0.969657892642972,0.102507380304382,0.439367941426349,1.48787828114534,0.966288378857599,0.00145326288755435,0.901406646770737,1.02761786887843,0.961616314931834,0.0939113453089647,0.452223868680038,1.46342962393123,0.971436715126575,0.00246797494888965,0.889252459018589,1.05395234976831,0.980479918609831,0.037440019736643,0.665396871904119,1.29363197412043,0.988337388586365,0.00119243563194036,0.929965529906035,1.04378594205749,1.06218374334012,0.0015393464789082,0.999384386004609,1.12706901480124,1.05991058479238,0.0014525277137077,0.996922081463446,1.12127727852681
"ind-large","halfcauchy",2,"continuous",10,151,14599463,13884379,1,1,1,1,1.00012849080639,1.01146014423559,0.998940675567722,1.00012849080639,1.02643834429869,0.0942961029979128,0.518617680677579,1.52979966413035,1.02332637162705,0.00128968874682908,0.963837815103301,1.08202243666446,1.00514774296339,0.0824864192308702,0.534685725776563,1.46914812184328,1.01396014670576,0.00230964176206101,0.934788099915394,1.09377032465858,0.981563694098854,0.0354942481019669,0.672309177376702,1.29234675564684,0.991156428551915,0.00108529133241147,0.935826206682874,1.04490975802361,1.00779428802978,0.00142268353483014,0.946813207020661,1.07015402614713,0.997588435424603,0.00134405697264904,0.935512499524237,1.05677458175945
"ind-large","halfcauchy",2,"continuous",10,152,14599463,9800924,1,1,1,1,1.00012849080639,1.01146014423559,0.998940675567722,1.00012849080639,1.00910256169302,0.0972895730872811,0.492600811048804,1.51732270291822,1.00662589552763,0.00143669972742349,0.943043638021149,1.06779610119308,0.956486845891168,0.0913562822261122,0.453302145280525,1.4422396980864,0.963053326222269,0.0025895760871676,0.877409507064159,1.04664258677782,0.971347361513775,0.0335750006752249,0.67662624321972,1.27511030954892,0.978532234013061,0.00120680651329033,0.920600965504772,1.03493375274527,1.05908419471955,0.00158993610946874,0.995133738098715,1.12454405248275,1.06477218958404,0.00149813576567768,1.00104577575816,1.12754872680075
"ind-large","halfcauchy",2,"continuous",10,153,14599463,780929,1,1,1,1,1.00012849080639,1.01146014423559,0.998940675567722,1.00012849080639,0.99319179914436,0.103145928655831,0.464985240149796,1.51096886076965,0.990796356967111,0.00147895374375585,0.926424094746657,1.0523188459221,1.00139747603605,0.0947206194248328,0.491372257897332,1.49451103780267,1.00843649151934,0.00251667079744113,0.925552286889896,1.09015278338438,1.06004343803747,0.0368718284743913,0.747768925089176,1.37205643689933,1.06854952356874,0.00115777075458309,1.01188166585791,1.12320710261739,0.983682338812335,0.00155177048831073,0.920493380471139,1.04834343793868,0.991998883152574,0.00148752741515912,0.928224518484744,1.05422364785017
"ind-large","halfcauchy",2,"continuous",10,154,14599463,16319741,1,1,1,1,1.00012849080639,1.01146014423559,0.998940675567722,1.00012849080639,1.04725162041852,0.103486425812201,0.511745345126638,1.57713753260102,1.04277179675371,0.00140447806136899,0.978892694995655,1.10161404946037,1.07147672000237,0.101653772277208,0.545792517190494,1.59227700542862,1.08075984566712,0.00244243725588009,0.99870820589459,1.16347778297272,0.991325391945028,0.0340218999273703,0.694828077129077,1.29202649709364,0.998255824324875,0.00113780941576946,0.94201340827869,1.05267012507907,0.96141503585246,0.00150845645934274,0.898811779985915,1.02508557821485,0.968034584679022,0.00144320098471361,0.904332351941785,1.02920688488916
"ind-large","halfcauchy",2,"continuous",10,155,14599463,13993830,1,1,1,1,1.00012849080639,1.01146014423559,0.998940675567722,1.00012849080639,0.957941832984781,0.100132456809495,0.440904039140296,1.47621720416022,0.955127986906197,0.00153596837992987,0.888067186069171,1.01804419457932,1.02063731983226,0.0890231292417932,0.524826021925692,1.50044490061284,1.02716969570612,0.00279098940915382,0.940974535082864,1.11426811319305,0.992742477432846,0.0375523561920124,0.673626425383676,1.30722394533112,1.00017707857683,0.00123904172577488,0.942308693499224,1.05753391336833,1.09690331792895,0.00165933083314334,1.03156985760426,1.16431472813389,1.11717814382162,0.00157573524879259,1.05210466904149,1.18203296155235
"ind-large","halfcauchy",2,"continuous",10,156,14599463,13090227,1,1,1,1,1.00012849080639,1.01146014423559,0.998940675567722,1.00012849080639,0.966049619890414,0.0996398999795726,0.438096502458811,1.4777575776921,0.962888584406342,0.00130317647090573,0.903046700548789,1.02196381506526,1.03037889719215,0.0904933045934575,0.533234314653854,1.50768975704448,1.038363973985,0.00227360300131235,0.959995798122758,1.1171042265347,1.01333807801609,0.0359293402554338,0.709027091005463,1.32419779097149,1.02060613792018,0.00106123707516284,0.966149979567147,1.07232606393373,1.02699500300723,0.00140325314484253,0.967022174554349,1.08850028893945,1.04470187278748,0.00132472219942535,0.984147084336761,1.10348534861182
"ind-large","halfcauchy",2,"continuous",10,157,14599463,1370671,1,1,1,1,1.00012849080639,1.01146014423559,0.998940675567722,1.00012849080639,0.970533517609884,0.0968787264836358,0.457934946628927,1.47524426765,0.968634259277328,0.00149124688818996,0.904698842748739,1.02909598382269,0.992367336441732,0.0910477009792263,0.491800050709842,1.49163713960364,0.997239179702547,0.00264303878831532,0.912837519084529,1.0824311132589,1.03112724723405,0.0346295376503166,0.734375288863276,1.33760028533429,1.03813414953063,0.00119997714158816,0.981770358023037,1.09464559200448,0.964281883034578,0.00159956125583137,0.899806027570446,1.03037352777577,0.988161451524407,0.00150182529239341,0.924448723295432,1.05065823227296
"ind-large","halfcauchy",2,"continuous",10,158,14599463,3257650,1,1,1,1,1.00012849080639,1.01146014423559,0.998940675567722,1.00012849080639,1.03018772398247,0.105283847374357,0.502741550197203,1.55566451958253,1.0272306707603,0.00134283610575209,0.966248820105163,1.08543686222112,0.959115400814096,0.095050887915241,0.453684353682354,1.46154268733158,0.965187022309212,0.00235958700195313,0.885577963782975,1.04573815750192,1.00759314575857,0.038513996491839,0.686319838775788,1.33674660668446,1.0154452022893,0.00111485827401482,0.959907526204276,1.06943335773909,1.02591247156683,0.00141004109724115,0.965595980742879,1.08779260333838,1.04752013596344,0.0013384309325096,0.985983262105324,1.10655516140059
"ind-large","halfcauchy",2,"continuous",10,159,14599463,2253049,1,1,1,1,1.00012849080639,1.01146014423559,0.998940675567722,1.00012849080639,0.943449168232338,0.0925306067948063,0.441046341318033,1.43822211475165,0.939979289213841,0.00143602880282911,0.876205073713359,0.999669412409683,1.00792495478503,0.0905535452876217,0.523379100794206,1.49720475758974,1.01656639341627,0.00252573881209255,0.933522854819816,1.10136238561199,1.00908966452848,0.0312062342281511,0.723233830266988,1.30525818333656,1.0158712627037,0.0012276616668281,0.957176553853782,1.07219956771396,1.05555452990433,0.00158567149542765,0.991490438593676,1.12088543216666,1.06432464708062,0.00150618069494837,0.999468017379287,1.12693453646347
"ind-large","halfcauchy",2,"continuous",10,160,14599463,6711985,1,1,1,1,1.00012849080639,1.01146014423559,0.998940675567722,1.00012849080639,0.995089295782182,0.0952335032037227,0.486816213977192,1.49049242984342,0.993323213532334,0.00128993451020475,0.933917062722935,1.05131733770987,0.952190852634849,0.083587216699989,0.47300191419703,1.4193474798788,0.961535471839509,0.00231225551470218,0.880930604290996,1.03934082232106,0.944823160349278,0.0355732185062132,0.641163527022161,1.25988073482775,0.954040856339212,0.00105729406407953,0.900205528918316,1.00732442466029,1.04470330389883,0.00140503922793254,0.984019735713148,1.10682375988985,1.03952523796849,0.0013485142403581,0.979495814867134,1.09869885438044
"ind-large","halfcauchy",2,"continuous",10,161,14599463,13237428,1,1,1,1,1.00012849080639,1.01146014423559,0.998940675567722,1.00012849080639,0.961989300465309,0.0994484710843875,0.445166845734241,1.47349840777219,0.958650418804709,0.001431600826838,0.89563544517644,1.02041232881562,0.929866181703691,0.0906043295427753,0.435777622201457,1.40733179404238,0.936233030834872,0.00258743047315505,0.852278799785204,1.01968676509364,1.01966746676298,0.0362306300205159,0.715344086062998,1.33308400775502,1.02825411225055,0.00120517192049097,0.970534266254432,1.08369992195304,0.999176071436805,0.00157469799496612,0.935329011891573,1.06484007054557,1.01514322416203,0.0014939967336667,0.950795710807238,1.0772927185628
"ind-large","halfcauchy",2,"continuous",10,162,14599463,10114559,1,1,1,1,1.00012849080639,1.01146014423559,0.998940675567722,1.00012849080639,0.91134386064378,0.0997305822252281,0.389694799705139,1.415612336719,0.908224088381031,0.00135828217691531,0.845554096382359,0.965979075927285,0.978075220922969,0.0920234989059179,0.473970202805263,1.45960313224788,0.986682399615105,0.00244294846418508,0.904628350906835,1.06777627339983,0.987187734898592,0.0353946293657878,0.680255852807349,1.30224558614315,0.995087294602542,0.00114651264006417,0.937600235901795,1.04968928327155,0.999937348227527,0.0014870342352238,0.938352404237623,1.06348639345143,1.00966291082467,0.00141196240295336,0.94692556489122,1.0705151037396
"ind-large","halfcauchy",2,"continuous",10,163,14599463,13732704,1,1,1,1,1.00012849080639,1.01146014423559,0.998940675567722,1.00012849080639,1.02729543574093,0.105684660884414,0.492255475890315,1.55021812111813,1.02455879471916,0.00141357106027473,0.962551017805618,1.08661283080025,0.998956063992665,0.0913007855428161,0.506604799840217,1.48397368384339,1.00447215378871,0.00229695732224461,0.925046481615373,1.08358635326295,0.928255389357999,0.0396184560164737,0.603737718800511,1.25973790828532,0.936320192019629,0.00115343334999233,0.879145166284004,0.992097340194131,1.01578595520806,0.00145584441041979,0.954391748650303,1.07822908792572,1.02572007681981,0.00136739963500049,0.964315601778776,1.08585409031061
"ind-large","halfcauchy",2,"continuous",10,164,14599463,11541393,1,1,1,1,1.00012849080639,1.01146014423559,0.998940675567722,1.00012849080639,0.988920688454069,0.0990423523654547,0.472443232936198,1.50025823118723,0.9850476796817,0.00152020805626031,0.920700189718386,1.04718862149669,0.911050987827364,0.0922286241318372,0.408175973857323,1.39982859285006,0.917072716008291,0.00266169229389469,0.829699478364159,1.00115090315751,1.00266213251916,0.0339319593510344,0.703250826310849,1.30612856635364,1.01028375163667,0.00127596617961562,0.949762050878973,1.0675138791002,1.00389640106472,0.00163275291950598,0.93917074206131,1.07025767329868,1.01231509311889,0.00154857424070019,0.946330234439453,1.07612150694393
"ind-large","halfcauchy",2,"continuous",10,165,14599463,5153209,1,1,1,1,1.00012849080639,1.01146014423559,0.998940675567722,1.00012849080639,1.0219110114219,0.102090688169861,0.489771041000699,1.54125747351946,1.01865061746991,0.00139292598000243,0.955470266329807,1.07934141269444,0.991779483644404,0.0959035423633956,0.479798599554587,1.50223033722227,0.997828288281054,0.00239907936394436,0.916517913901633,1.07794696237692,0.942638016585675,0.0353459791765419,0.636352104427338,1.25421088623884,0.9496386197323,0.00113371148897955,0.892541435076826,1.00382335564514,0.999503203628728,0.00148371978877899,0.937768917192942,1.06330792759293,1.02167131936714,0.00141008316825985,0.959511813819468,1.08227874233488
"ind-large","halfcauchy",2,"continuous",10,166,14599463,14887870,1,1,1,1,1.00012849080639,1.01146014423559,0.998940675567722,1.00012849080639,1.03765718836209,0.105331950835279,0.506188909518717,1.56172132929769,1.03398565875908,0.0015115817428778,0.96902367249986,1.09693203384223,0.969644694492801,0.102130626913729,0.441510539685405,1.48482635767027,0.978045899128782,0.00269854404930998,0.891839164201547,1.06309434847779,0.996296746015892,0.0354107278563434,0.691687821590489,1.30707935833087,1.00319239903236,0.00120499626340573,0.945848658386007,1.05989513596977,0.998633451912359,0.00163057486940289,0.933783714689998,1.06509192918772,1.01771549514277,0.00154941600459061,0.952490414597457,1.08152987850804
"ind-large","halfcauchy",2,"continuous",10,167,14599463,16066775,1,1,1,1,1.00012849080639,1.01146014423559,0.998940675567722,1.00012849080639,1.03497605149299,0.0985216738534585,0.509901279071737,1.54156722562579,1.03200509664185,0.00132856330974329,0.971125359082998,1.09074138976915,0.924746837384592,0.0924812287014893,0.418340118979003,1.41164767780589,0.930500204219256,0.00243177243411703,0.849980469614388,1.01211360692597,1.02099981570222,0.0334687110383029,0.723821955425358,1.3239561416602,1.02704973234652,0.00113904836504601,0.970888990232268,1.08105069617815,0.935198259394252,0.00144800750674442,0.874185542730744,0.997732795893402,0.960124795412213,0.00137984566396563,0.898950645989195,1.02032398035392
"ind-large","halfcauchy",2,"continuous",10,168,14599463,1731184,1,1,1,1,1.00012849080639,1.01146014423559,0.998940675567722,1.00012849080639,1.02267303418283,0.103746404989304,0.488150741960684,1.54689080113579,1.01924010265014,0.00151599480855145,0.953499368462252,1.08145238317638,1.00317741741083,0.0978911188226621,0.486056173816611,1.5150086515167,1.01067205282847,0.00258452390421097,0.926420413346105,1.09363057703986,1.03138743990982,0.0349552986152799,0.724382961229913,1.34268592186406,1.03920190483452,0.00124489450285993,0.980739650269429,1.09611360338977,0.981645864877881,0.00161898080756147,0.916853254623372,1.04791368447672,1.00081212759553,0.00152889072817514,0.937817185194011,1.0639603908516
"ind-large","halfcauchy",2,"continuous",10,169,14599463,5076576,1,1,1,1,1.00012849080639,1.01146014423559,0.998940675567722,1.00012849080639,1.06856185687472,0.09482183084422,0.55158271025091,1.56118643133865,1.06496193666651,0.00129617002498412,1.00504689319756,1.12253717742346,1.14241954062129,0.0822581765442258,0.675469464324118,1.60699115282024,1.15051547726791,0.00231548494085205,1.07034029401187,1.22911311326146,1.00035351689088,0.0354381180817875,0.700514087279861,1.31346515947824,1.00929942858274,0.00110110270202867,0.953042558879976,1.06332877807549,0.96042766997878,0.00142121729936885,0.899828808072459,1.02270337425944,0.967985932204171,0.00134511867256454,0.906719991764849,1.02689354964612
"ind-large","halfcauchy",2,"continuous",10,170,14599463,12659465,1,1,1,1,1.00012849080639,1.01146014423559,0.998940675567722,1.00012849080639,1.00671663123429,0.0973955851237258,0.49327774118221,1.5067097300495,1.0033460983827,0.00151292571475092,0.938602293061393,1.06628106842415,0.997235327468846,0.0910707260040186,0.511050791151064,1.48427430693626,1.00381770357211,0.00268733046088498,0.918870903999737,1.09024899233767,1.01766390642761,0.0333658003739091,0.719467659183317,1.31625394114185,1.0260010638342,0.00127495710643993,0.966611695776664,1.08460784491505,0.957312599074873,0.00165946229434746,0.891987799503576,1.02420572028272,0.962888473286166,0.00158330633396853,0.896176008585926,1.02729983173494
"ind-large","halfcauchy",2,"continuous",10,171,14599463,10470875,1,1,1,1,1.00012849080639,1.01146014423559,0.998940675567722,1.00012849080639,1.03829198189178,0.0920913374585878,0.536358544626553,1.53598448216395,1.03603275841254,0.00153396287789455,0.971805146077396,1.09807843682825,1.0219468182576,0.0846304146657396,0.537445110367631,1.49287193765937,1.02743738967074,0.0027832538084401,0.94041259834195,1.11367079694341,1.06684986925391,0.0325627960315112,0.770408903843562,1.36091075534061,1.07275969060692,0.00126779654438761,1.01396938688598,1.13052670025142,0.994873852915237,0.00170299518599137,0.928857022620506,1.06292867881212,1.01483443341769,0.00159845285441536,0.947975431395878,1.08040117622285
"ind-large","halfcauchy",2,"continuous",10,172,14599463,13839520,1,1,1,1,1.00012849080639,1.01146014423559,0.998940675567722,1.00012849080639,0.985070249280309,0.0960472365326,0.476052862713067,1.48272961833151,0.983354796583058,0.00140386967591791,0.920358399844436,1.0426972011586,0.909429975704312,0.0836742126093698,0.435713514789269,1.37079838996366,0.917675635598271,0.00255703950961091,0.835050004712009,1.00083832987035,0.956562060129693,0.0371228759559352,0.641255374318142,1.27686047220935,0.965095581007066,0.00120788018967254,0.908479164239577,1.02139302677656,0.984855299529104,0.00159270596787683,0.920694709713007,1.05118816254527,0.988182131053363,0.0015004201499108,0.9229337306169,1.05057015678838
"ind-large","halfcauchy",2,"continuous",10,173,14599463,12247696,1,1,1,1,1.00012849080639,1.01146014423559,0.998940675567722,1.00012849080639,1.01046897825429,0.0959692403300595,0.490920810018045,1.50547942420715,1.00719232377735,0.00137873485167694,0.945051994746355,1.06629471850387,0.912876867198416,0.0897634038327017,0.420503038084642,1.39628047110204,0.920761023513896,0.00249247679331299,0.838324052809755,1.00415200093637,0.97327414381001,0.0331722718637026,0.679958122234179,1.272127814595,0.979967061133324,0.0011888275636802,0.921909468289564,1.03450250015381,0.936911891166893,0.00152549534005751,0.874164727233582,1.00122765055903,0.95461499471314,0.00144218080243569,0.890964145233332,1.01629401715244
"ind-large","halfcauchy",2,"continuous",10,174,14599463,358728,1,1,1,1,1.00012849080639,1.01146014423559,0.998940675567722,1.00012849080639,0.972793014471525,0.0966364258401773,0.458643307499941,1.48192841495586,0.969604076148968,0.00144000020192581,0.905300570574398,1.0297542350905,1.13193738706008,0.0847547312661823,0.660563497543468,1.5985161628446,1.14189972114174,0.00265959369054707,1.05810057575033,1.226869321359,1.00871561051698,0.0368018071638904,0.691006766060432,1.3249962983054,1.01814225917327,0.00118094096409681,0.962779144683813,1.07559934382676,0.964820462166146,0.00158304052019192,0.900913785321228,1.03006646943114,0.966885998595224,0.00149099718463586,0.902623996787333,1.02902587476811
"ind-large","halfcauchy",2,"continuous",10,175,14599463,10324169,1,1,1,1,1.00012849080639,1.01146014423559,0.998940675567722,1.00012849080639,0.995188757026348,0.0988572802147938,0.475516241184424,1.50089051861224,0.992047308200514,0.00149219310458366,0.927713385044554,1.05340222644656,0.89066675768889,0.0931297276648446,0.39347053839678,1.38297511439057,0.896902109737793,0.002553644634503,0.814160636543912,0.980722064247351,0.9381982200429,0.0338134271620349,0.639826239913361,1.2465729059625,0.945636466791086,0.00118604083962071,0.888920942728827,1.00090029119651,0.991560077849932,0.00156982085059381,0.928261944606661,1.05715375385623,1.00235208690604,0.00150112275612172,0.938264416992865,1.06501250814863
"ind-large","halfcauchy",2,"continuous",10,176,14599463,3769421,1,1,1,1,1.00012849080639,1.01146014423559,0.998940675567722,1.00012849080639,0.965649849562235,0.0987392818562557,0.444960288161776,1.47236407906797,0.961561323511,0.00138914080204687,0.899352409236604,1.02004747172183,0.898982592045055,0.089575748023972,0.408552582319543,1.37714373709168,0.906757116742993,0.00249810729105188,0.82446119053496,0.990159836796626,1.015059480637,0.0359822396161056,0.708647315885855,1.32262710559936,1.02409121433216,0.00112784814360338,0.967944638455215,1.07858641466836,1.00394669397985,0.00151497519104268,0.941515642662869,1.06783631996205,1.00530585720017,0.00143442692335817,0.942422756271667,1.06686867745862
"ind-large","halfcauchy",2,"continuous",10,177,14599463,7712766,1,1,1,1,1.00012849080639,1.01146014423559,0.998940675567722,1.00012849080639,0.930175248760668,0.101594429427985,0.39430745741224,1.44718900525362,0.926224463906741,0.0014424505495339,0.861881543952384,0.987191370829517,0.981571524798368,0.103358436255967,0.456723651553456,1.50089936689064,0.990908486087283,0.00254496059589873,0.909172320564872,1.07327660160568,0.988158165085179,0.0317826257931662,0.696819256470118,1.28145778280375,0.995751343741722,0.001144958139193,0.938841617530903,1.05053589248656,1.06577425415572,0.00153292617446495,1.00237647734479,1.13018959439541,1.06945255040298,0.00145801756531976,1.00552607079855,1.13063551964494
"ind-large","halfcauchy",2,"continuous",10,178,14599463,6578493,1,1,1,1,1.00012849080639,1.01146014423559,0.998940675567722,1.00012849080639,0.979260823226352,0.0971199117449354,0.465923157647769,1.49009605051472,0.976392803324395,0.0014485835110336,0.913986956440932,1.03725637794397,0.988831804645803,0.0896421891968982,0.499026060148528,1.46734631687337,0.994571623028339,0.00258981968016103,0.90974915534501,1.07934738405547,0.944206402637872,0.0346405213793005,0.639705977843804,1.25435545154789,0.950608700784166,0.00122069494903661,0.893001695715467,1.00714911310322,0.990612859437823,0.00158073243330587,0.926762586347439,1.05630071577789,1.0218355018736,0.00151346619130252,0.95706697329402,1.08410553245942
"ind-large","halfcauchy",2,"continuous",10,179,14599463,1009930,1,1,1,1,1.00012849080639,1.01146014423559,0.998940675567722,1.00012849080639,0.961946819746741,0.0991247670047014,0.441691415197865,1.4681887114241,0.958456143652446,0.00137380003747294,0.896844454565197,1.01784045991587,0.928920188444054,0.0953363232074005,0.419553375945954,1.42604855473886,0.938038354742979,0.00234772373224593,0.858021401042505,1.01853322548898,0.966938274871546,0.0335406006796957,0.669888467030129,1.2755702356591,0.975515964709886,0.00111701765114482,0.919561989630606,1.02999596316665,1.09596593721977,0.00145638327918601,1.03484858137786,1.15862302917933,1.0906101611416,0.00138551669262104,1.02840900556835,1.15090027818248
"ind-large","halfcauchy",2,"continuous",10,180,14599463,1514871,1,1,1,1,1.00012849080639,1.01146014423559,0.998940675567722,1.00012849080639,0.951006367408674,0.0983777154484612,0.439513095730298,1.46092454117356,0.950017628121077,0.00147311353193616,0.88504734368068,1.01057285292044,0.940850718525692,0.0848093449233478,0.466608179538853,1.40992701189573,0.947879729000776,0.00259161057887301,0.862319823437199,1.03273876114279,1.02314539076078,0.0377733371787354,0.701269489238503,1.34389435446323,1.03173950672898,0.00125834913258849,0.97283775878394,1.08964941353166,0.905592556710858,0.00160855967775613,0.840944659149294,0.9719908625037,0.927752228742063,0.00150718470001879,0.862322304569836,0.990730767146838
"ind-large","halfcauchy",2,"continuous",10,181,14599463,15026877,1,1,1,1,1.00012849080639,1.01146014423559,0.998940675567722,1.00012849080639,1.02470418853248,0.102639506400672,0.500423987792935,1.54741860909034,1.02064053291273,0.00135435850210707,0.95875539471314,1.07947103572848,0.919243294588649,0.0935723986889403,0.413972522740088,1.4112158463486,0.927213976433965,0.00231428091424338,0.849260448494908,1.00455528709086,1.02068948323748,0.0374101847473821,0.702064799612866,1.34122772051223,1.0297393897801,0.00112207822723776,0.972521896155427,1.08357557447412,1.01218224310125,0.00142740157835132,0.951587134141816,1.07415553136668,1.01221848088487,0.00135853863018732,0.951163088191684,1.07233301733928
"ind-large","halfcauchy",2,"continuous",10,182,14599463,8002247,1,1,1,1,1.00012849080639,1.01146014423559,0.998940675567722,1.00012849080639,1.07807567902104,0.105880110349913,0.536423992440528,1.61396552537906,1.07379205294866,0.00124915628468919,1.01468090944425,1.12932221390643,1.00199884024821,0.102971844479186,0.478706416789339,1.52255559907975,1.01329034001549,0.00232115699870507,0.932714633896701,1.09196991940095,0.994363804135989,0.03486655351145,0.684009644185884,1.30484736379183,1.00332006004051,0.0010296131663641,0.950098406379296,1.05555921749165,0.969541900459052,0.00140244467931589,0.909438610606533,1.0309917008174,0.969421732897294,0.00133157629232706,0.909181639160153,1.02809111702096
"ind-large","halfcauchy",2,"continuous",10,183,14599463,15596690,1,1,1,1,1.00012849080639,1.01146014423559,0.998940675567722,1.00012849080639,1.02265896601628,0.104927212584414,0.500832575746868,1.54494700275803,1.01882151410107,0.00145654877306695,0.954592498788782,1.08085150221514,1.02856611889037,0.0961752013954573,0.516469926369003,1.53542306133802,1.03629050165157,0.00255178289636395,0.953431120472564,1.12037510697155,1.01816565127556,0.0378374042291807,0.703950820687446,1.34324466476283,1.02553654487202,0.00119758484374235,0.967307113282221,1.08234757398621,0.951376711897536,0.00155811253980098,0.887547575101668,1.01623571226758,0.960547017095945,0.00147244644501629,0.896202447269128,1.02319684779821
"ind-large","halfcauchy",2,"continuous",10,184,14599463,11749419,1,1,1,1,1.00012849080639,1.01146014423559,0.998940675567722,1.00012849080639,0.987152720296924,0.102146180367101,0.468354088706341,1.50165162896525,0.983215301420676,0.00141353373948494,0.919009656300853,1.04211872177574,0.926541583031273,0.0934047244099233,0.426649620441338,1.42005952281701,0.93193727586331,0.00253069237538253,0.849704854916636,1.01413984430826,1.05693279831742,0.035909492825272,0.740816078036433,1.36977275565693,1.06585744503186,0.00114052960794814,1.01036795911866,1.12056589886853,0.971570803033838,0.00152263565771823,0.908681250486813,1.03618690266648,0.981889331664347,0.00143193897653387,0.919303544983169,1.04283895175358
"ind-large","halfcauchy",2,"continuous",10,185,14599463,4242757,1,1,1,1,1.00012849080639,1.01146014423559,0.998940675567722,1.00012849080639,1.00070088953905,0.0920599918177672,0.497190707490985,1.49748029907594,0.997835447144328,0.00141435857545856,0.935751458904729,1.05830466449122,1.06174360331999,0.0831745767482423,0.593403485273278,1.53292078994157,1.06807597743243,0.00257177508327032,0.985212288573317,1.15316117312762,1.03020045958869,0.0328983406099901,0.735278635272408,1.3287905078935,1.03726114134053,0.00118995148433223,0.98005131645926,1.09383680192707,0.982246922785832,0.00155923579041366,0.918967080509089,1.04715002448477,1.00322107073083,0.00148161473075808,0.939544767029575,1.06555649326564
"ind-large","halfcauchy",2,"continuous",10,186,14599463,3658964,1,1,1,1,1.00012849080639,1.01146014423559,0.998940675567722,1.00012849080639,0.98947057087937,0.103119826627304,0.462850610235245,1.51146421484103,0.985093694232117,0.00139003958342078,0.923162383977315,1.04423143040635,1.00423622135158,0.0987765468354451,0.48525779711837,1.51016974504834,1.01476010428837,0.0023792419416824,0.933744712721373,1.09379337458091,0.964661543906995,0.0348885265025998,0.662314241087115,1.28120712235807,0.97309743410435,0.00111715245121189,0.917485095827098,1.02712850136124,0.976015474084491,0.00146883914168223,0.914556598747718,1.03911613250284,0.974294937272481,0.00138248293355531,0.912756618696533,1.0347812426731
"ind-large","halfcauchy",2,"continuous",10,187,14599463,682085,1,1,1,1,1.00012849080639,1.01146014423559,0.998940675567722,1.00012849080639,1.02541580342794,0.106664509650025,0.498094207696313,1.56320679504925,1.0210576819144,0.001304653903085,0.960432119132644,1.0786647302074,1.05156115986796,0.0911128792199808,0.552228018804448,1.53723871162505,1.06262068448852,0.00225737245374717,0.983770342840251,1.14191710273414,0.993714037493806,0.0414857680008981,0.663181808698207,1.32937677696304,1.00381018626394,0.00112876595779556,0.947292705690549,1.05821333868354,0.931257701032753,0.00142801108020576,0.870219221828667,0.993655318414075,0.931150972238662,0.00136263488324476,0.869453775263715,0.990286256996919
"ind-large","halfcauchy",2,"continuous",10,188,14599463,10326581,1,1,1,1,1.00012849080639,1.01146014423559,0.998940675567722,1.00012849080639,0.972987224248522,0.0938581444252601,0.45886313476006,1.47577120672275,0.96962496647943,0.00137945879947485,0.907018164863204,1.02847559165905,0.994698176851367,0.0854906597288749,0.512095743099094,1.47153861795944,1.00131213146293,0.00256576415282468,0.918328489777008,1.0852946666065,1.02436572711052,0.0342896646688003,0.725342035517052,1.32804987309621,1.03126776589464,0.00119563213526336,0.973571779445993,1.08659535974843,0.921015769447516,0.00153329274660371,0.858108422759406,0.984534185806599,0.947493588425724,0.00146859468303002,0.883724889664338,1.00861141747235
"ind-large","halfcauchy",2,"continuous",10,189,14599463,5331868,1,1,1,1,1.00012849080639,1.01146014423559,0.998940675567722,1.00012849080639,0.966658886186271,0.101601596512436,0.437305245191632,1.49049303887445,0.962350037320069,0.00143942386985408,0.898205643483261,1.02377612478884,0.987746079853742,0.0971465155527043,0.478207439988793,1.48264400150188,0.995801461013173,0.00243609773962334,0.914062588360009,1.07682498633375,1.02297838529321,0.0344916388076187,0.723591716559493,1.33056097394201,1.03060008402232,0.00113831500690285,0.975594794748327,1.08607834799,0.977994721479792,0.00151228474053625,0.915510246205668,1.04181427672969,0.984982203298196,0.00142784451664092,0.923424090046719,1.04668335251096
"ind-large","halfcauchy",2,"continuous",10,190,14599463,5271072,1,1,1,1,1.00012849080639,1.01146014423559,0.998940675567722,1.00012849080639,1.04544766771548,0.104979735930885,0.514941420794163,1.56479060514306,1.04221837918632,0.00138420143967082,0.979622131398414,1.10233490414878,0.949215520513882,0.0947428602105913,0.439172734015728,1.4438657475409,0.957876564199092,0.00236576791631428,0.878008304269407,1.03849367742448,0.96141319020368,0.0378994835573888,0.642853521537354,1.28532769059137,0.969664531859198,0.00107265178986373,0.916042332023085,1.02332392673623,0.986882258464239,0.00145513305978886,0.925622324411578,1.04958727095765,0.989990192870821,0.00136810211754133,0.928574242437509,1.0501118622425
"ind-large","halfcauchy",2,"continuous",10,191,14599463,4345869,1,1,1,1,1.00012849080639,1.01146014423559,0.998940675567722,1.00012849080639,0.984426013992502,0.0983831553991657,0.460203607069789,1.49225197402203,0.980130766073717,0.00135910282592864,0.918200351403023,1.03776051242372,0.956776936946638,0.0939392254329969,0.456126943518604,1.4483501475059,0.963731748414929,0.00238234483771678,0.883179839559608,1.04551278691469,0.903210383073443,0.0338753553538672,0.606996490782185,1.2119305683167,0.909931010184044,0.00111206920303549,0.853805607322955,0.963113972869879,1.05942857646617,0.0014556933027564,0.998388770533459,1.12218606105952,1.07163474533165,0.00137213217617302,1.009921263865,1.13144772880118
"ind-large","halfcauchy",2,"continuous",10,192,14599463,9410775,1,1,1,1,1.00012849080639,1.01146014423559,0.998940675567722,1.00012849080639,1.02459197707273,0.0976834497861772,0.503839576184676,1.53072085573318,1.02274704629408,0.00141103260742693,0.958509669858135,1.08227526178029,1.03053809353267,0.0867458817523177,0.549044567671694,1.5019751167749,1.03761454329308,0.00242513542294967,0.957387196515782,1.11915275046513,0.946222899526721,0.0368672047044616,0.629786287941247,1.26499660222351,0.953820081702696,0.00110398278586393,0.898843406046062,1.00780080470877,1.01034093777999,0.00149287244883987,0.948229885467111,1.07390043239653,1.03427516939988,0.00140488885617248,0.972160815360151,1.09511310771269
"ind-large","halfcauchy",2,"continuous",10,193,14599463,13520046,1,1,1,1,1.00012849080639,1.01146014423559,0.998940675567722,1.00012849080639,0.968248521782726,0.101022276729216,0.442967334724101,1.47462550950676,0.963227703555761,0.00139433075009317,0.899672673343917,1.02195207747914,1.03730921929208,0.0995068629600192,0.524724532447974,1.55166598300333,1.0468504045362,0.00252682531677504,0.963931403353217,1.1287681821353,0.963716675014798,0.032794241191768,0.668707355689506,1.25947852688376,0.971042064880414,0.00114712362772741,0.915092337938912,1.02622601609647,0.959420290115477,0.00153233260153812,0.896936948477809,1.02374792462146,0.962882220677677,0.00144837587811116,0.900144508786706,1.0243992963685
"ind-large","halfcauchy",2,"continuous",10,194,14599463,12013709,1,1,1,1,1.00012849080639,1.01146014423559,0.998940675567722,1.00012849080639,1.02664885716689,0.107962208939129,0.484563809692453,1.55429970106512,1.02344402012267,0.00144549356065947,0.960245666445083,1.08430582776918,1.07039369190294,0.0961466109730113,0.563106068916638,1.5722711941805,1.08100512206048,0.00247452189190279,0.997752808496224,1.16214212362224,0.947545261076324,0.0402031951351347,0.616027105859757,1.2648536610352,0.958333182838211,0.00122332687454892,0.899759204779977,1.01525271982578,0.959889654141772,0.00153007861546296,0.896850227605849,1.0239990799706,0.95499604628453,0.00143758664484893,0.891982306986905,1.01625924371062
"ind-large","halfcauchy",2,"continuous",10,195,14599463,8193150,1,1,1,1,1.00012849080639,1.01146014423559,0.998940675567722,1.00012849080639,1.0219568356569,0.101838544853948,0.502181177957975,1.54288380886163,1.01871102041915,0.00129662291177798,0.95812072615022,1.07569474501263,0.97274148538461,0.0879886656174222,0.486634858544852,1.45386101546576,0.979797190811271,0.00236374274557964,0.900040135108732,1.06106024529717,1.01665463626533,0.0395815540263837,0.68999139938382,1.34136154571854,1.02527421707543,0.00109348699889471,0.969193392313109,1.07914512462007,0.975895927744154,0.00141390816142189,0.915452115736872,1.03753960953824,0.986631373199753,0.00134624041788164,0.925340587148798,1.04579958291834
"ind-large","halfcauchy",2,"continuous",10,196,14599463,11885463,1,1,1,1,1.00012849080639,1.01146014423559,0.998940675567722,1.00012849080639,0.980232926739701,0.0985192516397122,0.464116518545458,1.50035154985638,0.975561710519361,0.00149458519096506,0.910543446538118,1.03805623900619,0.906380456222069,0.0916047761818444,0.413267138967526,1.40388027176335,0.915941649112237,0.0026285665189751,0.830314837677327,1.00043063813273,1.02455955668679,0.0348714738851436,0.723635321728147,1.32872892654976,1.03321331056811,0.00120689937461647,0.975324613195367,1.08961396618762,0.912689790604042,0.00158393812233945,0.848285156243289,0.977770855888465,0.904407589270713,0.00151482987721981,0.839842753553934,0.967416329290126
"ind-large","halfcauchy",2,"continuous",10,197,14599463,11035991,1,1,1,1,1.00012849080639,1.01146014423559,0.998940675567722,1.00012849080639,0.982825965550375,0.103742726967499,0.449965361227665,1.5066517299169,0.979149134289257,0.00142026209315838,0.916103551066184,1.03812681178619,0.924378664524063,0.0985316272278853,0.408594333368587,1.42899833438324,0.933498025832582,0.00247246622517479,0.85083808461606,1.01497307397901,0.966516659109513,0.0353368986687298,0.665451609897209,1.27930490466634,0.974456541944767,0.00114678799032688,0.918058340984271,1.02881063985359,1.02009237945635,0.00150604362939594,0.95792847079794,1.08387151789852,1.02478228149685,0.00140868784687314,0.962320288158232,1.08543101698776
"ind-large","halfcauchy",2,"continuous",10,198,14599463,10452188,1,1,1,1,1.00012849080639,1.01146014423559,0.998940675567722,1.00012849080639,0.971236561218934,0.103238684182003,0.453056153943201,1.49139361592845,0.967676984513387,0.00144807374973931,0.903945815011005,1.02827879473602,1.11781568691311,0.0907996673466533,0.627701665315006,1.61087968285271,1.12609522557431,0.00247874504155575,1.0443330241676,1.20886632271632,1.00784866262109,0.0388037679126278,0.685154781724671,1.32710129971249,1.01584251068084,0.00122435890107398,0.957886656713225,1.0725929447837,1.02942269936901,0.00156662271275602,0.966116738936998,1.09484019917897,1.03990247955573,0.00150481503602112,0.975620423497583,1.10350378579177
"ind-large","halfcauchy",2,"continuous",10,199,14599463,5954951,1,1,1,1,1.00012849080639,1.01146014423559,0.998940675567722,1.00012849080639,1.07298143539087,0.102212308371091,0.548054366040768,1.59475472662406,1.07021566601068,0.0014114546346271,1.00680183921697,1.13087176512158,1.10032194526434,0.0902040381784458,0.606028402122071,1.58057806521592,1.10845488875776,0.00245122457904559,1.02651789636635,1.18967740956526,1.04836293581894,0.0378201930648576,0.72467758549657,1.37414828410275,1.05547683901904,0.00118462131537462,0.997648916248574,1.11159533977793,1.04528371059655,0.00154915800881934,0.981996827968648,1.10985234902393,1.07007460596663,0.00147336337809644,1.0060300475581,1.13239668402372
"ind-large","halfcauchy",2,"continuous",10,200,14599463,3529033,1,1,1,1,1.00012849080639,1.01146014423559,0.998940675567722,1.00012849080639,0.966495600429887,0.102237271872741,0.456678741834038,1.49182522256994,0.963549932363835,0.00145919036279338,0.898938701785528,1.02486586172469,0.979475294446792,0.0898243408824183,0.495147464806962,1.45839350513807,0.989097444932438,0.00263467370959584,0.902879956334477,1.07465142677709,0.864423916277375,0.0391562024036751,0.537707891164003,1.18587505700586,0.872367312745886,0.00121597608709586,0.815279715468069,0.92943550843989,1.0617947496068,0.00160287066741401,0.997458960029477,1.12691227816507,1.06506876877308,0.00152488146641631,0.999783661859381,1.12768526781668
