"excessvar","re.type","num.re","response","run","rep","design.seed","error.seed","beta_int_true","beta_row_true","beta_col_true","beta_dyad_true","delta_int_true","delta_row_true","delta_col_true","delta_dyad_true","beta_int_mean","beta_int_var","beta_int_5q","beta_int_95q","delta_int_mean","delta_int_var","delta_int_5q","delta_int_95q","beta_row_mean","beta_row_var","beta_row_5q","beta_row_95q","delta_row_mean","delta_row_var","delta_row_5q","delta_row_95q","beta_col_mean","beta_col_var","beta_col_5q","beta_col_95q","delta_col_mean","delta_col_var","delta_col_5q","delta_col_95q","beta_dyad_mean","beta_dyad_var","beta_dyad_5q","beta_dyad_95q","delta_dyad_mean","delta_dyad_var","delta_dyad_5q","delta_dyad_95q"
"ind-small","halfcauchy",2,"binary",21,1,14993307,13768099,1,1,1,1,0.999925203043142,1.01057376984617,0.999778756826521,0.999925203043142,1.0532067524976,0.0333918530055516,0.756752577485283,1.35307874247223,1.05888269626885,0.010417876732269,0.893515600699496,1.22804740305147,1.17877675435593,0.0200424829225797,0.947368151853493,1.42235745436918,1.19605274135002,0.00986602377390768,1.03515515560574,1.36146193903451,1.01440610140129,0.0302621742604069,0.741048343587996,1.30706859141612,1.02307339827924,0.0189389334801485,0.804230848282324,1.25410932926076,0.990431541906124,0.0103768451568063,0.831484128929039,1.16357175365954,0.99756886458074,0.0103439966893453,0.841465625106531,1.16993806827283
"ind-small","halfcauchy",2,"binary",21,2,14993307,9433280,1,1,1,1,0.999925203043142,1.01057376984617,0.999778756826521,0.999925203043142,1.08402019021114,0.0337859584334816,0.785512100005958,1.38374193925573,1.08953538292035,0.0103078242291182,0.92451849843364,1.25557417167356,1.11533783106795,0.0159431398139648,0.908176786499402,1.32798931981178,1.12731985630052,0.00925872127904238,0.972418589249139,1.28396355884932,0.89898003038458,0.0358481062440787,0.592491779789915,1.22601733101331,0.91028122099489,0.0199694673211144,0.689026709028874,1.15442564745393,1.05248940933906,0.00986596982540369,0.899089771450775,1.22224554605947,1.04566670324997,0.0095672538459427,0.894299215148618,1.21053599679604
"ind-small","halfcauchy",2,"binary",21,3,14993307,16301331,1,1,1,1,0.999925203043142,1.01057376984617,0.999778756826521,0.999925203043142,1.11597269107166,0.0472735114038724,0.775297226217835,1.47683624546481,1.1278642139954,0.0119507764364545,0.958757704349836,1.31114006721339,1.09366630191738,0.0251177341241349,0.84503426230255,1.35628692100305,1.11874835147557,0.010522424591779,0.953358669105377,1.28562240491584,0.983941583751758,0.0415778912478007,0.655731157250971,1.32585227226449,0.999052812650146,0.0221166838692637,0.761318160695421,1.25541184135631,1.14176804764725,0.0120595826187252,0.968388619723604,1.32811806432712,1.1242771790874,0.011553271995883,0.956716139970629,1.30280236039218
"ind-small","halfcauchy",2,"binary",21,4,14993307,4560415,1,1,1,1,0.999925203043142,1.01057376984617,0.999778756826521,0.999925203043142,1.04193701577223,0.0480409520935376,0.685847975610417,1.41081644293022,1.05052679202487,0.010031314049909,0.885129976302369,1.21961034337903,1.07245209919507,0.0204525143807729,0.838414004208222,1.30868462893027,1.09181993735469,0.00888126572924322,0.94181247851212,1.25149086009514,0.903216137720983,0.0459197745753216,0.556942248901166,1.27050056837804,0.920539535092057,0.0222315573434043,0.694861596480721,1.17847133122615,1.19063634098816,0.0119131125705634,1.0189934216833,1.37492026613047,1.17255018529381,0.0115292711819411,0.999548957941252,1.35220589601775
"ind-small","halfcauchy",2,"binary",21,5,14993307,7155282,1,1,1,1,0.999925203043142,1.01057376984617,0.999778756826521,0.999925203043142,1.06760911320025,0.0287997501031593,0.791798382818474,1.35125857622151,1.07514902574263,0.00949295057295276,0.919162873916278,1.24001713121629,1.01436421083948,0.0155976441164008,0.812156517191395,1.22476693398821,1.02748056283142,0.00802065918235366,0.879818761845772,1.17957261093151,0.787188663862587,0.0245642677738569,0.53058932257458,1.04787107186639,0.793598777064887,0.0134726501725927,0.606619658698659,0.993368158962026,1.06700262744748,0.0103124633558285,0.905248208430356,1.23915634335947,1.06038434723777,0.0100868217558807,0.898985226607069,1.23110271018471
"ind-small","halfcauchy",2,"binary",21,6,14993307,12907789,1,1,1,1,0.999925203043142,1.01057376984617,0.999778756826521,0.999925203043142,1.07480282463835,0.0306283819251848,0.809900375733405,1.37531924164824,1.08134207542794,0.0100629775189754,0.921032720493762,1.24773634050285,0.998415046945582,0.0167348735190178,0.798042741325329,1.21630370854235,1.01002807320226,0.00860897803365433,0.860686273498397,1.16574507453088,0.84748134798055,0.0274716129980562,0.580505975150538,1.13515502382701,0.854300418541634,0.0159504920349592,0.657180932315165,1.07269979382637,0.895807500819528,0.00826302130183032,0.749656764090602,1.04976452606636,0.903397557092389,0.00829331187267498,0.757511516638249,1.05567331766455
"ind-small","halfcauchy",2,"binary",21,7,14993307,12956635,1,1,1,1,0.999925203043142,1.01057376984617,0.999778756826521,0.999925203043142,1.02144618505151,0.0395248839641643,0.703913234227519,1.35291283624329,1.02978001773245,0.00856882015347685,0.884782051446608,1.19182150858732,0.933244746898475,0.0173867997652753,0.718215817135013,1.153502632387,0.947507342277846,0.00675325062366384,0.817710561478261,1.08622901718899,0.79928696454209,0.0348490695673667,0.496614842635983,1.11093601929549,0.810455893591616,0.0156058492766012,0.614631257401311,1.02602284930228,1.04278698247739,0.00945812608775182,0.888085835304273,1.20591476619399,1.04765215889778,0.00933572694089792,0.893733368993252,1.20834668879034
"ind-small","halfcauchy",2,"binary",21,8,14993307,8552518,1,1,1,1,0.999925203043142,1.01057376984617,0.999778756826521,0.999925203043142,1.00404164983539,0.0310013583634573,0.717290173212806,1.29419176175317,1.01016673012651,0.00825507064419431,0.861885275147992,1.16002339563622,0.938111189941805,0.0153106907414054,0.737498400148044,1.14502727642221,0.950043080648713,0.00677080531426038,0.817746922729274,1.08644147295773,0.877291108008761,0.029307219803691,0.601580135441204,1.16249758989976,0.885445727439204,0.0172361684760545,0.677097426015713,1.10824533485261,0.786818443822337,0.00718358505162567,0.645805046824236,0.933078239925358,0.790719510481875,0.00707867555528266,0.653445603389238,0.934746171555646
"ind-small","halfcauchy",2,"binary",21,9,14993307,833404,1,1,1,1,0.999925203043142,1.01057376984617,0.999778756826521,0.999925203043142,0.962159098777237,0.0371596074076097,0.65211180180838,1.28193087499979,0.968898641936571,0.00921754148289368,0.808818281075025,1.12915990755604,1.09277880535291,0.0178618016967065,0.882176113389761,1.31487764186086,1.10725329145795,0.00924583646346791,0.951539798138685,1.26754211547647,1.00413134336332,0.0370413631923821,0.688395368956845,1.31821815319552,1.01914995280507,0.0188344640837295,0.8025338170492,1.25256847083024,1.10242808706301,0.011564636263078,0.936399076569222,1.27650250332421,1.11099086690415,0.0114881126260394,0.941308281912151,1.29261028921061
"ind-small","halfcauchy",2,"binary",21,10,14993307,11636983,1,1,1,1,0.999925203043142,1.01057376984617,0.999778756826521,0.999925203043142,0.9609239991008,0.0332293371595376,0.678049921123691,1.26693864870503,0.969544129997057,0.00918974320534779,0.81615854158519,1.13524306350828,1.07259006451019,0.0192277637916007,0.842362105561041,1.29424588352781,1.09092638250701,0.00871783745276781,0.940940521040218,1.24387812079864,1.12145543900062,0.0334567432722248,0.82492892631071,1.44344396479897,1.1328704464547,0.0219764758215111,0.902395351581704,1.39523996592503,1.0790240339027,0.0108784563750673,0.921325095902272,1.2608361299874,1.07179244499966,0.010642204900278,0.912828801076203,1.24901527774895
"ind-small","halfcauchy",2,"binary",21,11,14993307,11309934,1,1,1,1,0.999925203043142,1.01057376984617,0.999778756826521,0.999925203043142,0.944629567248835,0.0263248400657024,0.692594735412649,1.21347206904588,0.948623849061883,0.00785414188442706,0.806019553801678,1.09190912095281,0.967254232890604,0.0115486286320266,0.783416201660502,1.14797907525146,0.973825059201963,0.00693632640385708,0.832619387713319,1.1146472594923,0.786350458033791,0.0277449726887012,0.517607489248885,1.05664745271569,0.793195565695664,0.0127418627040411,0.609074257914746,0.990318602950885,1.05986810119,0.00952474158975919,0.905105680363029,1.22441600666553,1.04602699560088,0.00924717863908325,0.89498850805786,1.21072341073027
"ind-small","halfcauchy",2,"binary",21,12,14993307,9701566,1,1,1,1,0.999925203043142,1.01057376984617,0.999778756826521,0.999925203043142,0.969495903658127,0.029240197532372,0.696736223950727,1.24260763936836,0.972943813366078,0.00878610367757773,0.818147616038673,1.12062532781283,0.970172713317045,0.0164067587747542,0.762636326744813,1.18654070402869,0.981914083405822,0.00756050792733589,0.845348345571447,1.12639725654466,0.825485598476565,0.0245429359680518,0.574615054994128,1.09356558626,0.831213429105482,0.014291182649676,0.63954428098013,1.02751960150492,0.992719147367963,0.00877826405200147,0.838951638808159,1.15188986989842,0.99574021398885,0.00871167876398337,0.84301343982,1.15336474782646
"ind-small","halfcauchy",2,"binary",21,13,14993307,15014243,1,1,1,1,0.999925203043142,1.01057376984617,0.999778756826521,0.999925203043142,0.803152352666421,0.0284880389091896,0.540248672835369,1.08458033571404,0.809055796873899,0.00654943164183939,0.676711819946626,0.94360907019129,0.895646084998615,0.0122657411507134,0.719017952283446,1.07737861505099,0.903765321006014,0.00575375880949204,0.778233845777402,1.03359737129548,0.787544685486658,0.0313069015021062,0.508649299477625,1.09590118267121,0.794525168004331,0.0156413821799152,0.598931372537255,1.00155850549448,0.766018414802138,0.00676632052223673,0.635599869616549,0.904534553199375,0.784562414823488,0.00681092573001457,0.652822074562046,0.924121893701428
"ind-small","halfcauchy",2,"binary",21,14,14993307,4620352,1,1,1,1,0.999925203043142,1.01057376984617,0.999778756826521,0.999925203043142,1.01878932616947,0.0293585281604819,0.746211193006061,1.3011883819675,1.02540567978273,0.00792835290065257,0.883052619332363,1.17279055933848,0.934971856252169,0.014177330669024,0.737176558472596,1.13346929576808,0.946251499119343,0.00629426414179887,0.808338256899358,1.07936448529071,0.68049404340244,0.0261536269476731,0.420535128704601,0.94625968839461,0.685063964174292,0.0124926996043274,0.51010306229479,0.877468972773509,0.880736061711374,0.00774944021440725,0.739681182424976,1.02517735190222,0.895035136936847,0.00778175501089366,0.75324190474951,1.04104567248692
"ind-small","halfcauchy",2,"binary",21,15,14993307,52323,1,1,1,1,0.999925203043142,1.01057376984617,0.999778756826521,0.999925203043142,0.965119795347064,0.0396276073039129,0.649693986464246,1.29638329100385,0.97525246541751,0.00916542319993523,0.822430717272646,1.1388007303707,0.906880569284131,0.018481743082096,0.689241260782607,1.13334589425453,0.924182754263493,0.00689818348005328,0.791390270998963,1.06532381525971,0.948014714385604,0.0377216459084431,0.641245213850804,1.27418645347517,0.961796001890939,0.0201802705653613,0.738070192954476,1.20704454702594,1.03668163621532,0.0101334249979304,0.873401712524167,1.20647807933212,1.02866858168987,0.00986658088497474,0.868777745395581,1.19726610222295
"ind-small","halfcauchy",2,"binary",21,16,14993307,8665928,1,1,1,1,0.999925203043142,1.01057376984617,0.999778756826521,0.999925203043142,1.04284126771447,0.0322190654383691,0.756161294898517,1.33895024821264,1.04801839184685,0.00950301072071958,0.88967347004222,1.215452980013,1.06852648132685,0.0149228473347278,0.870431385613693,1.27776219285413,1.07838785356451,0.00833018902566615,0.933317984477902,1.23336814063716,0.968992555113238,0.0373542425182058,0.654229011166471,1.29305246808707,0.98039239858214,0.0206862863721743,0.759472386709744,1.23436918415343,0.995580130921929,0.00984075181513377,0.835933716490991,1.15817545511512,0.986966324573251,0.00951480814416602,0.832749449557221,1.14797892351944
"ind-small","halfcauchy",2,"binary",21,17,14993307,337894,1,1,1,1,0.999925203043142,1.01057376984617,0.999778756826521,0.999925203043142,0.938250526415149,0.0236274283029348,0.69852348432491,1.20379216490943,0.941056353657869,0.00823410969410803,0.790885029931894,1.09353395712527,1.07572933428078,0.011157034200379,0.899141710036439,1.25536450343171,1.0805538366855,0.00737570035898026,0.941793543070882,1.22435664494853,0.933223450011471,0.0293807054144984,0.668202740757047,1.2264828864066,0.940440847511669,0.0177389523767759,0.729588856853127,1.16330080770606,0.923826996305025,0.00868424204709965,0.774169728969848,1.07953084075878,0.926462720425429,0.00854282585962709,0.775008439766788,1.07914661713671
"ind-small","halfcauchy",2,"binary",21,18,14993307,10839524,1,1,1,1,0.999925203043142,1.01057376984617,0.999778756826521,0.999925203043142,0.969156990677145,0.0220376444360267,0.731709816460627,1.21399638837661,0.971880488629117,0.00772438352225705,0.82928352626217,1.11358161340061,1.00974311663869,0.00934830346379188,0.849962257811438,1.16961937672747,1.01379487233654,0.00702776339978373,0.877861825442081,1.14964819635238,0.804699396457792,0.0262121374230817,0.546827197545294,1.08431694392655,0.810622533363465,0.0131620932925395,0.635260743980595,0.999726815612536,0.945202426769241,0.00874338402623981,0.800613144323585,1.10800705912173,0.934011546736444,0.0085160740853591,0.789437768968103,1.0915946476844
"ind-small","halfcauchy",2,"binary",21,19,14993307,1208131,1,1,1,1,0.999925203043142,1.01057376984617,0.999778756826521,0.999925203043142,1.09117651736327,0.0365568149174677,0.798752076432586,1.41276573182255,1.09885673442774,0.0110543888382002,0.931188907482081,1.2788138185356,1.0800134122914,0.0207133841227,0.844610029587997,1.31406600762857,1.0992822572751,0.00938687970297635,0.941467873476193,1.26004181588626,1.07219471133861,0.0325880960720744,0.785240243835829,1.38091309817544,1.08151946810108,0.0214432156041948,0.850265127707509,1.32687734503093,0.977873459813117,0.0102573588818305,0.816735175723351,1.15139479042812,1.00392745061423,0.0105497503600926,0.841973847549733,1.18159905824191
"ind-small","halfcauchy",2,"binary",21,20,14993307,3992361,1,1,1,1,0.999925203043142,1.01057376984617,0.999778756826521,0.999925203043142,0.90097288680936,0.0312187266954325,0.622509160119695,1.18434984184438,0.908123291202432,0.00761560093060317,0.771810632534146,1.05515836777051,0.997574556764481,0.0142141046681886,0.805736606642067,1.1984588228194,1.00928356599543,0.00726272002230562,0.870065925944449,1.15558034724254,0.793252197434919,0.03103243555279,0.505260956443049,1.08760180057555,0.802615223557012,0.0138969477677853,0.624822165805033,1.00141913596684,0.95657090806922,0.00886772213672121,0.806227563097516,1.11751925949844,0.953880144219516,0.00871601421484066,0.803165529860502,1.10926376907323
"ind-small","halfcauchy",2,"binary",21,21,14993307,8441988,1,1,1,1,0.999925203043142,1.01057376984617,0.999778756826521,0.999925203043142,0.971816166086387,0.0351931688144723,0.672802637661492,1.28396544932966,0.977672127512773,0.00944127910197281,0.815524157181222,1.13380903453368,1.05502639889723,0.0162434593244855,0.850715962126807,1.2686664139201,1.06636481145151,0.00847181356192487,0.922132597479393,1.22026133037299,1.023291435624,0.0394835634010144,0.710304075735943,1.35978234197582,1.03600372901646,0.021909112889694,0.796947388341378,1.29216137423839,1.09027555219198,0.0106140050886608,0.926479788325154,1.26423046141758,1.07558402929007,0.0102577838940457,0.914126659593119,1.2428225362913
"ind-small","halfcauchy",2,"binary",21,22,14993307,7299630,1,1,1,1,0.999925203043142,1.01057376984617,0.999778756826521,0.999925203043142,1.08073780302917,0.0326108979824304,0.795855027640239,1.38086060790618,1.08742533612694,0.0104456202217221,0.921787425836791,1.25663890751924,1.04326059413428,0.0168551271726104,0.83131200519789,1.25945154309208,1.05686206618957,0.00792176965215385,0.913856670389705,1.20821497741328,1.01196778264733,0.0336468590693022,0.716094965113069,1.33286969653139,1.02320477808441,0.0207235574283181,0.800514950638101,1.28089804752061,0.977367982135206,0.00912200191637915,0.826636021526036,1.13946084196763,1.00142237135786,0.00925778116028165,0.850086612650921,1.16238992701352
"ind-small","halfcauchy",2,"binary",21,23,14993307,1439030,1,1,1,1,0.999925203043142,1.01057376984617,0.999778756826521,0.999925203043142,0.941865192494507,0.0347565168212301,0.641622831139458,1.25047805581601,0.94962183733134,0.00836839105886826,0.797442689127601,1.10018780753314,0.890788157506464,0.0161826951993446,0.684111184249647,1.0999339008333,0.903617571840382,0.00675587873529158,0.766821547281023,1.04218609340912,0.866515562832555,0.0353194637464472,0.567312246995669,1.18426650779672,0.876126220428016,0.018799703166318,0.662867354050475,1.11898816099543,1.10379105433676,0.00996998034147244,0.948933297300178,1.2715046546911,1.11005361751428,0.00999498898702261,0.955853348142448,1.27626718121254
"ind-small","halfcauchy",2,"binary",21,24,14993307,4043941,1,1,1,1,0.999925203043142,1.01057376984617,0.999778756826521,0.999925203043142,0.952612179416311,0.0319078789749579,0.667445913893849,1.24199238023257,0.958678970775799,0.00830226261610202,0.807208556284114,1.11032336012823,0.985315370338492,0.0152174920450901,0.782500376229095,1.19431956857532,0.997550994935013,0.00744806715540086,0.855923835493182,1.1429847606655,0.79291465092919,0.0286979803018154,0.525427933777627,1.08074701402729,0.801428521736371,0.0136215423373405,0.616043747180309,1.00153655150034,1.06212000849015,0.010379861725485,0.90150963875915,1.2396050273858,1.03562592135667,0.00982821637950561,0.878544591768752,1.2101351645788
"ind-small","halfcauchy",2,"binary",21,25,14993307,14605401,1,1,1,1,0.999925203043142,1.01057376984617,0.999778756826521,0.999925203043142,1.0341852330047,0.0369538702391701,0.724492134738095,1.35296438356759,1.0414485107857,0.00938821939434058,0.884559791312102,1.20219918723724,0.909969026298787,0.0192158261410785,0.686833644492786,1.14133033798933,0.927233551924752,0.0065697292183708,0.796341310789643,1.06160787774596,0.812126727997272,0.0278732158989323,0.540834620093766,1.09185767383006,0.818948409096682,0.0156803780784136,0.618782078384122,1.0218461938402,0.92115662704119,0.00917766834910855,0.769317153886136,1.08234295406636,0.928547584474916,0.0092029426050476,0.778747733250677,1.09256056364398
"ind-small","halfcauchy",2,"binary",21,26,14993307,8005170,1,1,1,1,0.999925203043142,1.01057376984617,0.999778756826521,0.999925203043142,0.952595237229224,0.0295561222816102,0.675055982575238,1.23253170392297,0.959535369433667,0.00784073724461131,0.819312220719096,1.10685135971258,0.954567596692612,0.0152045696966263,0.761671183873548,1.15903851807162,0.965727083508597,0.00720082580698174,0.828589526223422,1.1136822399098,0.88810579948849,0.0298875483274825,0.613527021264307,1.19016759010468,0.895822205527018,0.0170429557881907,0.685952664996617,1.11848922437402,1.06320535909028,0.00985422620786331,0.904389814843439,1.23058032010105,1.05806603615224,0.0095728991106604,0.901586176149283,1.22055163116513
"ind-small","halfcauchy",2,"binary",21,27,14993307,9541638,1,1,1,1,0.999925203043142,1.01057376984617,0.999778756826521,0.999925203043142,1.13231536136755,0.031613037806872,0.847755213472707,1.43261922467692,1.13608998397775,0.011078240916304,0.961595636415456,1.31161911595596,1.14510063233246,0.0173368363683407,0.929095771838884,1.36697957435466,1.15676889201322,0.0100688863561458,0.993117712406967,1.32433147700186,0.909711984292821,0.0318008852884754,0.630482691798295,1.20994702534145,0.918584996719805,0.0192181481020908,0.701676437215519,1.16396637682689,1.13365055814319,0.0122655343078472,0.954057249116364,1.32030971921715,1.14306727581888,0.0123478117194215,0.960036677917293,1.32969089291789
"ind-small","halfcauchy",2,"binary",21,28,14993307,12647461,1,1,1,1,0.999925203043142,1.01057376984617,0.999778756826521,0.999925203043142,0.982483296496503,0.0328802844926207,0.700115568045116,1.29073187127724,0.989776464317084,0.00909238768782252,0.836121164822975,1.14669302411649,0.983212296600504,0.0159244034666853,0.772131656472382,1.19599348507144,0.995119509271721,0.00744608004231696,0.858117027455435,1.1419652131028,0.882235522528797,0.0315715589635695,0.596365683381782,1.18681037060128,0.891271167041773,0.0178166527428163,0.682737318983244,1.11222948499391,1.00077315596999,0.00929387893909409,0.846823117635693,1.16504251585673,1.00546385370615,0.00923043411925168,0.849815555888684,1.16963282154144
"ind-small","halfcauchy",2,"binary",21,29,14993307,14605377,1,1,1,1,0.999925203043142,1.01057376984617,0.999778756826521,0.999925203043142,1.07378545476767,0.0456459145966568,0.725734323246798,1.42241534134141,1.08296488818124,0.0108162332553699,0.914088024677625,1.26034621875382,1.14415449799793,0.0265578214039298,0.887585640952705,1.42076613682306,1.17023922339554,0.0109979619812174,1.00371854018243,1.35050959457965,0.949471637925787,0.0353665107195131,0.652864207003922,1.2763653835439,0.960979966133392,0.0189387375458403,0.745044345541009,1.201964847252,0.88171519982338,0.00876650788229251,0.72982906840257,1.03978780209926,0.922689779917464,0.00922621000412562,0.766397857428534,1.0856393334558
"ind-small","halfcauchy",2,"binary",21,30,14993307,8582173,1,1,1,1,0.999925203043142,1.01057376984617,0.999778756826521,0.999925203043142,1.18467823265171,0.0352095523938421,0.889093885636712,1.50188231341895,1.19121788129201,0.0121199089112763,1.01577665681786,1.37890476647142,1.16555259991997,0.0163084572499791,0.961244492968214,1.37961450526016,1.17648105398868,0.0104398286220836,1.01636936427751,1.34535828384616,0.964616528391746,0.0369474307565521,0.660695553838675,1.29174467903586,0.976682715796917,0.0204288415950243,0.752694975028174,1.2291970319685,1.01642698084955,0.0109329169745073,0.851782067809108,1.19890246592553,0.999664182606511,0.0104850602292805,0.839554835372198,1.18095327625172
"ind-small","halfcauchy",2,"binary",21,31,14993307,14414195,1,1,1,1,0.999925203043142,1.01057376984617,0.999778756826521,0.999925203043142,1.04303689661104,0.0252266833658976,0.7921661495307,1.3106044197398,1.04656631837249,0.00949590767094225,0.88646523694664,1.20706006556389,1.04391030458722,0.0122398154891536,0.861236661994516,1.23344423566463,1.04960176856595,0.00802021007640711,0.901192194225207,1.20113264833146,0.953361476101312,0.0296084391167193,0.686067228455212,1.24990610569296,0.961132052752162,0.0175203403444698,0.761529562463208,1.19009979256425,0.901199516434714,0.0084335055258995,0.756126304129211,1.05703238222704,0.894780159246785,0.00822118849120092,0.749856357980038,1.05016481138653
"ind-small","halfcauchy",2,"binary",21,32,14993307,471051,1,1,1,1,0.999925203043142,1.01057376984617,0.999778756826521,0.999925203043142,0.933042783740914,0.0326199213189607,0.652095986144894,1.22689668138341,0.937085647774117,0.00837770429704872,0.788418054776,1.09143863275292,0.950095528342478,0.0131726660234515,0.758195132096666,1.14093087123331,0.957639210844536,0.00726191829436675,0.81543910872705,1.09762104070493,0.873061650381031,0.0338560147276497,0.568399839024577,1.17724991401796,0.883423441457624,0.0157739581633462,0.685629939952042,1.10608363008508,1.02215046573329,0.00914254104757255,0.872074400423575,1.18461760555392,1.04179220449712,0.00928246016715385,0.892534886927295,1.20365862346816
"ind-small","halfcauchy",2,"binary",21,33,14993307,16665610,1,1,1,1,0.999925203043142,1.01057376984617,0.999778756826521,0.999925203043142,0.851203576555348,0.0281783895886496,0.590042975190982,1.1342316821104,0.857455549073339,0.00770513942577877,0.715776540319799,0.995660873236771,0.853753955399683,0.013494792416811,0.666626393089037,1.04636435576143,0.862824140488763,0.00647668920463089,0.735336542672821,0.995673911761696,0.989419085507321,0.0312356636915823,0.707923046687861,1.29696060421461,0.997817271335639,0.0188233603820231,0.781494527037332,1.23327189708344,1.13815660133724,0.0103776438697119,0.977207959042576,1.307308990442,1.14498126917471,0.010306568357703,0.98553354647276,1.3137766657866
"ind-small","halfcauchy",2,"binary",21,34,14993307,2943550,1,1,1,1,0.999925203043142,1.01057376984617,0.999778756826521,0.999925203043142,0.971049333682521,0.0332053118846886,0.68771846156704,1.27181809328376,0.977071741672262,0.0085302207477881,0.825570772849491,1.13178233262958,1.03761267431122,0.0155945559206708,0.830908990859318,1.25215528299423,1.05013543574606,0.00746306663968863,0.909338552157634,1.19483672008193,1.02437800919779,0.0355981350018839,0.7227190932434,1.34542841686851,1.03731410078783,0.0204518747942714,0.815857899663626,1.28398194461651,0.948405826156828,0.00919035449554386,0.797128369942058,1.10798550482608,0.94274705165994,0.0089297824830648,0.793436490248512,1.1048856484301
"ind-small","halfcauchy",2,"binary",21,35,14993307,10687941,1,1,1,1,0.999925203043142,1.01057376984617,0.999778756826521,0.999925203043142,0.947896793859878,0.0323501757107167,0.662656330245937,1.24166799051893,0.953513050496373,0.0085162238401669,0.808290246012808,1.10464653138007,1.03054900088641,0.0166725614918358,0.818901227502553,1.24801442396717,1.04459308716883,0.00765501699408058,0.900785408038032,1.1902284384801,1.05597631959594,0.0355931029365029,0.747669669865923,1.36853998480033,1.06779441223053,0.0211757564867813,0.835024440175204,1.31407727929419,1.14799320530166,0.0107792682975891,0.979363093025295,1.32972336821488,1.15588084823088,0.0108041228616046,0.986827547242277,1.33408115842647
"ind-small","halfcauchy",2,"binary",21,36,14993307,7410921,1,1,1,1,0.999925203043142,1.01057376984617,0.999778756826521,0.999925203043142,0.850693988281487,0.0365262603892764,0.544405685934856,1.17379743291102,0.857526356960194,0.00737740773998487,0.719203872345168,1.00038363388364,0.967433478590145,0.0190431722611959,0.737347291319565,1.20087607395784,0.984345837648375,0.00725770901784256,0.844734974854782,1.13234283416472,0.910976351944507,0.0330441915606545,0.622677722723936,1.21599767539985,0.922215002727639,0.0176208513587989,0.715764027025316,1.1456159567907,0.875142353952977,0.0075658129593834,0.736458318978645,1.02040259536211,0.878971391785703,0.00759726313215195,0.740697117726424,1.02597051493315
"ind-small","halfcauchy",2,"binary",21,37,14993307,35026,1,1,1,1,0.999925203043142,1.01057376984617,0.999778756826521,0.999925203043142,1.04653729378157,0.0438398274309218,0.724334055746736,1.39230985068238,1.05532347466386,0.0098346064800786,0.902308064365237,1.21878474487969,1.00239582469466,0.0208799885544146,0.765256117257766,1.24046352601928,1.02262503052754,0.00850642123763365,0.875420565726392,1.17416060683836,0.815855835948727,0.0358582255912595,0.500069876318306,1.13363399775714,0.827694627355031,0.0165264309143593,0.622437957639132,1.04251463790196,1.30816234449174,0.0137035659904667,1.12217571140948,1.50884309562508,1.30818312795809,0.0136157375041678,1.12151992870798,1.50580537411729
"ind-small","halfcauchy",2,"binary",21,38,14993307,7524992,1,1,1,1,0.999925203043142,1.01057376984617,0.999778756826521,0.999925203043142,1.02854549107066,0.0375702908753892,0.721151357538965,1.35360163591576,1.03517679635561,0.00954651497508833,0.873228915682192,1.20165280471482,0.93997483728932,0.0169305059845132,0.720104933619944,1.16007647082556,0.954026577783503,0.00770085034965505,0.810845555509383,1.10027500000452,0.905760966520553,0.0365570438219262,0.598251353481884,1.22802923568854,0.917727601575397,0.0192520048840376,0.699102577311037,1.15216288122323,0.935640542438565,0.00861443797776576,0.783905847527788,1.0916590739376,0.954249507829424,0.00867154644407192,0.80733572250224,1.11510209335244
"ind-small","halfcauchy",2,"binary",21,39,14993307,10643566,1,1,1,1,0.999925203043142,1.01057376984617,0.999778756826521,0.999925203043142,0.903596953860279,0.0273314568759347,0.640070053467471,1.17726597405974,0.91034278453423,0.00777968566659231,0.776073673455428,1.06013103547335,0.998258513384336,0.0152214941386812,0.796903628237452,1.20866083158974,1.00935108915948,0.00729656716668785,0.869452372552273,1.14909797607323,0.772364765495014,0.0235942886664575,0.527134003346346,1.03214472567023,0.777383325543348,0.0124167730889305,0.600211539010778,0.970750333399677,0.999133676095174,0.00929093183188824,0.846940221209627,1.16525037127872,1.00541741525201,0.00929938463711348,0.85501850529475,1.1723036315985
"ind-small","halfcauchy",2,"binary",21,40,14993307,10178593,1,1,1,1,0.999925203043142,1.01057376984617,0.999778756826521,0.999925203043142,0.908385449813699,0.0314576659948939,0.62123610168426,1.20031171750285,0.915844472195494,0.00835686348778507,0.769397006117264,1.07567906227237,0.950653410566332,0.0167291912483959,0.742311774849086,1.16871691215665,0.965022742912514,0.0068816083895164,0.83065338419996,1.10090041480476,0.871959094528915,0.0280829885212732,0.604688809975702,1.14798722076921,0.879258022184529,0.0160193202571496,0.675037405335705,1.09976703543452,1.0403952816316,0.00912845475489708,0.887834991001022,1.19944908186501,1.02789653312341,0.00882160334948019,0.873893342820791,1.18468163932371
"ind-small","halfcauchy",2,"binary",21,41,14993307,13405152,1,1,1,1,0.999925203043142,1.01057376984617,0.999778756826521,0.999925203043142,0.869693894425674,0.0287331170724843,0.594845454204655,1.14817359243758,0.875695459080484,0.00728702716459229,0.740430224878217,1.0210405036493,0.905109815004419,0.0150746950055462,0.701948111791502,1.1091309326459,0.917114089365378,0.00593733610446426,0.789542164982228,1.0491140725182,0.834763613463313,0.0278012787575466,0.574179012406331,1.12218496962341,0.841905847782933,0.0154297251919361,0.647435667313149,1.06226706649173,0.814091387473741,0.00680436510522102,0.678938645188228,0.94940714485722,0.848950214887366,0.00692168710656641,0.713940629824561,0.987513118682254
"ind-small","halfcauchy",2,"binary",21,42,14993307,13497639,1,1,1,1,0.999925203043142,1.01057376984617,0.999778756826521,0.999925203043142,0.988601081013337,0.0383998865030564,0.687599554750296,1.31903075925776,0.994244005649993,0.00904243092239447,0.841916278834138,1.15455232464182,0.980455877119305,0.0124675245210734,0.806343868628533,1.1723576278784,0.987045963016997,0.00790436944156825,0.845368525832396,1.13861226800638,0.88008620754065,0.042207557085043,0.540405020465974,1.22737054480047,0.896906570908602,0.0170257553783176,0.692661087155656,1.12529950593577,1.09717053041447,0.0106217153372762,0.934614867852116,1.27285283658389,1.09754170106794,0.0105012362642327,0.936162130618304,1.27047663133381
"ind-small","halfcauchy",2,"binary",21,43,14993307,10600772,1,1,1,1,0.999925203043142,1.01057376984617,0.999778756826521,0.999925203043142,1.06346905108796,0.0304655559931858,0.785639517665285,1.3578605264509,1.07055195677986,0.00995482651005262,0.910706771058979,1.23864166761697,1.10335244798682,0.0173153034185286,0.889721401262221,1.32994145179494,1.11767005418921,0.00929768825792294,0.967390316001776,1.28390695519632,0.786483517262954,0.0281819271856204,0.519539675553886,1.0766423524549,0.793021678575249,0.0157980408541328,0.593818549636172,1.00806203415851,1.00641058777494,0.00973120508561393,0.849221626518271,1.17611611778928,1.02195164718559,0.00980338669257999,0.861964935245853,1.18932252674633
"ind-small","halfcauchy",2,"binary",21,44,14993307,14492877,1,1,1,1,0.999925203043142,1.01057376984617,0.999778756826521,0.999925203043142,0.989109204587093,0.0264958947969239,0.735714195068698,1.26172848791472,0.993906309565699,0.00848720008410274,0.840560379497346,1.1446687461971,1.04434725437567,0.0132208754310898,0.85451850461692,1.24111414746602,1.05339862097808,0.00755814605466898,0.915554797595615,1.19756278164074,0.886211681973728,0.0292463960710748,0.60885316230855,1.18053117742109,0.893230177659878,0.017003424696659,0.693533773308504,1.11945524668959,0.848499782965756,0.00816293537781847,0.703505781247488,1.00140295630535,0.863071353882033,0.0083319264312144,0.713370880133847,1.01298441181969
"ind-small","halfcauchy",2,"binary",21,45,14993307,3486607,1,1,1,1,0.999925203043142,1.01057376984617,0.999778756826521,0.999925203043142,0.977809384354733,0.0367789936800209,0.675766807206198,1.29779769452139,0.984277739220064,0.00894776483152359,0.837078099939882,1.14630483768285,1.0686141606311,0.0174855943615018,0.858140480069286,1.29335589803536,1.0826348712888,0.00887949930745964,0.930419782419682,1.2405622784822,0.837028714865072,0.0359698263042655,0.536587864988087,1.15396751466738,0.848533511944252,0.0178508005920784,0.642844243856341,1.08414885671667,1.02251251997086,0.0100422527025511,0.866852562063424,1.19735964377275,1.02115433391092,0.00981059827715943,0.869902958392715,1.19311168883018
"ind-small","halfcauchy",2,"binary",21,46,14993307,161869,1,1,1,1,0.999925203043142,1.01057376984617,0.999778756826521,0.999925203043142,1.03781487723113,0.0447442026239206,0.700482767188425,1.38565063757148,1.04688415923642,0.0109530447036469,0.87617960345177,1.21955455372752,1.10258551274953,0.0226543103896573,0.845984349198112,1.35536763939607,1.12412322625415,0.00969144161537922,0.966066912005509,1.28963194468059,0.889167304914963,0.0383490662191809,0.576209792772384,1.22707226763421,0.902202457333339,0.0193658935318511,0.689439623950513,1.14473440099335,1.19060329364792,0.0129280151266247,1.01316966396184,1.38075591485473,1.19496456128542,0.0126984773535397,1.01929394544429,1.38474442149621
"ind-small","halfcauchy",2,"binary",21,47,14993307,14924359,1,1,1,1,0.999925203043142,1.01057376984617,0.999778756826521,0.999925203043142,1.07806195302699,0.0273035531224969,0.819515599787496,1.35275807348142,1.08191591537906,0.00956386175341498,0.921590070293352,1.24591120280942,0.979437739255796,0.0117665068749778,0.797263338182989,1.15626616975895,0.984238096134465,0.00762569794281772,0.842824415239858,1.13122639504105,0.881131452857063,0.0312559991620696,0.604225555047932,1.1814312462036,0.889661856926352,0.0174800936069264,0.686632481779546,1.12774484950704,1.06561371999213,0.00997132907579217,0.904224570310922,1.23882735873463,1.0528259179381,0.00961996590690392,0.892987027100612,1.21842846833707
"ind-small","halfcauchy",2,"binary",21,48,14993307,5956800,1,1,1,1,0.999925203043142,1.01057376984617,0.999778756826521,0.999925203043142,1.02152909549874,0.037759119390871,0.710134718077449,1.3478558605035,1.02839334803842,0.00926696452182904,0.873420951781223,1.18681563531806,0.979056403252752,0.0209772535436431,0.745390115746205,1.22484323690263,0.997627091905197,0.00799753606848416,0.856201659628734,1.14998911779818,0.804009376078338,0.0295493624555678,0.527963683393149,1.08674589483345,0.81069859863499,0.0160063322293115,0.613643969020754,1.03027093137834,0.994701151947506,0.00960690752612804,0.831398738983225,1.15803565442523,0.999103207159755,0.00959011006160225,0.838301338835504,1.16270608893647
"ind-small","halfcauchy",2,"binary",21,49,14993307,16497898,1,1,1,1,0.999925203043142,1.01057376984617,0.999778756826521,0.999925203043142,0.848425859201039,0.0217863163734721,0.612220696692743,1.09926389988475,0.853471861904617,0.0066283484035809,0.723890802068342,0.989623842249059,0.846901370863945,0.0108611441654993,0.676497706269078,1.02170783991494,0.852272881973943,0.00561451880063704,0.732725093216389,0.980680269792697,0.782400403466434,0.0230912436359501,0.543939229714375,1.04032958134853,0.786500804860808,0.0135078466840568,0.599310679668832,0.983951766525843,0.803943584023276,0.00667511329384826,0.672118470904557,0.947312012681383,0.802895047399583,0.00652520213334359,0.673434455867923,0.943168535412443
"ind-small","halfcauchy",2,"binary",21,50,14993307,16032406,1,1,1,1,0.999925203043142,1.01057376984617,0.999778756826521,0.999925203043142,1.00298400728503,0.0413562930843741,0.688814000943034,1.34224846546351,1.01173573104302,0.0101121012386402,0.847862315315715,1.17808693705694,1.10563048021728,0.0225142802131732,0.862416039375062,1.35719287731331,1.12936673020417,0.00912876413128983,0.972409897397506,1.29043551270805,0.959393485261286,0.033762092621953,0.67064391676442,1.27790506635648,0.969614218146352,0.0193545856026499,0.757257472947744,1.2133215230701,0.933922644135369,0.00918142400823367,0.778261185161848,1.09917266356908,0.925640183780727,0.00900142457263024,0.770085098034071,1.09202237786466
"ind-small","halfcauchy",2,"binary",21,51,14993307,1961331,1,1,1,1,0.999925203043142,1.01057376984617,0.999778756826521,0.999925203043142,0.884634279616829,0.0185065617476019,0.663969977777725,1.11122376849439,0.888890065581215,0.00690482906327857,0.753421195861478,1.02613436955908,0.927648340439903,0.0121487229963029,0.7462440082934,1.10878104356253,0.936200927095465,0.00625337654635952,0.809119753685384,1.06888429431892,0.823195212877213,0.0171452283040357,0.617454600448999,1.04756163679635,0.825438637764532,0.0127356999689957,0.649268199715005,1.02271755593166,0.841117822257625,0.00729685996848252,0.702144537014892,0.985975522528314,0.845022626446133,0.00725984156107211,0.707135847567479,0.98775642977333
"ind-small","halfcauchy",2,"binary",21,52,14993307,3440132,1,1,1,1,0.999925203043142,1.01057376984617,0.999778756826521,0.999925203043142,0.940411188994381,0.0255353243464644,0.685822994604701,1.21497888960141,0.947709959716129,0.007590497639568,0.809905817125356,1.09186304826646,0.843761406025418,0.0129053460296962,0.65617661978517,1.03007233839963,0.853955866147103,0.00612707601833656,0.7298843701729,0.989438512984478,0.837870633913925,0.0260312046178128,0.578730733398447,1.10287234743949,0.845079793052509,0.0152098994065896,0.658758410676716,1.05894518792276,0.895937433462152,0.00797774038131515,0.751302162348812,1.0490236303599,0.905827651149372,0.00801134600143659,0.759877956407295,1.06015750905523
"ind-small","halfcauchy",2,"binary",21,53,14993307,6710231,1,1,1,1,0.999925203043142,1.01057376984617,0.999778756826521,0.999925203043142,1.22491702612277,0.0379864983127556,0.916273929837731,1.55249818118969,1.23222493398784,0.0136024131344775,1.05152992058982,1.42728582151827,1.15579402522891,0.0218055008676687,0.911954104435126,1.40646953725852,1.17321520221415,0.0112717540967271,0.995499040813766,1.35246206554708,0.933289066153777,0.030454918971858,0.660068927505354,1.22751657554563,0.941210831215966,0.018886836384763,0.731422627139986,1.18337543068336,1.00111902846953,0.0109308152183871,0.833309198918637,1.17406077510756,1.00113277132386,0.0108190616306185,0.834796540490038,1.17593977752257
"ind-small","halfcauchy",2,"binary",21,54,14993307,9425421,1,1,1,1,0.999925203043142,1.01057376984617,0.999778756826521,0.999925203043142,0.979736308207961,0.0423551403724527,0.65181942776044,1.32804056950338,0.991411701683614,0.00912601326287578,0.836891858072373,1.15293481896405,0.915226902380233,0.0228195542895665,0.673259610005794,1.17105528286935,0.938698904197136,0.00704675011091881,0.804227868029539,1.08173910530579,1.07053369430605,0.0366287908456428,0.766459252346954,1.39234547349551,1.08339831755789,0.0222872774685912,0.850837071147225,1.32975079917996,0.957225117184077,0.00969243290057123,0.801652058955853,1.12298325231247,0.938063068951547,0.00919244034197041,0.785919713732328,1.09704847844244
"ind-small","halfcauchy",2,"binary",21,55,14993307,1501946,1,1,1,1,0.999925203043142,1.01057376984617,0.999778756826521,0.999925203043142,1.00119217136551,0.0351795924944823,0.703214625061471,1.31359029488013,1.00686847173565,0.00922895381150755,0.853534087327312,1.16260442443109,1.04653512875947,0.0158240968305857,0.845925778991721,1.25384490746958,1.05931713225015,0.00829326855337765,0.916815230320784,1.21400190933554,0.99663010194853,0.0387772367618852,0.68041189403365,1.34398554722728,1.00977426702211,0.0213771982512798,0.78774639786807,1.25766921339632,0.914916547839808,0.00866524356549923,0.768338472772545,1.07040515376385,0.927160202159799,0.0088294422724001,0.776803845508565,1.08287597033639
"ind-small","halfcauchy",2,"binary",21,56,14993307,10362248,1,1,1,1,0.999925203043142,1.01057376984617,0.999778756826521,0.999925203043142,0.96236797564471,0.0484503717499467,0.617539915565197,1.33077575920647,0.971960858266981,0.0102573232091029,0.806995703724535,1.13707824086654,1.00229289854974,0.0231005972100253,0.757029631618167,1.25807018970048,1.02530871937292,0.00796763813437402,0.87801171703973,1.16823248357097,1.00696801379825,0.0432860137036045,0.673577320893375,1.36529605128982,1.02510801246302,0.0224705263960122,0.792818054996465,1.28835953811812,1.11670325535616,0.0108716628689608,0.950841773475058,1.29476651105091,1.12073173582165,0.0107244111403862,0.955078203224132,1.29888491201959
"ind-small","halfcauchy",2,"binary",21,57,14993307,6949579,1,1,1,1,0.999925203043142,1.01057376984617,0.999778756826521,0.999925203043142,1.04528166651284,0.0297150656613651,0.772593309571349,1.32972090992321,1.05264725783605,0.00914223136484384,0.893784144213744,1.21370127080264,1.09512003916892,0.0161235344220971,0.889429659560171,1.30661286443592,1.10663177187925,0.00888838516769706,0.948289190543639,1.2585229452778,0.829796436296035,0.028036201064468,0.56218148217737,1.1104939615426,0.838242834065238,0.0150840882196076,0.645897901551599,1.04981762072812,1.050531260192,0.0101550603238691,0.88833126231137,1.22494955128813,1.07074957587144,0.0104090422620547,0.906529963624524,1.24905286801693
"ind-small","halfcauchy",2,"binary",21,58,14993307,16398043,1,1,1,1,0.999925203043142,1.01057376984617,0.999778756826521,0.999925203043142,1.04194730332415,0.024571807407241,0.79006805058481,1.30717444460379,1.04652364776675,0.00890670797368737,0.895166503574877,1.21197585579704,0.961460839625543,0.0132030859266144,0.771331759590067,1.14774621659679,0.970830486003883,0.00686482541454678,0.837331308293739,1.10873205566576,0.879183030180357,0.0234831147691276,0.63675404266878,1.14091411962739,0.885418642519317,0.0151848706019218,0.694049555288037,1.0946767924825,0.957820883630291,0.00872574271400839,0.808740152612859,1.1144456585337,0.967303614502679,0.00881495014732687,0.816508893985332,1.1260088453048
"ind-small","halfcauchy",2,"binary",21,59,14993307,3579600,1,1,1,1,0.999925203043142,1.01057376984617,0.999778756826521,0.999925203043142,1.12396942392164,0.0344129515580115,0.833266383915371,1.42809306241306,1.12901437241506,0.0110071908818964,0.963612824784846,1.30693837480111,1.06789806679089,0.0196274119096477,0.841570297106823,1.30236989762122,1.08487526324458,0.00959446405015259,0.92883150700614,1.25109928534095,1.01606218915466,0.031922743149585,0.718517088508979,1.30883297114317,1.02621924798864,0.0202061178566283,0.795733453764047,1.26359665528019,0.916877971626445,0.00927213839130431,0.765435399585333,1.07776612296593,0.912299363138081,0.00919562466852265,0.759643214973989,1.07513110158185
"ind-small","halfcauchy",2,"binary",21,60,14993307,1693034,1,1,1,1,0.999925203043142,1.01057376984617,0.999778756826521,0.999925203043142,1.1081606622944,0.0325007107932144,0.815800085289823,1.40686952551874,1.11383495236529,0.0111382145424986,0.947566523945315,1.28857444809153,1.16037311974467,0.016682566635619,0.951766542929998,1.37403823162169,1.17355226249215,0.00931784332526243,1.01416931748397,1.33710243949365,1.00768160320074,0.0329833112974994,0.720406695436123,1.32009725150374,1.01772369302571,0.019831878470711,0.79483637892354,1.26197203375965,1.04784578549932,0.011110955267498,0.883143279900416,1.22871409283041,1.05939816230761,0.011313403511116,0.893107467937358,1.24136922540373
"ind-small","halfcauchy",2,"binary",21,61,14993307,11015676,1,1,1,1,0.999925203043142,1.01057376984617,0.999778756826521,0.999925203043142,0.913534104272461,0.0297788406257424,0.646310641115424,1.20136625947376,0.917883369072255,0.00802919953374921,0.772191956249318,1.06560202904646,1.00367989710193,0.0118734915987725,0.828348476033077,1.18621658423801,1.01011234860339,0.00717194922462716,0.874179979904507,1.15116737190052,0.876305676204005,0.0344852711691476,0.576466373593679,1.19108392410354,0.887342180287416,0.0177077826912443,0.684877581045625,1.11442850199431,0.875038941348028,0.0080555908707049,0.731895293888939,1.02476007272516,0.876816704102326,0.00793747073586482,0.738426277345388,1.02310094558651
"ind-small","halfcauchy",2,"binary",21,62,14993307,11103495,1,1,1,1,0.999925203043142,1.01057376984617,0.999778756826521,0.999925203043142,0.921896861254641,0.033748362635078,0.626699209529965,1.22866944506544,0.92982457866401,0.00776784116997547,0.788905437520829,1.07633382479361,0.906104189328741,0.0177279306416025,0.695011205894479,1.13683335851804,0.921548620392776,0.00700065997959741,0.787650581964439,1.0585410093786,0.80329286206846,0.0296722664981531,0.529706037330508,1.08778993630073,0.810328775361514,0.0153165959235335,0.613592864034358,1.02017063295988,0.886510433004249,0.00835472007107292,0.737709621398821,1.03789311447592,0.892929265985567,0.00830278306694512,0.743320026366778,1.04287484121489
"ind-small","halfcauchy",2,"binary",21,63,14993307,13954821,1,1,1,1,0.999925203043142,1.01057376984617,0.999778756826521,0.999925203043142,1.19231562954428,0.0453007713624365,0.852756388049535,1.54595399978815,1.20090682949519,0.0118481494429244,1.02119439373359,1.38736160135652,1.14488970492322,0.0170442736680996,0.931078228985273,1.36823250015533,1.15862910981591,0.0104377137836697,0.991521910650817,1.327303980866,1.13526622040155,0.0549800494671355,0.749567438979507,1.53035935659885,1.16019751541841,0.0288850471272141,0.898408389151164,1.4536770755626,1.11794964991724,0.0117987223878097,0.94628945487425,1.29907088090559,1.09632903135594,0.0113011790939804,0.926865074718506,1.27592099005559
"ind-small","halfcauchy",2,"binary",21,64,14993307,16643365,1,1,1,1,0.999925203043142,1.01057376984617,0.999778756826521,0.999925203043142,0.953941220395695,0.0382007626453783,0.646828466966828,1.27345237080929,0.963455668701898,0.00876545292740124,0.806981941528712,1.12082855304202,1.02222893712942,0.0216795906218285,0.781696466111249,1.2605437660613,1.04374013125539,0.00791573390698192,0.899193423585977,1.18831784802468,0.80845971967393,0.0284999155627755,0.536084377421947,1.10081395695481,0.815698503809804,0.0150415348557097,0.619312071215393,1.02255957935256,1.07813355634131,0.0103320221189773,0.913780291349186,1.24842270683463,1.07909012908914,0.0101982130657922,0.919130856142717,1.25147676693655
"ind-small","halfcauchy",2,"binary",21,65,14993307,14995213,1,1,1,1,0.999925203043142,1.01057376984617,0.999778756826521,0.999925203043142,0.949860344954938,0.0236396887128931,0.705381139132063,1.20847617441377,0.956856545179753,0.00809977630728487,0.810451134805598,1.10577580793697,0.955443424756632,0.013886114474983,0.76408451485627,1.14655068942136,0.965526905332254,0.00666683044301663,0.834572149201253,1.10298679936078,0.842762759072178,0.0223736895666405,0.602058704863454,1.09424177033482,0.847224361073469,0.0149331114820338,0.654995866995114,1.05361875585788,0.968632165136151,0.00870989043369852,0.818656065602152,1.12638591717755,0.959796442177191,0.0084335169525772,0.810555376573289,1.11233059185437
"ind-small","halfcauchy",2,"binary",21,66,14993307,6683972,1,1,1,1,0.999925203043142,1.01057376984617,0.999778756826521,0.999925203043142,0.953848897709222,0.027259998564514,0.687280058298571,1.22477284485646,0.957328893630631,0.00866138287674795,0.802418092955542,1.11080084691781,1.0480032589886,0.0125192441461559,0.868271736679106,1.23566772809642,1.05647325012172,0.00734995573138999,0.91555883919783,1.20332868018295,0.901873335476497,0.0313185455613459,0.621698046450134,1.20271473039064,0.909535287520106,0.0179772602152361,0.706319486272797,1.13848845800202,1.05585480093328,0.0102527609975147,0.895617675756627,1.22920674784041,1.05560847560892,0.0101348936254933,0.893470314057707,1.22909450995441
"ind-small","halfcauchy",2,"binary",21,67,14993307,3284007,1,1,1,1,0.999925203043142,1.01057376984617,0.999778756826521,0.999925203043142,0.896021738168304,0.0234434242833253,0.65678164852681,1.1620007774632,0.899345651347088,0.00740421824040824,0.762497883777913,1.04371215451112,0.974774670246341,0.010525349900065,0.807537585282825,1.14406213907993,0.979839316609776,0.00695882290812932,0.848013973025512,1.11624665473199,0.741222923406615,0.0261458451495312,0.478957026874825,1.01051105407492,0.74717871796975,0.0127274453523451,0.57235206088911,0.939164500456475,1.02516715421924,0.00890443251964556,0.876515932055632,1.18883846403359,1.02245719338394,0.00873692217898116,0.876296492571974,1.18424078658922
"ind-small","halfcauchy",2,"binary",21,68,14993307,13083871,1,1,1,1,0.999925203043142,1.01057376984617,0.999778756826521,0.999925203043142,1.06262639573227,0.0263201053681744,0.804016926336936,1.33376229024019,1.06673639060097,0.0092594231945274,0.910897214437125,1.22653030193403,1.10486247929899,0.0108941338849688,0.932672338244886,1.2798088213567,1.10887930888043,0.00845018626585773,0.961545543018097,1.26510518699179,0.971800123016769,0.034855659000959,0.674718647481056,1.2908917686304,0.98279051617903,0.019633102772433,0.764717219876779,1.22097194470172,1.08916658023586,0.00965742624835683,0.939463749383775,1.25899575258438,1.09743041080335,0.00971589011364253,0.947763516054461,1.26508323752597
"ind-small","halfcauchy",2,"binary",21,69,14993307,11548132,1,1,1,1,0.999925203043142,1.01057376984617,0.999778756826521,0.999925203043142,1.10839055226181,0.035421716368267,0.822887001352983,1.42569493439428,1.11547286993112,0.0114716875586928,0.950199344553389,1.28940188598689,1.01425812235025,0.0191170101723451,0.796648044505392,1.25765944463585,1.02889189059102,0.00907469622819524,0.876807988206421,1.19138877519625,1.05244927572363,0.0344397605523969,0.767888052521986,1.374431719297,1.06374046917691,0.0210972573528283,0.830189691804529,1.30798584650969,1.19539324510667,0.0117106760111623,1.02103800020224,1.37420271989518,1.18703430689597,0.0113732998285837,1.0182803133621,1.36182137992114
"ind-small","halfcauchy",2,"binary",21,70,14993307,15202494,1,1,1,1,0.999925203043142,1.01057376984617,0.999778756826521,0.999925203043142,0.953913148266887,0.0277767338876374,0.686549734731686,1.21798922102081,0.959228194399832,0.00787146918259536,0.815857889422958,1.10648155405776,0.97518037997271,0.0130884980955353,0.786600405683044,1.16334792826054,0.983645015177346,0.00703767140769605,0.845861518230512,1.12622572442423,0.897121471925273,0.03232296001633,0.601219089023855,1.19378003976069,0.905344968353844,0.0179828517754614,0.693581615823679,1.12803856568127,0.860206430835346,0.00757445968031216,0.716329193175711,1.00800964420871,0.866559316914329,0.00759148488352219,0.72333148123234,1.016523355527
"ind-small","halfcauchy",2,"binary",21,71,14993307,2423260,1,1,1,1,0.999925203043142,1.01057376984617,0.999778756826521,0.999925203043142,1.03473527437355,0.0378685853017085,0.737366755030784,1.36438729151793,1.04013262039207,0.00990367609893429,0.883298295534447,1.20583422916133,0.997777691029114,0.015045278005815,0.802677353700846,1.19930624203985,1.00929421761438,0.00808997395693668,0.868322844772384,1.15631743964824,1.07842622226323,0.0450754768748953,0.744985006446576,1.43178489475656,1.09553589983846,0.0249512082514979,0.853054193707215,1.37286561350975,1.15861196829868,0.011170337157478,0.989789425524508,1.34172652614586,1.16751370026926,0.0112693154679086,1.00031984791451,1.3507849568282
"ind-small","halfcauchy",2,"binary",21,72,14993307,4943894,1,1,1,1,0.999925203043142,1.01057376984617,0.999778756826521,0.999925203043142,1.01586397934446,0.0306389497428713,0.735875360588552,1.31019907006911,1.0223558811475,0.00854478905198065,0.876403218461532,1.1741499745902,0.896009007972444,0.0149976116098337,0.698218956618279,1.09895385409541,0.906584729142049,0.00649110691209342,0.774761981527823,1.04156111022615,0.932661192370429,0.0305790529018327,0.649381919920366,1.22437947247598,0.941613691676988,0.0186272436768987,0.727504662869981,1.16930857607427,0.916657004979456,0.00840327454558118,0.769175266182062,1.06985837152532,0.932402607031307,0.00843261288164343,0.78423303867342,1.08513017351531
"ind-small","halfcauchy",2,"binary",21,73,14993307,1834267,1,1,1,1,0.999925203043142,1.01057376984617,0.999778756826521,0.999925203043142,1.04843263483098,0.0356284935524104,0.747051624935689,1.35746693357616,1.05431932690428,0.00965216759876721,0.902801696785687,1.21367361333717,1.01453892604993,0.0162764137521283,0.805775426506974,1.22936219563551,1.02763327096952,0.00805415365810167,0.882897498215519,1.17775561707134,0.847556666603075,0.0344766943678243,0.550460965453838,1.16012639174188,0.858255355426709,0.0175998304746026,0.652632307878508,1.08400141588283,0.894603226053303,0.00871627684786458,0.748551567776601,1.05176354391984,0.903268080143603,0.00880393169505826,0.757360251812703,1.05965933104498
"ind-small","halfcauchy",2,"binary",21,74,14993307,10284118,1,1,1,1,0.999925203043142,1.01057376984617,0.999778756826521,0.999925203043142,1.04236595255662,0.0332998104270824,0.759234694012595,1.33980298186743,1.0496064225923,0.0100527102425861,0.887979982781425,1.21547720375043,1.04939653548237,0.0202580880967243,0.825953761452259,1.29756325297659,1.06660354269364,0.00923667095742729,0.912922858459024,1.22655049800614,0.865183730491257,0.0270906830012569,0.603819976843561,1.14310101400287,0.871623265046231,0.0160765544883329,0.676227500671035,1.08957957799594,1.05108915795353,0.00972271391574189,0.895471857883739,1.21536990242369,1.04267023180599,0.00949821209639492,0.885450887701883,1.20744666243799
"ind-small","halfcauchy",2,"binary",21,75,14993307,14229254,1,1,1,1,0.999925203043142,1.01057376984617,0.999778756826521,0.999925203043142,1.10777212416264,0.028694376399572,0.841023377157817,1.40218247552241,1.11410317093108,0.0102806317443099,0.948353379571665,1.28590398590726,1.02410155923674,0.0164789913403129,0.817932623532454,1.24780627367005,1.035790810426,0.00841998925789709,0.886653026920692,1.18966226015096,0.952508015060095,0.0269649337323438,0.693352114057077,1.2261013470543,0.959516076935296,0.0183260294479326,0.743782218786456,1.19496179122908,1.20857946253418,0.0118582251732289,1.03201880489435,1.39611148222042,1.22057326190813,0.0118497379256591,1.04559195154374,1.40717244513132
"ind-small","halfcauchy",2,"binary",21,76,14993307,6837541,1,1,1,1,0.999925203043142,1.01057376984617,0.999778756826521,0.999925203043142,1.03259433223996,0.0353395267276607,0.737413420869248,1.33519338442544,1.03895894175737,0.00951073438554644,0.881085235726255,1.20429612110727,1.11908569272067,0.0172190635959159,0.905366225883055,1.34053204821538,1.13038380544609,0.00962999692214041,0.970299856889921,1.29056050335991,0.894473013291338,0.0350027940371668,0.590904802384424,1.20418461582578,0.906237291613785,0.0166141359628048,0.702961467585276,1.12344840465654,1.04152929263813,0.0103220459512514,0.880619587110066,1.21029363433783,1.06018471451619,0.0105624862393611,0.897721827420117,1.23266932042204
"ind-small","halfcauchy",2,"binary",21,77,14993307,12256815,1,1,1,1,0.999925203043142,1.01057376984617,0.999778756826521,0.999925203043142,1.01127965242989,0.0448462538665068,0.676640790077421,1.35063850136003,1.02026933777135,0.00990642012412375,0.861653555090328,1.18832380999684,0.959289416733699,0.0210877639559258,0.726599158010216,1.20589715785148,0.979464921383294,0.00812404629977044,0.834727311814784,1.12850985722204,1.14886861313235,0.045272545819471,0.808213124930894,1.5037664116254,1.16640788025609,0.0247692606118613,0.920914443316005,1.43357539357534,1.01816878948539,0.0100600346410434,0.860375768217443,1.17950558468622,0.996280396893337,0.00967016793686523,0.841084359749009,1.15382670603405
"ind-small","halfcauchy",2,"binary",21,78,14993307,2173079,1,1,1,1,0.999925203043142,1.01057376984617,0.999778756826521,0.999925203043142,1.02432503489603,0.0282634419593451,0.756623332418863,1.30514735525413,1.03036104126475,0.00922220284823035,0.879386078415774,1.19096254180102,0.901170548807014,0.0127551541811618,0.716660771238324,1.0928319750145,0.90976410612262,0.00658712509042394,0.77992446708346,1.04630621350232,0.898878053694622,0.0310632240201596,0.614077704938816,1.20127934304444,0.90703264263758,0.0183036333347235,0.693608935810008,1.14035780878945,0.977973210118337,0.00981830326761271,0.822537670255155,1.14456957794581,0.972719182301658,0.00954758410060142,0.819644058055814,1.13634919395027
"ind-small","halfcauchy",2,"binary",21,79,14993307,5170496,1,1,1,1,0.999925203043142,1.01057376984617,0.999778756826521,0.999925203043142,1.26722866719241,0.0631697882111413,0.879422642377122,1.68803849941606,1.28075807909581,0.0146049385243814,1.07905204795087,1.47846757129482,1.20556611770496,0.0331781046985329,0.918631193647457,1.51807089882267,1.24115897432938,0.0127741698751445,1.05929308499275,1.43171258079615,1.04066525189351,0.0487733525378027,0.670724725865208,1.41124838484949,1.06227404292141,0.0249488307260187,0.809385196093537,1.33714557917351,1.23958323716937,0.0147358332429667,1.04732376858935,1.43770124987267,1.26425374448555,0.0150247354253788,1.07161657649602,1.47050867344014
"ind-small","halfcauchy",2,"binary",21,80,14993307,1824520,1,1,1,1,0.999925203043142,1.01057376984617,0.999778756826521,0.999925203043142,0.894427320121563,0.0290097952500077,0.614394623916783,1.17370071472,0.90101328140545,0.00843524359762507,0.753667757775419,1.05693872385867,0.990615093593267,0.0175776126320054,0.778516274089582,1.21458152899108,1.00611178574726,0.00745542175034773,0.869013056296818,1.15308091110689,1.00951699508511,0.0262652482102312,0.757677116872253,1.29033959854994,1.01552833508596,0.0175793152245345,0.810622383540961,1.24792341816764,0.959962111241653,0.00897338633337322,0.809808078536995,1.11841836489702,0.974314370262617,0.00899168516219873,0.826493838659561,1.13050048625124
"ind-small","halfcauchy",2,"binary",21,81,14993307,13942832,1,1,1,1,0.999925203043142,1.01057376984617,0.999778756826521,0.999925203043142,0.93207468967996,0.0411666819788188,0.617030533772936,1.27252436187901,0.940429657122433,0.00892266182518909,0.78569162419444,1.09653056901518,0.973883617432549,0.0209381908196335,0.735965564170794,1.21779914610393,0.992892949530244,0.00843141367179042,0.844053042053749,1.14765318146635,1.02638348633913,0.0384721302850263,0.710910041610012,1.36396523245371,1.04068529799248,0.0212967651059393,0.813556904219415,1.28572768517677,1.0315851600532,0.0100409085094184,0.869870244596992,1.20032220589559,1.03383779538621,0.00994336818022527,0.873692657423466,1.20287690468659
"ind-small","halfcauchy",2,"binary",21,82,14993307,3976882,1,1,1,1,0.999925203043142,1.01057376984617,0.999778756826521,0.999925203043142,1.11358903787673,0.0424483705843995,0.790776151790625,1.46625011166644,1.11902640200158,0.0101925214440419,0.955527584056891,1.28405572877771,1.15584293143723,0.0154670423293151,0.949599357034756,1.35994562700353,1.16542279577962,0.00995491489387808,1.00213348269209,1.33322346179218,0.827313111339947,0.0432038194572885,0.493814056643508,1.17687113055319,0.84399381381521,0.0164229351958054,0.644377587139604,1.06533683435043,1.02086868922994,0.0104592497952927,0.856874267625361,1.19237635807687,1.01815905000505,0.0104338789903405,0.855955766866914,1.19135893657628
"ind-small","halfcauchy",2,"binary",21,83,14993307,1958694,1,1,1,1,0.999925203043142,1.01057376984617,0.999778756826521,0.999925203043142,1.10836485050751,0.0398636877687566,0.79780170946395,1.43886431688274,1.11753479532271,0.0108732034268554,0.956766769855585,1.29401884006969,0.94307841975921,0.0205670746151013,0.706747690957335,1.18498850351818,0.961325017101111,0.00790305959379088,0.816211030925402,1.10817623134757,1.04743722006853,0.0366284062084238,0.735181171945565,1.36697992190204,1.05926711634449,0.0216091106005456,0.821684861721067,1.30653621428083,1.02286621039378,0.010353655625118,0.86203792901792,1.19342143775559,1.03041428858054,0.0103995660813848,0.87011156285302,1.20236674583571
"ind-small","halfcauchy",2,"binary",21,84,14993307,6377421,1,1,1,1,0.999925203043142,1.01057376984617,0.999778756826521,0.999925203043142,1.13291830169624,0.0270710166238949,0.87264927872915,1.40590800002065,1.13599123208929,0.0100632955263309,0.974375787609287,1.30025207895223,1.12392088044769,0.0123149128496258,0.941222243889022,1.31257573242381,1.12815603839725,0.00924688506810024,0.973943183944501,1.28440985819118,0.848143601184495,0.0321593206077133,0.563366592526674,1.145647419551,0.855489211454408,0.0175283242718185,0.652001238253632,1.08795434839614,1.0366259612549,0.00978643608114296,0.880716803594986,1.2010722809269,1.03951767211905,0.00968038126616518,0.882830715500363,1.20587762217866
"ind-small","halfcauchy",2,"binary",21,85,14993307,3059157,1,1,1,1,0.999925203043142,1.01057376984617,0.999778756826521,0.999925203043142,1.13048363538856,0.036668629446931,0.824027283596045,1.44846306035413,1.13631970117816,0.0107450646048222,0.963444377038835,1.31198201679124,1.03873256264062,0.0166470157344831,0.82932936396182,1.25598550611138,1.05181251495251,0.00805649867098426,0.906856557280383,1.20376121617348,1.06091223561896,0.0394844500581878,0.737586689285982,1.39328217594398,1.0749368300216,0.02295836925425,0.835500017716362,1.33500221660207,1.02272220464493,0.0100477116682304,0.855575823694537,1.1870338230688,1.00668524810267,0.00958408091917435,0.84591821366845,1.16827581442593
"ind-small","halfcauchy",2,"binary",21,86,14993307,3904828,1,1,1,1,0.999925203043142,1.01057376984617,0.999778756826521,0.999925203043142,1.09275345906647,0.0302023099359427,0.826521857984475,1.38321727192623,1.09991945659597,0.0102103714747378,0.94303968142637,1.2654693798816,1.1316120287066,0.0174865708150134,0.910963679223825,1.35036238016756,1.14427243923681,0.00927889773741958,0.989780407157252,1.30722377454052,1.03272170853602,0.0322459122556663,0.754655299729974,1.3378936956542,1.04186280566662,0.0201536002882848,0.818798418095753,1.28167220316247,1.09406792332963,0.011421156157203,0.926121918510953,1.28161225124236,1.11376912979572,0.0116909056318912,0.944021075127403,1.2999773627816
"ind-small","halfcauchy",2,"binary",21,87,14993307,10466194,1,1,1,1,0.999925203043142,1.01057376984617,0.999778756826521,0.999925203043142,1.13274490694562,0.0553303779999152,0.76170838100795,1.51825648420032,1.14500702675885,0.0118926230106017,0.966977730808903,1.32756265435746,1.02488262836312,0.024713208537696,0.767392637895848,1.28781023726647,1.05092686862557,0.00867165456995044,0.898782633842011,1.20889912355659,1.01217097866293,0.0462169176221527,0.660967426613026,1.36866632211507,1.03311185507339,0.0240700805153311,0.795917327259666,1.30280097978531,1.07199889217102,0.0108900326745298,0.900736375354739,1.24538575507164,1.07729977543037,0.0107769645789667,0.907250607382313,1.24538501576947
"ind-small","halfcauchy",2,"binary",21,88,14993307,12217387,1,1,1,1,0.999925203043142,1.01057376984617,0.999778756826521,0.999925203043142,0.868243298927339,0.0384241119953558,0.552526650220398,1.20017271454532,0.877792900819942,0.00822048450112011,0.728730402486969,1.02898135861054,0.99218562997646,0.0203896135066031,0.761929782065377,1.23596804772454,1.01038306289716,0.00809397622582649,0.866700854389259,1.15558519878174,0.830471991483152,0.0288069130408109,0.54728655215629,1.1230614562591,0.840059278806278,0.0120160410812031,0.672199402616379,1.02979555285804,1.08878072124542,0.0103115955179854,0.924740503159516,1.26173218656625,1.08593864907612,0.0100455871758729,0.922024993013703,1.25601641336737
"ind-small","halfcauchy",2,"binary",21,89,14993307,5219883,1,1,1,1,0.999925203043142,1.01057376984617,0.999778756826521,0.999925203043142,1.12480092343031,0.0276250009516811,0.854959713031562,1.3951303742811,1.13143002477233,0.00984813046972211,0.973843649200133,1.30269451004287,1.06143298620323,0.018192220779707,0.837811365748136,1.28745183043569,1.07880971812601,0.00833764525898045,0.929022855108405,1.22998447903362,1.00782321307652,0.0238797058813217,0.759116558130486,1.26749994904726,1.01249119657682,0.0171891094705815,0.801635402176169,1.23111504711908,1.04281171285783,0.00996999553589175,0.88578410060797,1.2069205874207,1.04639794938127,0.00977310497075712,0.893870076185923,1.20852939922055
"ind-small","halfcauchy",2,"binary",21,90,14993307,13886744,1,1,1,1,0.999925203043142,1.01057376984617,0.999778756826521,0.999925203043142,1.09370301274096,0.0400988797936432,0.770171769834246,1.42161285047354,1.10185494944967,0.0110814532677492,0.934755412365724,1.27833785444329,1.04203716705528,0.019048835083104,0.815585656758437,1.26980099499485,1.05882563927499,0.00855748716725505,0.90894110284803,1.21481168585551,1.07408820017017,0.0401538305154024,0.758939594892236,1.42232527207296,1.08892854246934,0.0231343431204226,0.854999335451989,1.35431829271276,1.09714349696289,0.0110711530510995,0.929220187789568,1.27663438152975,1.10172187121012,0.0109644711659931,0.936047312571505,1.2801809333479
"ind-small","halfcauchy",2,"binary",21,91,14993307,14746348,1,1,1,1,0.999925203043142,1.01057376984617,0.999778756826521,0.999925203043142,1.25893771391915,0.0494235885535364,0.911027210222107,1.62146806870457,1.2659262763653,0.0139150577407225,1.07233571404448,1.46063727086759,1.18439440125885,0.0218769070649343,0.943433517990671,1.43572725779606,1.20370575835387,0.0114411965225422,1.03570191591342,1.38291398168734,1.29365780709829,0.0536109294365009,0.917542551252084,1.68188969002028,1.31987941189471,0.0308938433149647,1.04277873475622,1.61826948820858,1.34742357516912,0.0165386345586227,1.14474567062742,1.56607823162516,1.33004495710934,0.0160937470200824,1.13018957799913,1.55309525685604
"ind-small","halfcauchy",2,"binary",21,92,14993307,2048415,1,1,1,1,0.999925203043142,1.01057376984617,0.999778756826521,0.999925203043142,1.22530350229425,0.0352748352402621,0.92680709721406,1.54334003906872,1.23359579830289,0.0138347868655493,1.04751166110557,1.43129801312184,1.23167463455235,0.0239355467339119,0.986301147553384,1.49537871451794,1.25135310461648,0.0127375684597694,1.07809608301045,1.44001173609222,0.973103560645513,0.0273217679530507,0.713497277300255,1.25173460861416,0.979172855054511,0.0185912611461929,0.76215943473606,1.21486514160677,1.12851236602344,0.0125490570195921,0.952188228836804,1.32024843255308,1.14068142961395,0.0127873557024327,0.965824888882762,1.33736457203359
"ind-small","halfcauchy",2,"binary",21,93,14993307,4166299,1,1,1,1,0.999925203043142,1.01057376984617,0.999778756826521,0.999925203043142,1.1265207187859,0.051518545155762,0.766017236903086,1.512101414619,1.13650560992733,0.0136154764008303,0.949084403814734,1.33351022692559,1.05958949289242,0.0258700489402334,0.809197514016785,1.32935536993028,1.08382754661944,0.0104189490774409,0.920267491562627,1.25971410360136,1.21125804475344,0.0473313056662918,0.871892113510581,1.58072618672639,1.23104165573252,0.0290222310611783,0.964298157202498,1.52283306187879,1.32427345681967,0.0161039633004331,1.12007405760977,1.53964264829512,1.33167924978486,0.0161842267770634,1.12709275445771,1.54938730401501
"ind-small","halfcauchy",2,"binary",21,94,14993307,2982934,1,1,1,1,0.999925203043142,1.01057376984617,0.999778756826521,0.999925203043142,0.964488382359538,0.0319331012308145,0.677267782889265,1.25567190779883,0.97393166137425,0.00866896734741356,0.82167110919549,1.12514148484212,1.11053209428222,0.0199626882724133,0.881604726427334,1.34473166105473,1.12838952432303,0.00882910838810336,0.975553318977526,1.28938066035185,0.964574280113923,0.0298016397953793,0.685434811629605,1.26701332203852,0.972514438504399,0.0182727606509196,0.75110759283743,1.20106692433555,0.953497349630212,0.00881133898969253,0.805206717377836,1.11472227174338,0.961155105146736,0.00878138240486548,0.813848507272221,1.12253693706787
"ind-small","halfcauchy",2,"binary",21,95,14993307,5284803,1,1,1,1,0.999925203043142,1.01057376984617,0.999778756826521,0.999925203043142,0.816612658340257,0.0303307271732472,0.537438534636469,1.10503643057234,0.823434588436104,0.00771019047136755,0.6875177730982,0.971135414460247,0.97997808006382,0.017808232517083,0.763750570728514,1.2062833274463,0.993761886945008,0.00736168269613775,0.853615881986417,1.13815875617741,0.777839099715858,0.0233487265220006,0.526097334297175,1.03492834848248,0.782949659308383,0.0125756347134012,0.609351210762872,0.974953559768067,0.990531970082309,0.00852398208114897,0.840269247828444,1.14552498049446,1.00195182961296,0.00842458691706656,0.856904369239079,1.15376526839215
"ind-small","halfcauchy",2,"binary",21,96,14993307,10118747,1,1,1,1,0.999925203043142,1.01057376984617,0.999778756826521,0.999925203043142,0.924464405509844,0.0269937753252521,0.662794610570702,1.19719941197736,0.929379692524228,0.0072899936296129,0.790301342301235,1.06941677101746,0.810971647535379,0.0111746926064337,0.636729779887147,0.985119503855535,0.81851402410453,0.005821150705182,0.690823320513247,0.942249355410897,0.84274178683153,0.0317494831901673,0.565692619544152,1.14663105496376,0.851227499488453,0.0170092004024177,0.650037463798633,1.08547222807297,0.932182481501326,0.00813873329527473,0.789702437682229,1.08383837713228,0.926042324692814,0.00792178113199286,0.786859082993533,1.07670449336271
"ind-small","halfcauchy",2,"binary",21,97,14993307,7611613,1,1,1,1,0.999925203043142,1.01057376984617,0.999778756826521,0.999925203043142,0.901055290696032,0.0329819585548048,0.611702431402809,1.20919189878921,0.908038031426424,0.00832303868470233,0.761568439020467,1.06469564343904,0.983074775490341,0.0177879867043216,0.765280766952798,1.20230925221601,0.998839795254222,0.00760461564513877,0.857725524068566,1.13939165973372,0.931630404267421,0.0292373726217631,0.663956759511385,1.23396407471044,0.939018265420229,0.0172492854636927,0.723555614520913,1.16367542920283,1.04557164469997,0.00971195536586047,0.891773015810413,1.20430188545329,1.06572749598927,0.00988175607631243,0.912938958068633,1.23042767054824
"ind-small","halfcauchy",2,"binary",21,98,14993307,15895444,1,1,1,1,0.999925203043142,1.01057376984617,0.999778756826521,0.999925203043142,0.998217310801005,0.034345382088375,0.70693377389669,1.3170657873259,1.00265369580166,0.00928303562364102,0.848638768397175,1.16664188770361,1.06905976888051,0.0125385065123531,0.890157452446653,1.25817264047037,1.07614345701468,0.00822205574818208,0.927239338395293,1.23207691711875,1.03614190576683,0.0444353628826834,0.696161080730711,1.3988403607436,1.05245135183359,0.0234575062047665,0.819462957440835,1.32709866741559,0.965146322587031,0.0096142353069853,0.811462856200677,1.13193109117038,0.942837679084512,0.00908284911961011,0.793477360417817,1.10232808911308
"ind-small","halfcauchy",2,"binary",21,99,14993307,2485581,1,1,1,1,0.999925203043142,1.01057376984617,0.999778756826521,0.999925203043142,0.915458755338307,0.0321470750639089,0.632810570323278,1.21130913402572,0.922446216572357,0.00833635419472627,0.775183291403978,1.07768682859259,1.04738814176507,0.0152237643426509,0.853195512384293,1.24832710645184,1.06037982334781,0.00808010911171488,0.917538004792425,1.21142109639504,0.924042877794475,0.0344506557429318,0.637254326327759,1.24433696509876,0.934337513028576,0.0185588242854045,0.717880530341914,1.17866852380736,1.04074131892543,0.00984906307052127,0.884267984547333,1.20869272267655,1.03698216368484,0.00969171021557408,0.880234035986199,1.20321999076078
"ind-small","halfcauchy",2,"binary",21,100,14993307,5467052,1,1,1,1,0.999925203043142,1.01057376984617,0.999778756826521,0.999925203043142,0.853032091818827,0.0298385235400669,0.57843430775793,1.13869942449389,0.858930001061985,0.0075233564284738,0.719321892718194,1.00888745288874,0.934911371675183,0.0166962192402552,0.726260781664505,1.15310186603943,0.949251491204996,0.00602189719866706,0.822821164865453,1.08064159787782,0.806579138212294,0.0219356665639721,0.568101432160625,1.04706702662097,0.811837298088655,0.0125207848054098,0.625442965858218,0.996858900986835,0.857000422557525,0.00756085129551689,0.718243186664851,1.00311765077432,0.872235262171828,0.00756601797886659,0.732920729074707,1.01778726800204
"ind-small","halfcauchy",2,"binary",21,101,14993307,8495842,1,1,1,1,0.999925203043142,1.01057376984617,0.999778756826521,0.999925203043142,1.14258439374108,0.0299802695752607,0.868724894983745,1.43261320543994,1.14834195658326,0.0110635916173314,0.975125777379151,1.32836755928519,1.10463223972247,0.0165424622791543,0.894655366317128,1.32487949530166,1.11609246663477,0.00979166645305862,0.956201868467827,1.28971265707899,0.944187981056777,0.02995710037862,0.668072147392908,1.24337905432614,0.950668013778854,0.0191229932509528,0.735183293114782,1.19017935415149,1.03553449752534,0.0101260537701382,0.874901525699986,1.20338999400992,1.0288635503879,0.00977114285917218,0.871309072913178,1.1879464777613
"ind-small","halfcauchy",2,"binary",21,102,14993307,5616039,1,1,1,1,0.999925203043142,1.01057376984617,0.999778756826521,0.999925203043142,0.856340580021619,0.0200318044841151,0.632274775746591,1.0923807211859,0.860694848853122,0.00668982149435323,0.727709280443994,1.00350422100379,0.891675770830365,0.00942427816483277,0.730811013632678,1.05215639275652,0.896431413340035,0.00573324093050536,0.772113573355846,1.02581653486955,0.774367240392345,0.0231096529073468,0.535140032416716,1.02622955919868,0.779438999649189,0.013586782370021,0.59220432674449,0.986319182993976,0.812557639606031,0.0066892807526081,0.681441630924798,0.947168441540962,0.81578506733142,0.00665581803913441,0.682223017703532,0.951284670938364
"ind-small","halfcauchy",2,"binary",21,103,14993307,11463380,1,1,1,1,0.999925203043142,1.01057376984617,0.999778756826521,0.999925203043142,0.990922857490154,0.0298184772470481,0.721550956411124,1.27762730598114,0.995311752777649,0.00857331329779264,0.841480474271756,1.14526573801959,1.02937311979919,0.0128918360291056,0.848008476677781,1.21595294663509,1.03797970847069,0.00780540646108413,0.897292785334325,1.18711677059649,0.829193041571873,0.0315498008830865,0.541612442751337,1.12542356023718,0.837544640412324,0.0152490162783691,0.641789728209727,1.046302239924,1.07008024922389,0.0103644788287136,0.911443041861531,1.24141564134617,1.05243468046975,0.00996165984036615,0.89831728607932,1.22398420666424
"ind-small","halfcauchy",2,"binary",21,104,14993307,5876863,1,1,1,1,0.999925203043142,1.01057376984617,0.999778756826521,0.999925203043142,0.909711217932427,0.041366725726495,0.575980978047759,1.23893909569747,0.917536660914833,0.00894483406462655,0.763228457830232,1.07615892336513,0.94245666476805,0.0197926147275269,0.714020880811279,1.1723767376175,0.960866578457219,0.00767891659549166,0.81811844451793,1.10731668730587,0.862964457173884,0.0370813560383967,0.559761286328857,1.19258581946413,0.87484675468228,0.0178129002270158,0.66640705662023,1.10868777959916,1.11575754071882,0.0106958161003795,0.948013481757377,1.29498501899527,1.11520500856189,0.0104989285991488,0.948081719974397,1.29211065273261
"ind-small","halfcauchy",2,"binary",21,105,14993307,1016629,1,1,1,1,0.999925203043142,1.01057376984617,0.999778756826521,0.999925203043142,0.817011813906189,0.0343076984902018,0.526643416339086,1.12108465630936,0.823880973669471,0.00728373523316526,0.689600533994509,0.972397591553508,0.860403433385271,0.0168103469072727,0.655256557684109,1.08240133889399,0.873398992847746,0.00664071039648401,0.744083721190864,1.01113437324344,0.820538232688847,0.0326123032542129,0.533343368597367,1.12639042949148,0.830318580710994,0.0157441571699257,0.631973025529115,1.04676008975265,0.940696821554468,0.00805272964296615,0.797183086817822,1.09111467935651,0.951846712595319,0.00809984637719399,0.808185789230928,1.10268038997685
"ind-small","halfcauchy",2,"binary",21,106,14993307,11016098,1,1,1,1,0.999925203043142,1.01057376984617,0.999778756826521,0.999925203043142,1.02385724790541,0.0325769109257562,0.740248994083577,1.31865382993815,1.02979624346926,0.00900590661364963,0.873864602665193,1.18339566558044,0.997890393152289,0.0164415190436942,0.790076102437785,1.21245760051864,1.01013889237242,0.00742834190902534,0.87441869649105,1.15588950519811,0.858206922053223,0.0292041315597351,0.569666944213899,1.13818774356319,0.867623027477536,0.0144033141113841,0.671102683275626,1.06673288063538,0.913885101988979,0.00750338712245559,0.772818670969902,1.0571513119732,0.916954205830243,0.00733900905972716,0.777441771532067,1.05772242731393
"ind-small","halfcauchy",2,"binary",21,107,14993307,5601894,1,1,1,1,0.999925203043142,1.01057376984617,0.999778756826521,0.999925203043142,0.930008684073826,0.0399700480027622,0.607931016485321,1.2568783010197,0.938506551171231,0.0089823923613976,0.783247597336866,1.09520072208224,1.05864030916624,0.0195175394833754,0.835666544742958,1.28846297956931,1.07573415810223,0.00865951319612866,0.926102706079386,1.23029656329223,0.707735976576331,0.0334943807213276,0.423357674908294,1.01601249153988,0.716483445726702,0.0133790794782081,0.541024021105775,0.925607327858401,1.10175449278303,0.0106186860331025,0.93609268035204,1.27171889888379,1.09970942558172,0.0104590270421302,0.937309866715064,1.27205623891842
"ind-small","halfcauchy",2,"binary",21,108,14993307,15156110,1,1,1,1,0.999925203043142,1.01057376984617,0.999778756826521,0.999925203043142,0.910504826020947,0.0269018899096499,0.649659836608297,1.183238443567,0.916919231484269,0.00782246309944741,0.777780388744961,1.06360753292995,0.914736916333047,0.014524610397318,0.722872817735764,1.10783094938315,0.925676460808444,0.00624459661881081,0.799626833608335,1.05809085269349,0.846037423933549,0.0241762328671092,0.603443901474341,1.11015110809559,0.852512703262084,0.0147082491343809,0.660313764226831,1.06064246145437,0.97734630974485,0.00856846709589317,0.826138835473069,1.1370095843729,0.989732533622533,0.00861283036443589,0.839547499950982,1.14713757478271
"ind-small","halfcauchy",2,"binary",21,109,14993307,8100617,1,1,1,1,0.999925203043142,1.01057376984617,0.999778756826521,0.999925203043142,1.01218872757836,0.0345803975879879,0.715166919644538,1.31008215948687,1.01869286963872,0.00985553330333313,0.86062794671371,1.18849711414525,1.18302882982314,0.0177567184032676,0.967390784643441,1.40126616434253,1.19759816931497,0.0102530436261555,1.03326321193318,1.37110704332832,0.809057064962593,0.031669532491122,0.536366956177617,1.11514173077209,0.818123184859437,0.0151748629700422,0.634304154147019,1.03392012575706,1.14316483469532,0.0117790517622963,0.970181192319917,1.33142120496713,1.13479920890142,0.0113463619418972,0.964664912072946,1.32213233285668
"ind-small","halfcauchy",2,"binary",21,110,14993307,2972628,1,1,1,1,0.999925203043142,1.01057376984617,0.999778756826521,0.999925203043142,0.854514521585758,0.0215596976771234,0.617876109147305,1.10117265107097,0.861438150546302,0.00728420269540285,0.727632843245777,1.00502477937086,1.05198110843755,0.0118326098827399,0.878254389544289,1.23633888609773,1.05910933931825,0.0072421815737795,0.923835400245379,1.2000697396025,0.820110885435326,0.023131327961835,0.583550770290591,1.07874930007972,0.825033069131652,0.0132427059977322,0.644932689511141,1.02522008297856,1.04020622146484,0.0096436318619631,0.88069228751329,1.2048848306432,1.03593600644483,0.00937928814427655,0.879680300262083,1.19567565785891
"ind-small","halfcauchy",2,"binary",21,111,14993307,3648362,1,1,1,1,0.999925203043142,1.01057376984617,0.999778756826521,0.999925203043142,1.02474962024452,0.0291315107548583,0.748761398431835,1.3040221218524,1.03088608378792,0.00840263200145102,0.88640663452114,1.18544479892487,0.950411538400191,0.0131868535435325,0.76336489120401,1.14579563563702,0.959657576856628,0.00670207671996711,0.824694803296372,1.09978269678742,0.87927350407548,0.0312317972130736,0.598687849606546,1.1710196067484,0.887788507321503,0.0171357892817677,0.678357659002942,1.11454443682456,0.999878252461186,0.00935583837017199,0.846634614304405,1.16734374754147,1.00910836722561,0.00945837091212,0.855670840575765,1.17661930915912
"ind-small","halfcauchy",2,"binary",21,112,14993307,959590,1,1,1,1,0.999925203043142,1.01057376984617,0.999778756826521,0.999925203043142,1.20506571463197,0.0413506918503547,0.888237392388672,1.55085195520923,1.21197401358322,0.0121801347839192,1.03442924344686,1.39893674732069,1.09286402315982,0.022662684094708,0.847035339311053,1.3445445561746,1.11450128570223,0.00969465421275174,0.953090625867669,1.27726248605928,1.05032946966851,0.0352895737524238,0.755592190062999,1.37053674129138,1.06076404373179,0.0221349875840421,0.824900422970653,1.30859982769217,1.20127844868538,0.0132088183200839,1.0157142502856,1.39314299987549,1.20939183460876,0.0132248472659594,1.02448922851533,1.40583329874497
"ind-small","halfcauchy",2,"binary",21,113,14993307,4651986,1,1,1,1,0.999925203043142,1.01057376984617,0.999778756826521,0.999925203043142,0.906511857977839,0.0270623246845066,0.647375949733761,1.17376684653042,0.909756477468502,0.00751574455425723,0.767494525000599,1.05886409251049,1.02509000880474,0.0134508818764662,0.835357122959769,1.22287029360393,1.03249629544045,0.00798524195598266,0.890031879388117,1.17709928980739,0.764806132407265,0.028988092588442,0.498706991868715,1.06473524075886,0.771311254355666,0.0152946715970106,0.583622555887231,0.986480127567674,0.935724117244321,0.00867684681507131,0.784245074257625,1.09039758469912,0.944785419207553,0.00869330914834235,0.795812799087142,1.10068867479902
"ind-small","halfcauchy",2,"binary",21,114,14993307,11686146,1,1,1,1,0.999925203043142,1.01057376984617,0.999778756826521,0.999925203043142,0.856878590914874,0.0230287539766933,0.617783419562108,1.10814439109504,0.861831816752137,0.00656388145215135,0.735474779109685,1.00078381092221,0.946044586507842,0.0115052861742034,0.77507126658458,1.12319235322242,0.953494884446149,0.0058190077403945,0.828283455424717,1.07979100988372,0.835445186455277,0.0259473887270514,0.574882872621513,1.10151845789865,0.841752507589671,0.0150626915086291,0.652670005664602,1.04260679136704,0.747364986631966,0.00674462194766252,0.617012573865434,0.887630917790489,0.756648136623348,0.00672404842734814,0.62841649841758,0.895348534047307
"ind-small","halfcauchy",2,"binary",21,115,14993307,1273316,1,1,1,1,0.999925203043142,1.01057376984617,0.999778756826521,0.999925203043142,1.10067731000462,0.0309754186383241,0.823039106743415,1.38093155549913,1.10877210291414,0.0111092672285724,0.94698821389544,1.29121118595135,1.06911615890643,0.0201406328245483,0.845884955157987,1.30920651515135,1.08693279643078,0.00902420153144149,0.936757721191064,1.24716370825354,0.788792786762473,0.0200590970890285,0.566530108830196,1.027557476175,0.792275698005033,0.0136286358445705,0.60997340247423,0.987887798831168,0.998469721904339,0.00982960235556525,0.839411803146433,1.15920425020592,0.998132107235606,0.00966952396456183,0.842745399653622,1.15967639775457
"ind-small","halfcauchy",2,"binary",21,116,14993307,3669267,1,1,1,1,0.999925203043142,1.01057376984617,0.999778756826521,0.999925203043142,0.929315297431944,0.0389840040898252,0.613117865410349,1.26333276895376,0.938459471988545,0.00823983444057346,0.793167536268073,1.09218912435287,0.994706691164921,0.0193400212390217,0.771185760007831,1.22853461799441,1.01307121124151,0.00780843944982816,0.871408077765206,1.16255412081366,0.879634429641679,0.0331903893710437,0.590371343595663,1.17049153456702,0.891359741536991,0.0157413408773342,0.690099154178736,1.10914662581011,0.927599681261443,0.00863435825914798,0.777820330406624,1.08111917985458,0.926310868721303,0.00849743401630531,0.778009742466322,1.07823409396594
"ind-small","halfcauchy",2,"binary",21,117,14993307,15108794,1,1,1,1,0.999925203043142,1.01057376984617,0.999778756826521,0.999925203043142,0.952817754604583,0.0275211646695479,0.689098194995291,1.23138089561405,0.956773724624225,0.00790928642027587,0.813061716051014,1.10196529277295,1.02161962955828,0.0120895911004799,0.843654128206975,1.21140723420416,1.02904309798351,0.00773572557586231,0.887733351283271,1.17196056338843,0.862426916064424,0.0320247067276931,0.582606457063077,1.16114409890485,0.870880044908498,0.0178016085504507,0.661717663489812,1.10511008081641,0.999050398514925,0.00909363320361362,0.848903244427589,1.16186063391796,1.00956926407263,0.00914140308257174,0.858084571835044,1.17246887673933
"ind-small","halfcauchy",2,"binary",21,118,14993307,9563001,1,1,1,1,0.999925203043142,1.01057376984617,0.999778756826521,0.999925203043142,1.0495558234322,0.0414107219123964,0.730534812253216,1.38258439138454,1.05763845107519,0.0101104757472015,0.895170849627715,1.22262051124412,0.966611551927135,0.0201000935363937,0.736746792333624,1.21005647083056,0.985257132179918,0.00764959722521352,0.84953120612771,1.13143397566433,0.936318516711302,0.0372610577392585,0.630299453530491,1.25715198572583,0.949649476187542,0.0191999556798562,0.728909411812269,1.18636202682021,1.10405385566673,0.0102905882945225,0.943353134631761,1.27224824614323,1.09377244770227,0.00996639552793328,0.937418251980024,1.25870904575789
"ind-small","halfcauchy",2,"binary",21,119,14993307,13736632,1,1,1,1,0.999925203043142,1.01057376984617,0.999778756826521,0.999925203043142,1.01137992182512,0.0335967710437317,0.719700166855172,1.3171771916188,1.0174670634919,0.00922240351866169,0.860536207027254,1.1791972881419,0.970416844390441,0.0158448573898191,0.767555944046443,1.17870576854889,0.981778372382855,0.00744326128254938,0.843426524420919,1.12470491115515,0.994124677253788,0.03538703192667,0.692776694576602,1.30933001033367,1.00516041518769,0.0201654357074772,0.781743909446333,1.24184546811032,1.08478984449939,0.0103261919398488,0.919978524697445,1.25562732690965,1.11011994276857,0.0106451473866638,0.94150553316406,1.28451045254723
"ind-small","halfcauchy",2,"binary",21,120,14993307,16134327,1,1,1,1,0.999925203043142,1.01057376984617,0.999778756826521,0.999925203043142,1.07141661428996,0.0341527475510586,0.783578708094869,1.37783257311594,1.07735939201786,0.0102089752485917,0.9151868588208,1.24922400684865,1.02276460259688,0.0161154584555874,0.820840963225749,1.23551233432358,1.03387685957092,0.00819722849777793,0.890930547768781,1.18709658714387,1.00967108803877,0.0364449562316647,0.706825055283019,1.3345839627623,1.02145305574678,0.02025485888872,0.796734655902035,1.26694148198769,1.1393031204732,0.0111658863149772,0.972266445722088,1.31887719924296,1.13336502164743,0.0108926402169228,0.968684252322975,1.31023533997939
"ind-small","halfcauchy",2,"binary",21,121,14993307,2538095,1,1,1,1,0.999925203043142,1.01057376984617,0.999778756826521,0.999925203043142,1.18275528789421,0.0461508894123409,0.851251485333435,1.54727965014632,1.18812857034702,0.0121599710341689,1.00752036074366,1.36949983928582,1.14509845653018,0.0192652539223492,0.917843947235445,1.37969456006989,1.16093108762694,0.00970733524346671,1.00042218313809,1.32045806886523,1.13011493451738,0.0511854872122514,0.765036273960964,1.51681437422458,1.15147228289328,0.0276447375632044,0.894033967944345,1.44352133859942,0.995515724440447,0.0110669320065538,0.829931861922305,1.17227292581556,0.999950340560564,0.0110958801162042,0.831695204392188,1.17922201673002
"ind-small","halfcauchy",2,"binary",21,122,14993307,3298191,1,1,1,1,0.999925203043142,1.01057376984617,0.999778756826521,0.999925203043142,0.882033326566013,0.0243701447059008,0.631629656897066,1.13606486733803,0.888685928314223,0.00744746192273551,0.750328311983988,1.03393594383887,0.896307201054433,0.015244817423,0.702440679000662,1.10390677372552,0.909116950407041,0.00604514541921288,0.786615466662543,1.04251987354833,0.884693571335598,0.0212743386538609,0.652364034442216,1.13678211018836,0.888710492087803,0.0142779098989136,0.703268235424033,1.08960917467473,0.912100422230277,0.00809432600827204,0.772382929798169,1.06249117725869,0.919329694340217,0.00797751335911987,0.781097304876151,1.06886588514025
"ind-small","halfcauchy",2,"binary",21,123,14993307,16078482,1,1,1,1,0.999925203043142,1.01057376984617,0.999778756826521,0.999925203043142,0.971870092201092,0.026798960926132,0.713483408233889,1.24221572125316,0.97519678931239,0.00842926446976226,0.823025430354694,1.12358049839174,0.989389644473944,0.0121620415733423,0.813612431006787,1.171513912679,0.996930568966482,0.00720218293312718,0.858143386280233,1.13879937419664,0.879464114934719,0.0318036994428544,0.591897263351461,1.1883814046105,0.888105744944796,0.0174086345887478,0.678321232124824,1.11137809053971,0.970575271884293,0.00829316798032139,0.822996620442712,1.12418930993404,0.973041191746006,0.00822745911313912,0.827102955227431,1.12472477088485
"ind-small","halfcauchy",2,"binary",21,124,14993307,12818770,1,1,1,1,0.999925203043142,1.01057376984617,0.999778756826521,0.999925203043142,0.959983279662228,0.0317008309850682,0.680435440868974,1.24821370103597,0.966041888021048,0.00866338854184664,0.818357158787752,1.11911678694057,0.973709738985322,0.0139353585700042,0.778507166769915,1.17148099979754,0.983429442406712,0.00742475900801723,0.845603032597078,1.12855388456597,0.920238338212083,0.0355797486840511,0.617313426996035,1.24337962667792,0.931183694929076,0.0195595078665013,0.719473531795347,1.17132836332056,0.970366677287316,0.00865913169850386,0.818189109010729,1.12465422710667,0.965979982755683,0.00849433256874439,0.817135588261422,1.11540088561272
"ind-small","halfcauchy",2,"binary",21,125,14993307,12363656,1,1,1,1,0.999925203043142,1.01057376984617,0.999778756826521,0.999925203043142,0.926140750299754,0.0312182090637581,0.64442879729859,1.21719553445419,0.932126602579716,0.00855106933641303,0.783338349270031,1.08679219167257,0.962106760550648,0.0149413694354132,0.762084592258274,1.16220186609666,0.973467443184415,0.00684261039026385,0.83647454640109,1.1100208178847,0.920774284138402,0.0331254582192124,0.633442366178273,1.2326722630637,0.930321372427736,0.018982234060764,0.715572462406087,1.16944360663441,1.05654346504879,0.0100961255969758,0.896987464592378,1.22524241061241,1.07828543320023,0.0102853405258936,0.918530773663263,1.24474750053782
"ind-small","halfcauchy",2,"binary",21,126,14993307,1011345,1,1,1,1,0.999925203043142,1.01057376984617,0.999778756826521,0.999925203043142,1.04947623778632,0.0372592618397559,0.7472632526244,1.3715784317612,1.05428211249675,0.00989139207320791,0.892391576245989,1.21662464827938,1.04114202394928,0.0159358887580464,0.834870742692157,1.2562417878943,1.05169223118173,0.00904340547434475,0.901896240425338,1.21318332828327,0.849103900392477,0.0354452141837691,0.542819290348997,1.17159960213945,0.861451579480473,0.0158318957880427,0.66689695660616,1.07494801987166,1.12577612814623,0.0115553684429362,0.957013364697428,1.29748466775907,1.1249911745266,0.0114174098154709,0.954709947336367,1.29891337602261
"ind-small","halfcauchy",2,"binary",21,127,14993307,1757737,1,1,1,1,0.999925203043142,1.01057376984617,0.999778756826521,0.999925203043142,0.835203721942687,0.0225647998254759,0.596525141067994,1.08452928464944,0.840547836253377,0.00603004750327052,0.716377017935043,0.968659823881606,0.815354184292614,0.00962498270134535,0.657435814801428,0.980214434132567,0.822281204217733,0.00504278110138953,0.707688483200849,0.940013435466784,0.792868264367221,0.0233565239375903,0.54459501857613,1.05232192077304,0.798332999554125,0.012046199419169,0.625883940238807,0.987030963736701,0.871387008036442,0.00723672390515905,0.733704138005472,1.01383698864679,0.865401878054816,0.00705967031278378,0.729477199582119,1.00485898196054
"ind-small","halfcauchy",2,"binary",21,128,14993307,3014147,1,1,1,1,0.999925203043142,1.01057376984617,0.999778756826521,0.999925203043142,0.873142336765125,0.037587711558793,0.559526342115796,1.18899368397325,0.881326834732502,0.007881644391286,0.737700956810637,1.03003534649104,0.927564937722598,0.0189876249717886,0.702359121558172,1.15436181961225,0.944107509285891,0.00722626546910868,0.804053393961945,1.0837534088659,0.951851067156891,0.0352541360574149,0.648619945934177,1.2815372998562,0.963107718495661,0.0194342023095464,0.748814711605713,1.2038988262158,0.965368042296942,0.00871951282594014,0.818300719261025,1.12418603158253,0.978041274758398,0.00854844078915616,0.828362225978144,1.13345608274278
"ind-small","halfcauchy",2,"binary",21,129,14993307,6086994,1,1,1,1,0.999925203043142,1.01057376984617,0.999778756826521,0.999925203043142,1.00019739651369,0.0373653996858216,0.690151625881721,1.32466699923018,1.0077947085069,0.00913928965640117,0.851390617744564,1.16643081514806,1.0574405070793,0.0208339220494417,0.829347817452874,1.30100711600706,1.07441592659355,0.00950659222023241,0.922056885852317,1.2384322714928,0.949996056354017,0.0336045780790227,0.645631243129019,1.24370355172307,0.962193286659266,0.0172878253140915,0.752503612409085,1.18602593912105,1.09408748259623,0.0113025664183355,0.929145462782267,1.27666210146637,1.1089671081523,0.0113210416840812,0.942770340700916,1.29248333433632
"ind-small","halfcauchy",2,"binary",21,130,14993307,12127175,1,1,1,1,0.999925203043142,1.01057376984617,0.999778756826521,0.999925203043142,0.876622948461463,0.0170203288608857,0.666512462897623,1.0895754081872,0.878804935967963,0.00681907764702771,0.749562554204586,1.01372058402297,0.954373755864237,0.00909903308673581,0.797120482897976,1.11722643821865,0.958486721755234,0.00607221821838366,0.833819161351583,1.0828517820734,0.718535143653559,0.0180273632557328,0.500338978547978,0.939342075182914,0.721085673322483,0.0109846539024398,0.548342847070605,0.894625343970591,0.967756433084492,0.00800572934652198,0.826873733312272,1.11674396835196,0.966341305335356,0.00788717140618359,0.824894110375713,1.11542281427265
"ind-small","halfcauchy",2,"binary",21,131,14993307,1350187,1,1,1,1,0.999925203043142,1.01057376984617,0.999778756826521,0.999925203043142,1.01052590849727,0.0332699501478424,0.716140436271127,1.318446483784,1.01740298359481,0.00949459047727245,0.863102551153165,1.17561096187629,1.02771450308534,0.019569839192123,0.808678698500844,1.25762464755048,1.04336219328313,0.00894184373690122,0.890937665553049,1.2044102218637,1.00367798766121,0.0308052321639452,0.729847078525789,1.30838406874948,1.0139781192678,0.0187305102210329,0.802942569228432,1.25242688080632,0.970904309291739,0.00951932246035979,0.815728391625261,1.13006613503395,0.99267953949765,0.00977159475161596,0.837594229492482,1.15378807594351
"ind-small","halfcauchy",2,"binary",21,132,14993307,1863800,1,1,1,1,0.999925203043142,1.01057376984617,0.999778756826521,0.999925203043142,1.02047467857799,0.0357713462042983,0.718438516384393,1.32959836531654,1.0284194618745,0.00936387127348679,0.875583890150106,1.18598960329583,0.997745798639149,0.0197642201721326,0.766757828092268,1.22997411488092,1.01721411641635,0.00785275061440083,0.874193723666911,1.16361975863689,1.01467344149272,0.0298525510322273,0.735170202901629,1.31010849214091,1.02333296762898,0.0175776897617312,0.820717457212273,1.25052366806209,1.04489750234495,0.00975523413480019,0.887932636682093,1.20923199943135,1.03937797658312,0.00949315721449133,0.881915231425532,1.20422429153566
"ind-small","halfcauchy",2,"binary",21,133,14993307,12563078,1,1,1,1,0.999925203043142,1.01057376984617,0.999778756826521,0.999925203043142,0.928960690158908,0.0302345161699075,0.647263818875739,1.2062505261674,0.936866424289795,0.00837317735031477,0.791032336114073,1.09332478191196,0.96366183032743,0.0190614482104539,0.741762387110187,1.19630106699699,0.980332592773318,0.00764735445155101,0.84176221520111,1.12656898655409,0.943365435099492,0.0256079573807157,0.686728771259987,1.21526728461936,0.949329405075023,0.0165859285423258,0.746162033656106,1.16516516904132,0.949429959423605,0.00892395453492091,0.803963737099172,1.11113652767651,0.95580462570787,0.00884861708823711,0.81043149970612,1.11993445478695
"ind-small","halfcauchy",2,"binary",21,134,14993307,359265,1,1,1,1,0.999925203043142,1.01057376984617,0.999778756826521,0.999925203043142,1.13973350662286,0.0393287805784537,0.814041142584469,1.47233635895705,1.14746834699049,0.010457466468513,0.983270921630897,1.32363099694332,0.956031215672545,0.020392829917049,0.716316374881905,1.1846790253479,0.974310294664147,0.00777260803062345,0.831348330122523,1.11900348285359,0.958148012288901,0.0368173916497729,0.658567658622286,1.27799331349632,0.969276813447439,0.0221013797197236,0.73352233918089,1.22188360218188,1.05833528910307,0.010200969451442,0.899918078712926,1.22039856333105,1.07006562352853,0.0103181594613669,0.909874305234661,1.23746145779195
"ind-small","halfcauchy",2,"binary",21,135,14993307,4669911,1,1,1,1,0.999925203043142,1.01057376984617,0.999778756826521,0.999925203043142,1.01815824976863,0.0350769756542341,0.721995918591872,1.32984399828802,1.02508937968586,0.00963111199084483,0.871317598874818,1.19031962593225,1.05912087188293,0.018397631505461,0.839006781003951,1.27771843312567,1.07477831349631,0.0081612862205093,0.928551146149615,1.2328538827055,0.945479483734845,0.0323458982272422,0.655296195434626,1.24983666195017,0.955662245159438,0.0189216180542362,0.736356468036071,1.19361887592068,1.0024503819047,0.0100045810632128,0.839450703991463,1.17117247630923,1.0030855280492,0.00994113950362567,0.842514266957409,1.1714597261042
"ind-small","halfcauchy",2,"binary",21,136,14993307,14437453,1,1,1,1,0.999925203043142,1.01057376984617,0.999778756826521,0.999925203043142,1.01364374129575,0.0379008128902948,0.69863030693363,1.3314757351708,1.01930255093644,0.00919328888514229,0.864031551628388,1.18113219288423,0.976258843899682,0.0142008979436713,0.777293479890311,1.17392148381931,0.985527476895355,0.00770107328602139,0.842047052378575,1.13095561590506,0.981731233792171,0.0457395804966082,0.644831381348386,1.35568629184457,0.999482775837889,0.0226475893172869,0.767238379828421,1.26266074615741,0.980155062057265,0.00927543897086222,0.825031200343478,1.14529468549387,0.994897612184502,0.00931115956764098,0.838964682161675,1.16080896475422
"ind-small","halfcauchy",2,"binary",21,137,14993307,12282034,1,1,1,1,0.999925203043142,1.01057376984617,0.999778756826521,0.999925203043142,0.901192615041653,0.0302596261150598,0.628007250625545,1.18545899389504,0.907357177261044,0.00778538540152288,0.768394865482508,1.05385020481845,1.01022799809821,0.0126018867739145,0.823251583814691,1.19126163542217,1.018700382367,0.00741089364609186,0.879008001818418,1.16842343606317,0.846431463923768,0.0352587144211885,0.545008968883271,1.16358533149878,0.85561784762754,0.0178665544709042,0.650594206437945,1.08485072057708,0.906226624222645,0.00842493109848056,0.762649470440327,1.0620380773437,0.907639661170707,0.00826374608939184,0.765193101880703,1.06092907130246
"ind-small","halfcauchy",2,"binary",21,138,14993307,2159062,1,1,1,1,0.999925203043142,1.01057376984617,0.999778756826521,0.999925203043142,0.912884794286653,0.0270116147533436,0.647671993628684,1.188139519672,0.918129586282178,0.0073080072493384,0.779890987768674,1.05942851852621,0.932088212492311,0.0137520714661924,0.73805526384456,1.12537423046246,0.942162436229333,0.0063920271507497,0.814320953188981,1.08102675021612,0.877076706406654,0.028172033115301,0.61069820809878,1.15705615036162,0.885095952423242,0.0164354034880632,0.690444369999126,1.1093341522626,0.762666063648779,0.00703317024624587,0.631937034710504,0.906273387748316,0.765473902785225,0.0069014376773661,0.634360301818805,0.905310134961575
"ind-small","halfcauchy",2,"binary",21,139,14993307,12816458,1,1,1,1,0.999925203043142,1.01057376984617,0.999778756826521,0.999925203043142,1.07382569011876,0.0318434083531216,0.791646468077098,1.36267760780381,1.08210585336571,0.0096989075939796,0.925622633481309,1.24857635248706,1.05313045264381,0.0178689349223385,0.826328273524007,1.27644265122698,1.07016200500381,0.00840571418857271,0.918691941474673,1.22454373571277,0.801159037075885,0.026283674892462,0.528392783670957,1.06600654554671,0.807505499076938,0.0144749665993669,0.60676927861122,1.00715589952326,0.961659949590363,0.0093268372915119,0.808017582557877,1.12212841530911,0.97513752826472,0.00940661326883402,0.818725519535052,1.13542693686837
"ind-small","halfcauchy",2,"binary",21,140,14993307,4356789,1,1,1,1,0.999925203043142,1.01057376984617,0.999778756826521,0.999925203043142,0.920629118567911,0.0324693807205729,0.639071256068673,1.21236215901615,0.928703821843336,0.00788949642204557,0.784051102256779,1.0736733156988,1.04889183994215,0.0180227780479287,0.836896445899271,1.27452711053017,1.06372429321136,0.00803111531135868,0.927053550273011,1.2175134388041,0.717141983029899,0.0242847681032871,0.468588893526015,0.979649166730889,0.723674378405024,0.0103095505673402,0.556362389260961,0.894785636451987,0.926852195583906,0.00843827105723237,0.781228253919294,1.07452318505302,0.926359854268188,0.00830741050866535,0.781477476311,1.07341251270228
"ind-small","halfcauchy",2,"binary",21,141,14993307,4703937,1,1,1,1,0.999925203043142,1.01057376984617,0.999778756826521,0.999925203043142,0.929843010119142,0.0325025388361422,0.633499183900764,1.2241064676104,0.937066300128142,0.00822168429478482,0.790233692303965,1.08706965418771,0.923104409026009,0.0189682110125882,0.698614773924822,1.15681204509321,0.939817470899667,0.00644286746787181,0.810532608435341,1.07407348578197,0.882567966113155,0.0280645012981884,0.612708459168756,1.16411862109904,0.888929297753983,0.017400908345706,0.678061276518542,1.11572259290091,1.04564297411927,0.00939035333294298,0.892496970290713,1.20473752622498,1.05989059113671,0.00936251138316055,0.907725568989414,1.22298533782368
"ind-small","halfcauchy",2,"binary",21,142,14993307,14285464,1,1,1,1,0.999925203043142,1.01057376984617,0.999778756826521,0.999925203043142,0.900168342345742,0.0297795736404904,0.622396484447239,1.18071909612306,0.906567089968634,0.00825789854406688,0.763432655797793,1.06070152183349,0.959527541429309,0.0160552601562246,0.758329116527942,1.17265435845098,0.974166026119335,0.00661560299903802,0.836172977325948,1.10507015837793,0.876319887800083,0.0275336753490827,0.609045102125523,1.16298332983343,0.88480221241816,0.0160176584734288,0.688508926120678,1.10461519594755,1.01819381632692,0.00977771515964842,0.860127024608504,1.18380052940312,1.01944019147861,0.00971741251084017,0.864820426899989,1.18460386825393
"ind-small","halfcauchy",2,"binary",21,143,14993307,4471173,1,1,1,1,0.999925203043142,1.01057376984617,0.999778756826521,0.999925203043142,0.985009677898151,0.034620183223891,0.683847681887254,1.29016922588837,0.990376518806158,0.00939788824337583,0.833100312793911,1.15440848149381,1.0036736757469,0.016885842797724,0.792249399994063,1.21781697790766,1.01777821315617,0.00798888117349898,0.870516814962287,1.17067135362015,0.948917812632377,0.036692280098929,0.645509735474458,1.27648286925905,0.96010325613871,0.0207057439232633,0.738940160630716,1.210899644033,0.906745225755839,0.0088323523403631,0.753814394219908,1.06747369367444,0.914544504658024,0.00887118056173468,0.76243528930539,1.0705546756747
"ind-small","halfcauchy",2,"binary",21,144,14993307,2731644,1,1,1,1,0.999925203043142,1.01057376984617,0.999778756826521,0.999925203043142,0.92373127492777,0.0337665690349802,0.625436397224448,1.22118373352383,0.932319968951788,0.00859238267192493,0.786120433355664,1.08797676302682,1.01839071874639,0.0190208938315271,0.797157923980597,1.25089150602175,1.03676689090884,0.00785695792664911,0.893499148082337,1.18639012311041,0.881653656003133,0.0298610475947233,0.606107677621621,1.17198989516125,0.889555652041941,0.0171646352741547,0.682082837992496,1.11756963914916,1.01426660409402,0.00951058298594686,0.859661529792939,1.17288141252226,1.02177247922629,0.00952625345625412,0.865312074924917,1.18230429465136
"ind-small","halfcauchy",2,"binary",21,145,14993307,2088355,1,1,1,1,0.999925203043142,1.01057376984617,0.999778756826521,0.999925203043142,1.06888253311942,0.039801803144968,0.757277037649536,1.40378542582566,1.0767133001238,0.0103823377560523,0.918869182782446,1.24535822660911,0.90350893704082,0.0207520895523636,0.669915842014351,1.14700229814733,0.92435338193221,0.00781700570913504,0.778575181439279,1.07276406924745,0.83677282571658,0.0291616265075002,0.563828374465033,1.13109467883363,0.845381790127373,0.015536155268077,0.648985967321906,1.05996985058712,1.11799412908143,0.0104111993900292,0.958653383350074,1.2898963277016,1.1503532580329,0.0108417637472011,0.98306778980899,1.32870339538719
"ind-small","halfcauchy",2,"binary",21,146,14993307,1026542,1,1,1,1,0.999925203043142,1.01057376984617,0.999778756826521,0.999925203043142,1.13731611688739,0.0482191229106395,0.788762979070384,1.49583711295589,1.14747783163389,0.0118805632996303,0.9711122799562,1.32429262707714,1.11765119044329,0.0256197287124693,0.867874255436115,1.38928573610976,1.14409054254299,0.00957557742214532,0.984934740209359,1.30936219605113,1.03555149675638,0.0406208554370183,0.721816699177049,1.37768209499009,1.04959263434769,0.0229621152479225,0.810030250326105,1.31072102436948,1.13866677012874,0.0125514101472345,0.963749178447456,1.32959204542931,1.15257092268633,0.0124985474209841,0.975652933633852,1.33879758999204
"ind-small","halfcauchy",2,"binary",21,147,14993307,7825986,1,1,1,1,0.999925203043142,1.01057376984617,0.999778756826521,0.999925203043142,0.969324416793562,0.0364879717013072,0.665871797137737,1.28314614872505,0.97604033239518,0.00853568397903478,0.822645825534581,1.13321730804621,1.01217907809471,0.0159925234765549,0.808546341413565,1.2259390956022,1.02279750170582,0.00778255481126404,0.878532735495757,1.17236545022191,1.02797583557363,0.0420288119722775,0.691558405757402,1.3644886878653,1.04397089452772,0.0222383519684815,0.807546061133678,1.29753294302975,0.999780812382602,0.00964252472410438,0.842832498473686,1.168499967538,1.0082773004429,0.00963534518377026,0.852292437727421,1.17556842004745
"ind-small","halfcauchy",2,"binary",21,148,14993307,2598974,1,1,1,1,0.999925203043142,1.01057376984617,0.999778756826521,0.999925203043142,1.01145011317649,0.0335598832552139,0.723048292096633,1.30752054279443,1.02030445972007,0.0090165360824126,0.868564661836183,1.17618905474222,0.926050374487412,0.0164745981857791,0.717047007250963,1.14136709432399,0.939221715935561,0.0065958423620427,0.806757134765401,1.0724062336427,0.974049655813182,0.0327478660281108,0.679408346886071,1.27924374271127,0.984738567676512,0.0184916334241203,0.764955723326878,1.21222149486377,0.989219672893481,0.00900124002777632,0.835830957146931,1.15180850547557,0.996623793522043,0.00902635501113137,0.840967523298889,1.15787823138198
"ind-small","halfcauchy",2,"binary",21,149,14993307,3750800,1,1,1,1,0.999925203043142,1.01057376984617,0.999778756826521,0.999925203043142,0.980251886718257,0.0235220374339287,0.734624315368593,1.23088889852883,0.98407320345806,0.00824637923263906,0.841006308213895,1.14184656890683,0.987180889845546,0.0125421439212251,0.807178727035821,1.17990681499053,0.993049588953271,0.00735031204077338,0.856355639745475,1.14121705026412,0.866942858699924,0.0265828985297152,0.611567207801451,1.13803221561744,0.872397694796876,0.0167428538030479,0.673436098695712,1.0958471210379,0.824320292310031,0.00749716551265379,0.688884386378891,0.970577359478029,0.838057401540319,0.00755366860153907,0.703740672626674,0.984831953185215
"ind-small","halfcauchy",2,"binary",21,150,14993307,7918027,1,1,1,1,0.999925203043142,1.01057376984617,0.999778756826521,0.999925203043142,0.892115701542548,0.0186914504607611,0.675136705527628,1.11531316725667,0.895127029547661,0.00717793870249869,0.756017225943434,1.03770830613379,1.01018746709331,0.0113763438454009,0.834075425200953,1.18599049236588,1.01629741391024,0.00678452069225954,0.8832743341995,1.15465539997405,0.766404782951697,0.019828795101503,0.546690034025391,1.0055192289223,0.768872198950067,0.0130434965307728,0.587369605969727,0.967564659504323,0.969405775865773,0.00820439929016015,0.82443667153962,1.12214262166498,0.980139300471968,0.00833916849470631,0.834874036769906,1.13162232497393
"ind-small","halfcauchy",2,"binary",21,151,14993307,8187772,1,1,1,1,0.999925203043142,1.01057376984617,0.999778756826521,0.999925203043142,0.975917663291969,0.0289232930334825,0.709912465809992,1.26188100086357,0.978893751462348,0.00908433124384585,0.824312305189253,1.13769349950729,1.04903014130547,0.0139463719044441,0.862157519060698,1.24808303743444,1.05525292629701,0.00892298931000649,0.907293421223543,1.21297024942559,0.971634671615194,0.0349423352595472,0.677830589831117,1.29401286944309,0.982401180919265,0.0193245573948764,0.765753770899026,1.22051440821331,0.945108542262716,0.00887332214681223,0.794927802832659,1.10842437608986,0.943846617230386,0.00873274809820155,0.792526629258315,1.1073849945474
"ind-small","halfcauchy",2,"binary",21,152,14993307,1363978,1,1,1,1,0.999925203043142,1.01057376984617,0.999778756826521,0.999925203043142,0.83485751686264,0.0316056885990323,0.553487228437754,1.13447571579578,0.842210514636564,0.00721191002936037,0.704555698141613,0.98488972983457,0.943886058467346,0.0168061508760796,0.734175590015498,1.16642616413163,0.957815421062292,0.00637741483318392,0.829477998570415,1.09158497749741,0.831664350769393,0.0298170558394394,0.554961570373775,1.12225974402265,0.838000415606056,0.0171217911469196,0.64056929028171,1.06614814816987,0.975790371620384,0.00878225443369126,0.826261948704705,1.13488016721433,0.990927318839278,0.00880243434515009,0.843049318043851,1.15317490900519
"ind-small","halfcauchy",2,"binary",21,153,14993307,6197633,1,1,1,1,0.999925203043142,1.01057376984617,0.999778756826521,0.999925203043142,0.874658195987557,0.0364209345556825,0.565376144527083,1.19480904353754,0.880227972739733,0.00789729420906958,0.73429134043065,1.03246629992249,0.987787726975589,0.0119069433369418,0.809655226304329,1.16993031394944,0.995785311139464,0.00701627220666009,0.861857385230583,1.13077234499165,1.00096053653785,0.0463559201576968,0.652590082488408,1.3611380117923,1.01932292172836,0.0228379476339491,0.789025499657311,1.28756135111334,1.08583180376686,0.0101961869768284,0.927194859583909,1.25450687529825,1.08423105994231,0.0100865214638098,0.926006301330189,1.25635298246795
"ind-small","halfcauchy",2,"binary",21,154,14993307,10371015,1,1,1,1,0.999925203043142,1.01057376984617,0.999778756826521,0.999925203043142,0.982291032962865,0.0297133715526561,0.709660063638988,1.26748874249072,0.989379128966189,0.00869935427818846,0.840866796538953,1.14096674828155,0.907287634164243,0.0157262387799602,0.702524922109916,1.11069546936547,0.918576317969984,0.00660396707371364,0.784129026745208,1.05087894462261,0.903112105687882,0.0274608882450626,0.632369803473789,1.17781802345013,0.9106256182067,0.0163692374934711,0.705603458434702,1.12699546209958,0.911952777367502,0.00816062329197093,0.766753442011479,1.06461580459221,0.914021039525941,0.00808482906561867,0.771969872789298,1.06638097464101
"ind-small","halfcauchy",2,"binary",21,155,14993307,12310769,1,1,1,1,0.999925203043142,1.01057376984617,0.999778756826521,0.999925203043142,1.28293964457131,0.0487133466282245,0.935461463630227,1.64001579971784,1.29105342464712,0.0131455740707453,1.10786801433687,1.48899731897771,1.09218190193101,0.020823572950654,0.858644936708964,1.33637829855169,1.11109569383587,0.00960434894546129,0.952781291742421,1.2775993381239,0.985750039716857,0.0468760691702451,0.635659229747504,1.34323115748184,1.00504364235138,0.0241542532866772,0.764454682471005,1.27212256471082,1.11296311651183,0.0122225664344507,0.939306636289316,1.30180749813493,1.11296131872321,0.0122044920332913,0.941033925897778,1.29818744705813
"ind-small","halfcauchy",2,"binary",21,156,14993307,14679525,1,1,1,1,0.999925203043142,1.01057376984617,0.999778756826521,0.999925203043142,0.826739309755264,0.0243777713015021,0.579744243622041,1.08525243075663,0.832034830789466,0.00629480595707495,0.70422618433717,0.964053307014965,0.870950952612215,0.0129005911871902,0.687039775186366,1.05802240847829,0.881106571372614,0.00564386425512037,0.757699539333079,1.00402662342399,0.854389820154638,0.0244289555979997,0.603564765453988,1.11768329525342,0.859916595406901,0.0148740361884157,0.666422808888348,1.0665239111576,0.775823796517292,0.00622149924268697,0.649734994300976,0.903334124190611,0.771562792873327,0.00610979029931293,0.646200597501296,0.899080557080359
"ind-small","halfcauchy",2,"binary",21,157,14993307,4352345,1,1,1,1,0.999925203043142,1.01057376984617,0.999778756826521,0.999925203043142,0.985587917558644,0.0314547604171854,0.696497418862951,1.27674809819246,0.991401294658868,0.00798363846113998,0.845285755661837,1.14047239126564,0.939222822267087,0.0150002502432367,0.742508248386345,1.14835221540809,0.948479680087856,0.00701421695522685,0.814686470945071,1.09214335548051,0.873300237339775,0.0329668061651147,0.580691898891281,1.17615111733348,0.882813278693519,0.0178786134297012,0.674228687911147,1.11247228293334,0.862169697054478,0.00769113719103613,0.71977721985209,1.01009430402652,0.860502750059522,0.00763674635842506,0.718538191662321,1.00846372818599
"ind-small","halfcauchy",2,"binary",21,158,14993307,3033790,1,1,1,1,0.999925203043142,1.01057376984617,0.999778756826521,0.999925203043142,1.23132333867845,0.0480538114791646,0.896946579795218,1.60268473152326,1.24394505760285,0.014047533725592,1.05707435082798,1.44472110106743,1.13726137848667,0.0246034876112903,0.880197181924021,1.40691114723413,1.16186815458098,0.0105488469299758,0.989713834519577,1.33146371335858,1.04043139938848,0.0397548224379707,0.725383182787545,1.3631134646759,1.05677630515115,0.020998417671476,0.827472882024966,1.30497234842068,1.27413323734139,0.0151446435724646,1.07401236151199,1.47074255703076,1.27152804326937,0.0146899783130246,1.07472013017665,1.47507035444233
"ind-small","halfcauchy",2,"binary",21,159,14993307,763008,1,1,1,1,0.999925203043142,1.01057376984617,0.999778756826521,0.999925203043142,0.915742802826343,0.0322542760169401,0.629670867406759,1.2149592252838,0.92130052174171,0.00816550287016632,0.77475038346641,1.07203708835838,1.06130010812177,0.0150878297557875,0.859274312692172,1.26086226776614,1.07247107926426,0.00778316163094045,0.928113744993127,1.21416165467726,0.935682242533887,0.036194688093832,0.628716004900399,1.27028067331953,0.946655506028344,0.0193822558117498,0.732867509762486,1.18421003990797,0.893835523850112,0.00877257409985155,0.740434058441751,1.04576031644887,0.917783436143985,0.00890478181181343,0.763626385067615,1.07090336370104
"ind-small","halfcauchy",2,"binary",21,160,14993307,2073472,1,1,1,1,0.999925203043142,1.01057376984617,0.999778756826521,0.999925203043142,1.01968612393959,0.0219525741176922,0.780153350304745,1.2694969221254,1.02230149010026,0.00895228671865861,0.87044971468389,1.17877500622563,1.05764571485341,0.011587836255643,0.884638181237738,1.23546461112511,1.06276689291211,0.0078896645512745,0.916869010314531,1.20784014954836,1.07464911628779,0.028626692680227,0.809749592551937,1.37464583307278,1.08280239418873,0.0191324233824199,0.869017721443693,1.31784906699171,1.00407241846553,0.00976413031250164,0.845568413891618,1.17454051852676,0.998260477592105,0.00963211899201406,0.838957178438075,1.17093795069211
"ind-small","halfcauchy",2,"binary",21,161,14993307,9640432,1,1,1,1,0.999925203043142,1.01057376984617,0.999778756826521,0.999925203043142,0.840766103983755,0.0252408823913237,0.589999908390974,1.10368089447137,0.846923244175941,0.00709121407305812,0.707721834304553,0.988673271237065,0.947891371083425,0.0113157670474871,0.76953304722547,1.12490418237351,0.955951083652565,0.00639259815658279,0.825067873450409,1.08912235420684,0.770962124390839,0.0281099495356647,0.504320066637012,1.05812080008238,0.7783817015529,0.0152445494282662,0.588115694190653,0.994189514423541,1.0256215222213,0.00896012484422866,0.87444915283883,1.18719857243098,1.02404463426524,0.00887266214082099,0.876294993335961,1.18427630663582
"ind-small","halfcauchy",2,"binary",21,162,14993307,8658169,1,1,1,1,0.999925203043142,1.01057376984617,0.999778756826521,0.999925203043142,1.12154665230576,0.0409069643827807,0.794769088776079,1.45392488891287,1.12963134694066,0.012243695156915,0.95012384332841,1.32138698706271,1.16852670669373,0.0208028907361179,0.940752931666708,1.41372553395136,1.18777308676171,0.0110148083051974,1.02172921974367,1.36621830022146,0.924043467500597,0.0383579057610809,0.614998540627763,1.25504171172622,0.936861698941432,0.0214956716988,0.715112487977942,1.18843870099311,1.24103961302512,0.013831306306596,1.04947921685453,1.44322548531339,1.23105317381564,0.0135062028349751,1.04495986148017,1.42983802038039
"ind-small","halfcauchy",2,"binary",21,163,14993307,10701444,1,1,1,1,0.999925203043142,1.01057376984617,0.999778756826521,0.999925203043142,1.16746634259771,0.0325673300574732,0.887838372092353,1.47149858290069,1.17201236524582,0.0113324766498846,0.999203267510432,1.35143678381218,0.934173715760338,0.0119294373744478,0.757866754351228,1.11774559781474,0.939876185062379,0.00779404686922884,0.801354936716668,1.09035696433322,1.09292512050113,0.0422409265497389,0.76288941502088,1.43620453629438,1.1069267340704,0.0251970194647722,0.863707628851736,1.37821457103285,1.19367831956292,0.0122969155945908,1.0191742615815,1.381939076817,1.19570687816351,0.0122383404194336,1.01974292817564,1.37818555912369
"ind-small","halfcauchy",2,"binary",21,164,14993307,8332909,1,1,1,1,0.999925203043142,1.01057376984617,0.999778756826521,0.999925203043142,1.05578556416457,0.0317282965375758,0.775507431163158,1.35172603127117,1.06054353427796,0.00966410206018005,0.902748048604012,1.21794641780557,1.025954366303,0.0144434181011913,0.829751516967656,1.22855321656134,1.03730552618053,0.00804850692906649,0.891084360747548,1.18716425843282,1.10459442536865,0.0399770370121571,0.779897623907631,1.43499710311828,1.11891543432782,0.0240440871849205,0.878748642390394,1.37802199170875,1.0478836079102,0.00997434309780418,0.885235065476386,1.21742187277366,1.04390225025977,0.00982851868300288,0.882153272577192,1.2079249464299
"ind-small","halfcauchy",2,"binary",21,165,14993307,9038014,1,1,1,1,0.999925203043142,1.01057376984617,0.999778756826521,0.999925203043142,0.856993235652826,0.0249592124972745,0.595426217974569,1.11940197375941,0.862789203885338,0.00699508087847274,0.730076293222773,1.01095371927482,0.909479310944114,0.0112602232656927,0.735338741376844,1.08379621648741,0.917064917815734,0.00626628170031197,0.787114582169837,1.0471865583972,0.869817874892957,0.0267604525207345,0.613605535685232,1.14529944809816,0.877373370645203,0.0136101333427356,0.693050171153061,1.07799314688543,0.850238708041848,0.00757998316673352,0.712762650978424,1.00059807635739,0.850594033585469,0.00748355089191927,0.712855206888841,0.99934198247119
"ind-small","halfcauchy",2,"binary",21,166,14993307,40390,1,1,1,1,0.999925203043142,1.01057376984617,0.999778756826521,0.999925203043142,1.14091196801355,0.0338843790665259,0.856809418444891,1.44891521519469,1.14612483467701,0.0120421664975515,0.968762285900195,1.3303666352395,1.22885066439001,0.0191091910381687,1.01247595834223,1.46602734875319,1.24281769491993,0.0105885005470172,1.07695173955607,1.41130768373805,1.13800240791826,0.0371598158541488,0.829449017613446,1.47317995116456,1.1503914081099,0.023548218576304,0.912176585481807,1.42180417088138,1.11387377153358,0.0116278478865662,0.941494878507677,1.2995283871976,1.11030682422451,0.0114354375397592,0.944540606265889,1.29378353041797
"ind-small","halfcauchy",2,"binary",21,167,14993307,6537254,1,1,1,1,0.999925203043142,1.01057376984617,0.999778756826521,0.999925203043142,1.06670062817749,0.0293852424674038,0.798350748329534,1.35354228274569,1.07218498670435,0.00926436163418291,0.913304696153648,1.2335131115284,1.084080380719,0.0130083324617878,0.894951699393906,1.26210818454386,1.0908801416909,0.0083363349671299,0.940956214976148,1.2433852575161,0.978230805912847,0.0361640071508409,0.67686554862554,1.3006031367743,0.989241748831192,0.020278451282683,0.770048256592078,1.23746056291522,0.994699196441415,0.00913867573332626,0.842046428624006,1.15833264484438,0.991720947209173,0.00894770964468182,0.844066882678051,1.1563723825033
"ind-small","halfcauchy",2,"binary",21,168,14993307,6941711,1,1,1,1,0.999925203043142,1.01057376984617,0.999778756826521,0.999925203043142,1.10144230338027,0.0382227136261371,0.801096558093114,1.43209735761973,1.10851690827965,0.0109785931548745,0.940844470321167,1.28142639761574,1.13901733385537,0.0159111898981791,0.940176564960841,1.35323503307719,1.1482645108583,0.0101528016321016,0.988274999255994,1.31735388573394,0.819185523198607,0.0371245254685288,0.493115563228601,1.13862955434457,0.832139756750099,0.0156034428330886,0.636907827464284,1.04673915076973,1.10962279261047,0.0115174141661774,0.936169339422353,1.29231792201628,1.08520568494611,0.0109709032354355,0.916490960958662,1.2669805452953
"ind-small","halfcauchy",2,"binary",21,169,14993307,9634889,1,1,1,1,0.999925203043142,1.01057376984617,0.999778756826521,0.999925203043142,0.9238272969023,0.0356514597603973,0.613798816480673,1.23531436949305,0.931003752948193,0.00865704696416289,0.777992704025966,1.08252488622911,1.04273109553749,0.0178434374340604,0.828693227078377,1.27433071502319,1.0565550647165,0.0085493775146818,0.90973039629308,1.21560509596688,0.955413235854059,0.0358224374118291,0.65339723831372,1.27835080714347,0.966830185415887,0.0184910092396489,0.750594612098322,1.20440011013063,0.988914529824613,0.00920979265135442,0.836986321284869,1.1576654454997,0.993747772278646,0.00913277840782721,0.84019979326901,1.16047578801185
"ind-small","halfcauchy",2,"binary",21,170,14993307,1759786,1,1,1,1,0.999925203043142,1.01057376984617,0.999778756826521,0.999925203043142,0.99845431881032,0.038215285442763,0.681204561618408,1.32004286212369,1.00677454967546,0.0091647082233795,0.849317799698081,1.16652030173975,0.978571171937743,0.0200111499270854,0.740517755234103,1.20826658734285,0.995777899474571,0.00736534547712926,0.858361074027724,1.13854121285306,0.961469654455547,0.0336540791266103,0.66335103557,1.26058845009706,0.972699934051785,0.0193057703094054,0.750739729400641,1.21730550551249,0.903903113300908,0.00875133800699693,0.756611168096402,1.0590758464353,0.927861313909556,0.00910590074588298,0.777251466795912,1.09003729586883
"ind-small","halfcauchy",2,"binary",21,171,14993307,8312664,1,1,1,1,0.999925203043142,1.01057376984617,0.999778756826521,0.999925203043142,1.13700718762744,0.0336711126953758,0.855684720924564,1.44079339700065,1.13985454069382,0.010758367844535,0.972321930631717,1.30903960957095,1.02182607314022,0.0149211900284739,0.82557426501852,1.22823359298308,1.03145620785309,0.00796186130516148,0.883556078843013,1.18376334559854,0.937675379160455,0.0339330787253373,0.644048741639695,1.25750211969607,0.948189918771247,0.0196796585325556,0.729511517386264,1.19945944210999,1.03727697044129,0.00994908793000043,0.876326214230004,1.20599975789207,1.03855157620344,0.00992420837735746,0.875922277533892,1.20620178051708
"ind-small","halfcauchy",2,"binary",21,172,14993307,6941483,1,1,1,1,0.999925203043142,1.01057376984617,0.999778756826521,0.999925203043142,1.0775705294887,0.048641643353325,0.723044615503192,1.43687625448029,1.08917379203737,0.0101377120303291,0.932879547688098,1.26024714004427,0.898846552955747,0.0271363940773912,0.630731471075576,1.1743899716656,0.925713390556658,0.00745182363896753,0.785115380675691,1.06569494910687,0.828409595828486,0.030992493022854,0.539731291253562,1.11258884120277,0.837391313255364,0.0156535997411508,0.632139156171523,1.04815029186541,1.01464447001141,0.00994931034333547,0.85640298743117,1.18242446675701,1.01316343271422,0.00969270449794517,0.852133760688466,1.17942687195563
"ind-small","halfcauchy",2,"binary",21,173,14993307,3025284,1,1,1,1,0.999925203043142,1.01057376984617,0.999778756826521,0.999925203043142,1.06956910498432,0.0293889957351575,0.804665359977216,1.34691051226726,1.07680556471482,0.00984333139290589,0.923215802726796,1.24795774979742,1.09632054623345,0.0180498614839145,0.878660391912209,1.32052605415996,1.11058288551664,0.0087730450138174,0.95968007064356,1.26459810522645,0.963611411792386,0.0254227673877313,0.713101052569866,1.22897576356032,0.970991218917994,0.016402494649461,0.765812296611385,1.18559078180232,1.01063904288336,0.00926031152864924,0.855257148757732,1.16959408678126,1.01525736285932,0.00921316980930476,0.861133606198097,1.17470834847405
"ind-small","halfcauchy",2,"binary",21,174,14993307,14452289,1,1,1,1,0.999925203043142,1.01057376984617,0.999778756826521,0.999925203043142,0.973472095663093,0.0348658334494939,0.687997156743381,1.28068569641052,0.978808205863811,0.00915649641493977,0.824581746462208,1.14534025139008,0.987797252564499,0.0135567453068367,0.798850008158284,1.1850929567727,0.998317329708229,0.00715940533257022,0.860773176092233,1.13966331488061,0.897535864648778,0.0384763614526231,0.582106163646547,1.2288536906048,0.910425580068165,0.0199378942442352,0.687618593814794,1.14868741809761,1.09569780902366,0.0100298763255748,0.939982866591352,1.26029545193289,1.10863805211852,0.0101247856542886,0.949547850234383,1.27532952992611
"ind-small","halfcauchy",2,"binary",21,175,14993307,7166085,1,1,1,1,0.999925203043142,1.01057376984617,0.999778756826521,0.999925203043142,0.848987693502059,0.0251907061047867,0.601371332578406,1.11456381794429,0.853421583842053,0.0066802180388092,0.725859371651475,0.989787130256729,0.891412232500819,0.0124517215428101,0.703906038074551,1.07642197887705,0.900913986860712,0.00575239994077371,0.778660682492256,1.02614990625875,0.822275401998766,0.025882494439995,0.563897137111954,1.10112626167389,0.829039630297709,0.0149165318534827,0.64436737844692,1.04713945026083,0.82953610168303,0.00689572726614485,0.696627212545572,0.968847188627059,0.826771443840247,0.00667009945349515,0.695618031343859,0.963351211462828
"ind-small","halfcauchy",2,"binary",21,176,14993307,425138,1,1,1,1,0.999925203043142,1.01057376984617,0.999778756826521,0.999925203043142,0.871538650718996,0.0286045175751336,0.603782598089156,1.15131135342309,0.876323563727657,0.00764615620341179,0.738029047234703,1.02579325646294,1.04833274738728,0.0161773036856679,0.840163019211113,1.25960665120222,1.06059702189254,0.00811113186785192,0.918647586083651,1.21165666973401,0.809098184225397,0.0270916651416118,0.546153580213573,1.09233276628905,0.815271727256248,0.0146447248321403,0.624076608261821,1.02657120933093,0.806977711411426,0.00749574160912207,0.664628949591595,0.95034235119494,0.808803677887661,0.00738046481762782,0.66991077470764,0.952709446876841
"ind-small","halfcauchy",2,"binary",21,177,14993307,12118323,1,1,1,1,0.999925203043142,1.01057376984617,0.999778756826521,0.999925203043142,0.891381858587339,0.0206064382189113,0.662269699738846,1.13223277327078,0.896432655505905,0.0069989635066458,0.760433868068729,1.03407127266952,0.863186171630985,0.0113036254828136,0.685778349321865,1.0404724377685,0.870110348323015,0.00602954144673036,0.743802613417532,0.999697069551037,0.787221818764046,0.0207166299085358,0.561819975841882,1.02813638916042,0.79073151324808,0.0129035242970343,0.615237448448205,0.982187711901184,0.879608411484033,0.00773850814018311,0.738129687613201,1.02527921130579,0.881323790675581,0.00761784391517528,0.741904244915542,1.02894692859622
"ind-small","halfcauchy",2,"binary",21,178,14993307,12702787,1,1,1,1,0.999925203043142,1.01057376984617,0.999778756826521,0.999925203043142,0.983451683984718,0.0240208857534075,0.733480487362562,1.23258152512581,0.988209327217151,0.00790572232244422,0.842244081964722,1.13687803771307,1.03421990713216,0.0130642899233511,0.848084614197945,1.22465260451064,1.04178344341409,0.0075946906980952,0.901039243199515,1.18744741515914,0.838128106411238,0.0254225957865918,0.585536204258488,1.10736278287506,0.843907881472587,0.01534989721986,0.653991274927279,1.06146132586113,0.964302295510973,0.00826837350958414,0.815924667949536,1.11812182833191,0.980317329535848,0.00837545244443529,0.831870105652631,1.13436026821042
"ind-small","halfcauchy",2,"binary",21,179,14993307,2715242,1,1,1,1,0.999925203043142,1.01057376984617,0.999778756826521,0.999925203043142,1.09651910027732,0.0443961781995794,0.766144087862562,1.45770668101657,1.10317170318142,0.0113008792670254,0.931736405799974,1.28707935807595,1.08389481842569,0.0219360432434446,0.84422056235688,1.33613777288631,1.10474787431799,0.00960688042441461,0.947024724866082,1.26870331058095,0.886830874470172,0.0402006970040782,0.580864832170267,1.22902401710562,0.899308553411068,0.0213189958761812,0.66700754683699,1.13886291033557,1.17376037841696,0.0127981992026651,0.990548219435883,1.36576941094071,1.13999304994659,0.0118660097484759,0.963402205532904,1.32657889847859
"ind-small","halfcauchy",2,"binary",21,180,14993307,8333771,1,1,1,1,0.999925203043142,1.01057376984617,0.999778756826521,0.999925203043142,1.02048981049144,0.0310264588564274,0.74888644009702,1.3182692395467,1.02577323892458,0.0101563158076851,0.85822941076986,1.19151661877181,1.14129182697566,0.0180727595711192,0.929185758958824,1.37934349925944,1.15398593980852,0.0100947339928424,0.991840444921078,1.3178621055573,1.00670037247431,0.0300135289609211,0.73137342811005,1.3069365638345,1.01475018362386,0.0190389519747917,0.801556879630344,1.2471719048196,1.12284296978571,0.0114367603349524,0.949942764614021,1.3017007322357,1.11097156321789,0.0110615991668225,0.940066825190725,1.2877893625552
"ind-small","halfcauchy",2,"binary",21,181,14993307,12206648,1,1,1,1,0.999925203043142,1.01057376984617,0.999778756826521,0.999925203043142,1.14364051875285,0.0403430077096215,0.827863559622569,1.49256994652111,1.14888860234261,0.0120152989558039,0.974439191123443,1.32964863742259,1.0753626082356,0.0191923936595368,0.855766105464362,1.3104603923547,1.09001923357941,0.00980178885517266,0.927900695481009,1.25447320460316,1.099363199905,0.0413687658150322,0.773193074401147,1.43298034873951,1.11519455655902,0.0242091273383022,0.871028189642327,1.38203714815995,1.09948426068144,0.0120407777161894,0.923122446606469,1.28413606595405,1.1087489303875,0.0120734153666158,0.930552840884402,1.29115123688885
"ind-small","halfcauchy",2,"binary",21,182,14993307,16098016,1,1,1,1,0.999925203043142,1.01057376984617,0.999778756826521,0.999925203043142,0.935083474363632,0.030405935569339,0.655194542375828,1.22497237285526,0.942445063899616,0.00806459314265002,0.79614166400423,1.09145426616553,0.94487573416943,0.0143541127627517,0.749995765929736,1.14328949243132,0.954838936319315,0.00722894995390734,0.817567717372149,1.10027338058111,0.79883025801609,0.0299536466142505,0.514105679432031,1.09251901647373,0.806845305163671,0.0144746135757159,0.617548117470904,1.00637174223913,1.00069336277926,0.00926663897236545,0.843683530335068,1.16090117510805,0.9992403769963,0.00918491030050179,0.845393475595549,1.15412399024373
"ind-small","halfcauchy",2,"binary",21,183,14993307,14954804,1,1,1,1,0.999925203043142,1.01057376984617,0.999778756826521,0.999925203043142,0.85587750176545,0.0363997485001749,0.546594935812943,1.16356347383108,0.864018385573112,0.00863608070455666,0.712550840233059,1.01532209568514,1.03537012733195,0.017515473080755,0.826527338490449,1.26221353295716,1.05014916989637,0.00835963539826497,0.901691683944989,1.20810851487607,0.777387571027256,0.0319844965667786,0.482627910958355,1.08151648964456,0.786570318375264,0.0146556195469328,0.59470286525853,0.996970790877596,1.10861070720304,0.0107658044178079,0.939077851537335,1.28212444599659,1.0987835057202,0.0104982769587586,0.935859020591192,1.26827539257179
"ind-small","halfcauchy",2,"binary",21,184,14993307,9822204,1,1,1,1,0.999925203043142,1.01057376984617,0.999778756826521,0.999925203043142,1.04995940301283,0.0425564260319985,0.722426449108271,1.39565936998971,1.05920363092523,0.00983406508485762,0.897750483264249,1.22562791061363,1.03328202255798,0.0204796543263684,0.80182721599209,1.26951888395508,1.05263058967278,0.00812335899438349,0.90811710503484,1.19868188749807,1.03582576343204,0.0407088391391898,0.709862314987929,1.37492035260388,1.05176937813835,0.0226546354963881,0.81425257484384,1.31414600515177,1.03794109384019,0.0110809844519962,0.868956166577354,1.21695068117553,1.04941553360858,0.0111486124926357,0.881986575876711,1.22589586335071
"ind-small","halfcauchy",2,"binary",21,185,14993307,12906515,1,1,1,1,0.999925203043142,1.01057376984617,0.999778756826521,0.999925203043142,0.939448134227382,0.0326994678566052,0.649656365669873,1.23514435711162,0.945804835716419,0.00864549082830791,0.79482800665945,1.09976085572557,0.99139909975169,0.0152282968903734,0.798046742104533,1.19450613510317,1.00230293848037,0.00787391317792308,0.860564997891845,1.1543678535917,0.804709584756655,0.0323401538966496,0.520690708845911,1.09822854538448,0.813397123652271,0.0165224131009314,0.612273946975059,1.03918120011822,1.09329430308891,0.0104315905156033,0.931627298864764,1.26942073468984,1.08610070686089,0.0101288257678505,0.922651016420652,1.25701191229292
"ind-small","halfcauchy",2,"binary",21,186,14993307,15066353,1,1,1,1,0.999925203043142,1.01057376984617,0.999778756826521,0.999925203043142,0.88919512394845,0.0286619170182786,0.620956194197628,1.17439342493434,0.895546246701872,0.00764797322907671,0.754742260527189,1.04112462950901,0.932964129457562,0.0152294323398572,0.730255213868725,1.13578071731524,0.94518273387126,0.00660740771137164,0.813978330276569,1.0843334202184,0.86825797186148,0.0293735829871471,0.597723477400206,1.16516489791286,0.874744045907845,0.016898539154376,0.668257089026399,1.09091887518369,0.935892991276756,0.00841479116316548,0.789072473879069,1.08979337144354,0.94592597278729,0.0083889853182566,0.800671986109162,1.10232228192847
"ind-small","halfcauchy",2,"binary",21,187,14993307,2454043,1,1,1,1,0.999925203043142,1.01057376984617,0.999778756826521,0.999925203043142,0.991142011234468,0.0218935662850657,0.751690977779786,1.2350110047783,0.992681454966241,0.0083368598172756,0.841473650682465,1.14332653735921,1.01738280624066,0.010515043774977,0.847907816594974,1.18736657720834,1.02108986384122,0.00730908199184577,0.88368408538259,1.16167642487537,0.884707532158599,0.0249117167535573,0.637478672434952,1.15235545694272,0.88983333957784,0.0154486155910831,0.699127697911614,1.10221725736378,1.01081575002992,0.00918129244891507,0.858081429119159,1.17402650435929,1.00211252793631,0.00893257319075737,0.85261525563057,1.16050384223381
"ind-small","halfcauchy",2,"binary",21,188,14993307,6879659,1,1,1,1,0.999925203043142,1.01057376984617,0.999778756826521,0.999925203043142,0.91476452596266,0.0295515177559431,0.637595577368032,1.19391328426652,0.920310198389771,0.00783664441036997,0.776645317472327,1.06498137609691,1.00882418775093,0.0143387860843134,0.815728446535785,1.21372046084426,1.01930121483922,0.00743249939283847,0.88032668188358,1.16225068344016,0.908443863638645,0.0322710345654299,0.614603582078064,1.2126809201556,0.9183524335174,0.0180858814867938,0.708782209607837,1.14424566989219,1.00632083381555,0.00974356278826262,0.846999394188582,1.17671285428947,1.01136322144557,0.0097255661191894,0.853419959548576,1.18173459383721
"ind-small","halfcauchy",2,"binary",21,189,14993307,14302344,1,1,1,1,0.999925203043142,1.01057376984617,0.999778756826521,0.999925203043142,1.00315730553777,0.0365506047241601,0.697648492523487,1.31191923229584,1.01123133878826,0.00954680985444061,0.8519899004225,1.1726941838633,1.05835651648542,0.0196195190393555,0.824048513608728,1.28829656949074,1.07620229893279,0.00840762708932435,0.925993298866193,1.22494625838494,0.994827683761226,0.0336682066864422,0.704356160804075,1.30249283635323,1.00608027995624,0.0192837374441165,0.785619650445029,1.25393584744569,1.05656403289235,0.0105108898367867,0.889223342388689,1.2257105546746,1.07770969142113,0.0105667120245725,0.911987992294334,1.24706260260402
"ind-small","halfcauchy",2,"binary",21,190,14993307,7100445,1,1,1,1,0.999925203043142,1.01057376984617,0.999778756826521,0.999925203043142,0.97077649556562,0.0391232198313001,0.661560191324298,1.30291227381024,0.97699458283192,0.00907565204290294,0.825210022038505,1.13161473192894,0.954567629944402,0.013202321952663,0.764435625786522,1.14548441034626,0.963893531533789,0.00732641582855954,0.822436289542831,1.1048206215286,0.952574697577976,0.0476497562107381,0.600336390402096,1.32230208049709,0.970997778433127,0.0232654473306284,0.742827531557068,1.24344450156092,1.04393894049986,0.00970115626670959,0.891108873551318,1.2102715699589,1.0323537265795,0.00942130079634619,0.879616819530397,1.1934710688645
"ind-small","halfcauchy",2,"binary",21,191,14993307,7649360,1,1,1,1,0.999925203043142,1.01057376984617,0.999778756826521,0.999925203043142,1.10068713843611,0.0417944522652232,0.774411834803222,1.43844600737997,1.10788162058104,0.00995582129777334,0.943023773406868,1.27322786285173,1.02079049327112,0.0182074465830736,0.796638778858203,1.24759168448768,1.03612455670446,0.00821775545100736,0.891653693599767,1.18414001857241,0.978007168716286,0.0438237023422067,0.642195381428451,1.32767570429505,0.993832978287385,0.0232281769353225,0.753230504780902,1.24625768088823,1.10801268895921,0.0115374543747842,0.933897041361292,1.28800510286614,1.11557675000625,0.0114572678190725,0.943384138172859,1.29524870681879
"ind-small","halfcauchy",2,"binary",21,192,14993307,12762848,1,1,1,1,0.999925203043142,1.01057376984617,0.999778756826521,0.999925203043142,1.04458845679527,0.0379890840215682,0.738938386421666,1.35898403442336,1.05048460482923,0.0093231808753365,0.898982730852721,1.21407119290571,1.01263445035424,0.0164883781190497,0.797958081867503,1.22706180364174,1.0260888313502,0.00787623076988123,0.879215738764026,1.17148213273618,0.959852158240897,0.039120922178993,0.635147668745438,1.29366785155382,0.974241103414925,0.020640308775339,0.75534204196377,1.22037453007926,0.997428612529205,0.0100555934785254,0.839931176433658,1.17092789697404,0.995400091857908,0.00996167450619746,0.837961959030423,1.16805266694739
"ind-small","halfcauchy",2,"binary",21,193,14993307,15039372,1,1,1,1,0.999925203043142,1.01057376984617,0.999778756826521,0.999925203043142,1.05807812604185,0.0305384685078164,0.780757746310255,1.34185354229159,1.0631240661192,0.00975033507475809,0.902587235010158,1.22816125893886,1.08013329548082,0.014116104031915,0.885116766408028,1.27783809303464,1.08761699430413,0.00845502018221888,0.938155754970917,1.23865827731593,0.789115587916997,0.0314001317083494,0.502622199318713,1.09112915571139,0.797263614195873,0.0167827825053512,0.597924866215496,1.02410351288618,0.954897315974066,0.00911760607922145,0.806296692085717,1.11624614077944,0.951236347988473,0.00896071881177755,0.800266799797083,1.11224718724039
"ind-small","halfcauchy",2,"binary",21,194,14993307,15802662,1,1,1,1,0.999925203043142,1.01057376984617,0.999778756826521,0.999925203043142,1.02402095964725,0.0258460455225209,0.766466362916232,1.28729706232215,1.02811534648286,0.00883330248367702,0.879703429365086,1.18512552826242,1.10571441262259,0.0135296516820979,0.912574278155204,1.29428029672808,1.11303535030125,0.00798431549958435,0.970138369874235,1.26456701425807,0.784888405766242,0.0270837302757574,0.524544221307367,1.06936022550953,0.79064633539569,0.0154405075899335,0.593805959313396,0.999284888872644,0.827598979830108,0.00781870633659985,0.685724565244474,0.978062877616743,0.819349659651741,0.00766945741687382,0.679953993308615,0.968052861404309
"ind-small","halfcauchy",2,"binary",21,195,14993307,8668068,1,1,1,1,0.999925203043142,1.01057376984617,0.999778756826521,0.999925203043142,0.965820521914492,0.0333529390395352,0.682405950507728,1.26579036102594,0.971634212161228,0.00920855750121136,0.821786063502703,1.13182991452271,1.0166645942016,0.0153169493404018,0.817123713528031,1.22759466202098,1.02911459478323,0.00804488218892974,0.880622498863091,1.17836809086392,1.0692956994161,0.0371485767529594,0.760904603108503,1.39331470013247,1.08196566769174,0.0221615585626864,0.84599055405118,1.33850742100506,1.05504945416675,0.0100327943178044,0.894642656446079,1.21875231157278,1.05712596979759,0.0100477554343069,0.896567351914671,1.2252408006117
"ind-small","halfcauchy",2,"binary",21,196,14993307,11839775,1,1,1,1,0.999925203043142,1.01057376984617,0.999778756826521,0.999925203043142,0.888763157319297,0.0173834682154932,0.682966513451932,1.11107564906994,0.89112457037039,0.00678581436445864,0.756024356250186,1.02694697612526,0.856509698700197,0.00670263875449166,0.722645513631309,0.991795740596733,0.858075148717943,0.00541105821339848,0.735612825296815,0.977645726245304,0.810194890940144,0.0241223058247628,0.561951302830321,1.07936147969841,0.814740180071219,0.0141578325049487,0.629321076221969,1.02017067345179,0.801270622810526,0.00656707623810539,0.67232801796934,0.93889645458496,0.80900454772802,0.00655359501210315,0.6801978997894,0.946859188826077
"ind-small","halfcauchy",2,"binary",21,197,14993307,9648560,1,1,1,1,0.999925203043142,1.01057376984617,0.999778756826521,0.999925203043142,1.07965415543197,0.0397411619122733,0.76956346684398,1.42539108213211,1.08693903133414,0.0106181719276401,0.924236950669112,1.2639610000424,0.923565912955049,0.0180418446998209,0.707792741750924,1.1520419714737,0.938799013922044,0.00700157481720643,0.802963867357456,1.08202932192002,1.02220476159014,0.0378580500697602,0.705203232095413,1.35016446070581,1.03605671803757,0.0210358795166703,0.798431938295963,1.28744240595976,1.01860905889591,0.0105849950887178,0.859947677157297,1.19391180825081,1.02471762750065,0.0105041980598147,0.866602998094944,1.19985819490907
"ind-small","halfcauchy",2,"binary",21,198,14993307,13521822,1,1,1,1,0.999925203043142,1.01057376984617,0.999778756826521,0.999925203043142,0.963132065680089,0.0355790044916638,0.664957525857597,1.27591513953169,0.969284867931659,0.00987620350713442,0.814388826139952,1.1397516285342,1.10384401564901,0.0177162336870367,0.893299746741315,1.33346311792209,1.11744659190546,0.00899787746526993,0.957670412115202,1.27349817366758,0.914247007010944,0.0354996244040655,0.614758204714597,1.23092644571015,0.925538011208408,0.0188567078038146,0.710492013762288,1.16657328393152,1.14577726564091,0.0117739023752897,0.971224327915846,1.32717285417867,1.15668613476601,0.0117836797475294,0.981937547372378,1.33510884189972
"ind-small","halfcauchy",2,"binary",21,199,14993307,6379577,1,1,1,1,0.999925203043142,1.01057376984617,0.999778756826521,0.999925203043142,1.12172694440257,0.0633942447784202,0.724253250081323,1.53839528787905,1.13100362506504,0.013232710902739,0.94270374684789,1.32753518055009,1.0702497591863,0.0248234070404404,0.810600174920543,1.3410062084465,1.09307910210424,0.009430290095526,0.934380757728258,1.2536712518326,1.07627526467587,0.0611172357972383,0.677751176423982,1.49728928439624,1.10593987385657,0.0295465284827,0.841370819777221,1.4023710726281,1.08892843422064,0.0116804976147323,0.918221960491382,1.27228980147659,1.12348462640637,0.0121119749554491,0.948786198499724,1.30887690584361
"ind-small","halfcauchy",2,"binary",21,200,14993307,7575107,1,1,1,1,0.999925203043142,1.01057376984617,0.999778756826521,0.999925203043142,0.948057658511628,0.0272302076825001,0.694623884940771,1.22542004276375,0.954946570304486,0.00783303398013548,0.81168019943279,1.10076719849314,0.894247019020344,0.0150923325951735,0.696374082910564,1.09860478340127,0.907211730983552,0.00629481912547856,0.775127172825949,1.03721591247838,1.0442764872278,0.0279167611961147,0.771393090264405,1.32651446401624,1.05138707226084,0.0185176897801598,0.838012339246667,1.28571131468254,1.04487931306747,0.00956255278387255,0.891006931094276,1.21283816932414,1.04637604400124,0.00946744193103135,0.893743463079841,1.20976876928397
