"","run","rep","pr","pd","noise","corr","n","beta_intercept_true","delta_intercept_true","beta_row1_true","delta_row1_true","beta_row2_true","delta_row2_true","beta_dyad1_true","delta_dyad1_true","beta_dyad2_true","delta_dyad2_true","beta_intercept_mean","beta_intercept_5q","beta_intercept_95q","beta_row1_mean","beta_row1_5q","beta_row1_95q","beta_row2_mean","beta_row2_5q","beta_row2_95q","beta_dyad1_mean","beta_dyad1_5q","beta_dyad1_95q","beta_dyad2_mean","beta_dyad2_5q","beta_dyad2_95q","delta_intercept_mean","delta_intercept_5q","delta_intercept_95q","delta_row1_mean","delta_row1_5q","delta_row1_95q","delta_row2_mean","delta_row2_5q","delta_row2_95q","delta_dyad1_mean","delta_dyad1_5q","delta_dyad1_95q","delta_dyad2_mean","delta_dyad2_5q","delta_dyad2_95q","no_re_beta_intercept_mean","no_re_beta_intercept_5q","no_re_beta_intercept_95q","no_re_beta_row1_mean","no_re_beta_row1_5q","no_re_beta_row1_95q","no_re_beta_row2_mean","no_re_beta_row2_5q","no_re_beta_row2_95q","no_re_beta_dyad1_mean","no_re_beta_dyad1_5q","no_re_beta_dyad1_95q","no_re_beta_dyad2_mean","no_re_beta_dyad2_5q","no_re_beta_dyad2_95q","sigma_a_mean","sigma_a_5q","sigma_a_95q","sigma_a_proj_mean","sigma_a_proj_5q","sigma_a_proj_95q"
"1",30,151,2,2,2,0.1,27,-1,-1.17663881407467,1,0.950899794744233,1,1.002447169665,1,1.10928246273091,1,0.966023840868858,-1.13307695670604,-1.86091753138491,-0.409490729737224,0.617688468125254,0.0583995417115158,1.19856337772632,0.704754260754079,0.168094650138342,1.24796517673528,0.856493946518983,0.677880069363556,1.04021606025648,1.02560049162951,0.842663707455754,1.21710818214893,-1.1414868408251,-1.40738745102173,-0.90291685948928,0.724463963540066,0.452400471463472,1.05781548653375,0.850026611473465,0.600966797587123,1.15001123936475,0.949238850292053,0.765476050794773,1.13946247036042,0.983633238940186,0.807485008276076,1.17358840284223,-0.55594665519689,-0.657191795216158,-0.463266590077849,0.406522995513848,0.315370723464872,0.498896080970811,0.359243053915632,0.279430595812585,0.439845117036523,0.431035722608424,0.327673115150892,0.531626778304297,0.446913166461588,0.352081766675733,0.541883383130871,4.7053518657894,2.45762282339118,8.13060941316493,4.1623800878219,2.2283365782181,7.02209362350447
"2",30,152,2,2,2,0.1,27,-1,-1.17663881407467,1,0.950899794744233,1,1.002447169665,1,1.10928246273091,1,0.966023840868858,-1.23799097961055,-2.06224526641765,-0.447338395055863,0.59787196888796,-0.0205471173204184,1.20884261088769,0.815156277190813,0.243611687898034,1.38792749492041,1.01811235496041,0.816285017784975,1.23843548748149,1.09327792757674,0.891825377496592,1.31164872072401,-1.25137525522229,-1.56825508947966,-0.976265463648622,0.726309354468535,0.434602069314183,1.07141657493895,1.01681992757994,0.738403773441146,1.34575477641387,1.11129478216826,0.900257707748134,1.33572222819392,1.07920644722272,0.879028571137002,1.30478129689491,-0.616903465562655,-0.717747162250186,-0.515041932396482,0.458116236273723,0.360354427890265,0.555597911781986,0.418219456664347,0.335128119614141,0.504305910017414,0.450565648733322,0.348578744382531,0.556978256734462,0.442424611573849,0.349371688870985,0.538152405675018,5.92481730860015,3.09516279554412,10.2932085223054,5.23345631632965,2.78803794901383,8.99289687492229
"3",30,153,2,2,2,0.1,27,-1,-1.17663881407467,1,0.950899794744233,1,1.002447169665,1,1.10928246273091,1,0.966023840868858,-1.31350350222049,-2.17941788003004,-0.477760017587028,0.572372944576372,-0.0463356534931625,1.1879012142345,0.830138327385892,0.255952976784435,1.41681018790027,1.20800343847444,0.98036226687544,1.4427680651463,1.10129623298929,0.89964785609692,1.31469622293338,-1.331146897669,-1.6438016228834,-1.05196297041217,0.705285287143858,0.405181020604974,1.05973419104273,1.04979060724076,0.778425950290329,1.38074489912287,1.32357390087462,1.08173662536802,1.56712350281329,1.07721784944248,0.877406218708238,1.28680824332382,-0.610903410452467,-0.712039638750234,-0.512357744743347,0.333051334830634,0.237455392146926,0.423215407168768,0.401824880808037,0.321101215068207,0.485188741391762,0.530992166291743,0.429520906349253,0.637551979850167,0.461802829888856,0.364990508415401,0.561419855355398,6.22571554293969,3.15515970315172,11.1111945982576,5.48450123399281,2.84283633420373,9.61718414230445
"4",30,154,2,2,2,0.1,27,-1,-1.17663881407467,1,0.950899794744233,1,1.002447169665,1,1.10928246273091,1,0.966023840868858,-1.09222298150465,-1.73852633655027,-0.473971749871678,0.669514699243044,0.15258248127308,1.18105543114004,0.721269385558129,0.242628223797739,1.20967104970778,0.845619303263616,0.677047037731716,1.02605072921062,0.970242106218991,0.801535127157697,1.15144368723245,-1.09833911775334,-1.34789160745927,-0.87418495297531,0.754770681066126,0.497787667462204,1.03465412694794,0.831821721950289,0.624511053733621,1.07193050188956,0.954724117499344,0.777031371755281,1.1418899366398,0.927075251738805,0.757955929804784,1.10666273245219,-0.567752076885259,-0.668300996827753,-0.469772786725968,0.45521488522202,0.359828479598081,0.549557362754821,0.403883542594557,0.324218255652662,0.487442718985426,0.504932913741749,0.395560491241543,0.609336697388467,0.498196769152694,0.400801974861439,0.59722887478949,3.58851565079148,1.81222837408706,6.21979799993791,3.16746868628161,1.62830598819413,5.522648349788
"5",30,155,2,2,2,0.1,27,-1,-1.17663881407467,1,0.950899794744233,1,1.002447169665,1,1.10928246273091,1,0.966023840868858,-1.27541860939752,-2.04685367489148,-0.548105613284745,0.534545020010696,-0.0451065977877606,1.12190809030341,0.752197879584556,0.222004687980512,1.28951793500864,1.23617792642343,1.02107533314329,1.46871658837428,1.00488731612348,0.813855034375556,1.20595273691641,-1.28770993368423,-1.58485724340799,-1.03234258878027,0.637361314913727,0.357120223654205,0.956084385655885,0.918172847939598,0.663936362763976,1.23120980590107,1.3293909642783,1.10513205368823,1.56090342469946,0.967677273265269,0.775121103054359,1.16504570589428,-0.60239995806347,-0.707182316655871,-0.502499374773335,0.31947300759255,0.229865899583872,0.40689797817065,0.347886800668452,0.268272240463163,0.429250097902196,0.566574582731624,0.463331677741844,0.671741637834655,0.432912776434357,0.336532683699097,0.528116976987782,5.15393627800638,2.68356227624917,8.89836480287864,4.5650414781567,2.39793519802448,7.84838700030839
"6",30,156,2,2,2,0.1,27,-1,-1.17663881407467,1,0.950899794744233,1,1.002447169665,1,1.10928246273091,1,0.966023840868858,-1.07812821079516,-1.73622930148647,-0.431168000568506,0.544344663624697,0.0370604903314655,1.06078770859001,0.660499534249246,0.17026980444392,1.1520336805925,0.880193495364403,0.70926667000027,1.06206917993709,1.00045163341637,0.819192283538516,1.19414970751944,-1.08662689921267,-1.32869087308908,-0.870593766023407,0.618565326760644,0.379220696614892,0.903393474010525,0.76871558550375,0.545851355435003,1.03030527581637,0.979132193694118,0.800747142810863,1.16565661072571,0.975082077830861,0.794172944290181,1.16835897101032,-0.592149707286191,-0.693114919984948,-0.495840603843482,0.376904421143033,0.28335569725402,0.470693719522934,0.340084188707048,0.25851828719491,0.419947187033242,0.483636233608384,0.383992217002498,0.58070121143512,0.470534046545303,0.376096630066559,0.565341910674996,3.82940454610795,2.04228958031862,6.48606239078814,3.39130549997965,1.84504321434855,5.60131325543979
"7",30,157,2,2,2,0.1,27,-1,-1.17663881407467,1,0.950899794744233,1,1.002447169665,1,1.10928246273091,1,0.966023840868858,-1.06461085759511,-1.73922358320833,-0.395384097799906,0.628819541089623,0.0822310769311385,1.16137575697265,0.629802836967938,0.133814231690172,1.12694344341007,0.917619187883799,0.742702894543919,1.09774466420712,0.925449635456941,0.759460046720599,1.10680607683175,-1.07099096070775,-1.31234485557896,-0.854595861852489,0.722674974526166,0.474286503757555,1.02376917534677,0.741256927769715,0.534708091430049,0.985428454298875,1.00870029059766,0.826684058719551,1.19611241191352,0.882399916517595,0.71850458362157,1.05880831863126,-0.551495889011066,-0.649168480289527,-0.457251444905955,0.347423433738045,0.259021962750206,0.430282668949503,0.354573202100295,0.279470136509521,0.433457267267576,0.484898516149972,0.381707256604891,0.587101954086972,0.433898814041036,0.340980276479054,0.529459878725188,4.1152017623986,2.20765372956071,7.13821514946547,3.65478602797828,1.98503629578651,6.20488511878426
"8",30,158,2,2,2,0.1,27,-1,-1.17663881407467,1,0.950899794744233,1,1.002447169665,1,1.10928246273091,1,0.966023840868858,-1.26501292740257,-2.10070156041466,-0.483327875752272,0.579700804259309,-0.0256779102157729,1.18812918117686,0.765691231752894,0.219072697827866,1.34426650204687,0.954939012356631,0.760944012475525,1.1541653218707,1.08903191229002,0.889973156164505,1.29536095837615,-1.27817598390529,-1.59899152172375,-0.997248670589966,0.698275265346349,0.405061615796622,1.02873734013751,0.949400236591657,0.681820043678073,1.27066763205089,1.05617071288806,0.853490526791591,1.26413919743611,1.04411033240636,0.84570896253271,1.24944975838581,-0.568885102257007,-0.667634852630081,-0.473283917239365,0.341171671420427,0.252940232137001,0.429094833901299,0.353971050312976,0.274783122877273,0.434089114911185,0.447691141529449,0.34685790648724,0.553358006529727,0.458055371304556,0.363816708138598,0.553774797133817,5.56232912989748,2.92823558388523,9.72727286455932,4.91353900584614,2.60311786855992,8.65860504805705
"9",30,159,2,2,2,0.1,27,-1,-1.17663881407467,1,0.950899794744233,1,1.002447169665,1,1.10928246273091,1,0.966023840868858,-1.04713667263408,-1.70450320156059,-0.406223039812176,0.502149989306787,-0.0172666309137174,1.01149265532991,0.602260876815548,0.135188151773421,1.09637596240638,0.921961016009542,0.751499093822471,1.10672518589267,0.842918008297835,0.686101144749597,1.00702909257628,-1.0541718013137,-1.28913827304722,-0.847627009384743,0.571600841024418,0.341953216551752,0.834707658691114,0.700702228728446,0.499390338055173,0.943803626478199,1.0059488264691,0.829193822635657,1.19451520781049,0.823685406316067,0.666245893658322,0.987939967033484,-0.584214784203805,-0.680943389718912,-0.486127731764288,0.336587416177512,0.243037745200184,0.426368917257308,0.343324575270263,0.263261106712894,0.427539660311748,0.513470862783223,0.406754710294207,0.614810677322944,0.423996310128448,0.329991184008199,0.515325513831247,3.82780002804723,2.02280930748326,6.637858277038,3.40265389863358,1.84352236852842,5.92866050115047
"10",30,160,2,2,2,0.1,27,-1,-1.17663881407467,1,0.950899794744233,1,1.002447169665,1,1.10928246273091,1,0.966023840868858,-1.36195086495249,-2.21893241765628,-0.542713343237758,0.667676510870064,0.0362682767439551,1.29742210414106,0.791876811561038,0.214762741778042,1.38169560143197,1.22088065595294,1.00764738728567,1.44439245905335,1.06023734348602,0.866999332876123,1.25928092582237,-1.37970959941897,-1.72088816442428,-1.07784982718523,0.82040090845534,0.512729195060861,1.2008087711402,1.00230796968863,0.728037677875309,1.33816043279235,1.30843187762643,1.08969003991194,1.53596605110797,1.01658401001451,0.825220214925093,1.21990343055349,-0.564537427835433,-0.668625503660488,-0.468981844614027,0.395308190463106,0.300003372474658,0.488958097528975,0.414434531365679,0.331684896460499,0.495081070930387,0.562763480022135,0.453976069578361,0.673848075261709,0.459074911071701,0.361172385560049,0.557780606639059,6.20274626366167,3.18026929812796,11.0885894617219,5.47414971532894,2.83954448546971,9.66354354987021
"11",30,161,2,2,2,0.1,27,-1,-1.17663881407467,1,0.950899794744233,1,1.002447169665,1,1.10928246273091,1,0.966023840868858,-1.19745378957135,-1.96922413729196,-0.438016420802608,0.790722223818353,0.183729415686251,1.42423087194461,0.705455263777463,0.158374201918792,1.27599003367196,0.91491864423101,0.72045073923051,1.11089013028474,0.935426510527849,0.757553418201068,1.13304708664807,-1.20729734146048,-1.52734303830154,-0.92951726789644,0.949511603653936,0.620102227570137,1.34772582515626,0.86986246800461,0.607542513868119,1.17877784575599,1.00724492686354,0.806033716562537,1.20799040377495,0.879154005049502,0.696695888256604,1.07346059718934,-0.552833999823447,-0.653986767461886,-0.453051263220583,0.463239629474,0.368287639716369,0.556243403955779,0.385395440079612,0.306127551257485,0.46735566336627,0.444793587737709,0.343106698377862,0.54630575740861,0.393749421838068,0.302833856619431,0.489271646805431,5.44694924612304,2.72514390560773,9.94282970222722,4.80429609075449,2.4180196929513,8.50835215289054
"12",30,162,2,2,2,0.1,27,-1,-1.17663881407467,1,0.950899794744233,1,1.002447169665,1,1.10928246273091,1,0.966023840868858,-1.14748453665831,-1.81993740431487,-0.496136327037455,0.710012360893011,0.187319123324369,1.24031105833956,0.730052285751486,0.243844355622581,1.23013406409351,0.989855217296425,0.802303933160163,1.18581568207009,1.0362030101473,0.848521906054253,1.23630369889846,-1.15358212670616,-1.39980701787682,-0.930043508776568,0.811326210097425,0.543090104203648,1.11115785201925,0.852650764648853,0.632209890360389,1.10049254581005,1.08661812691826,0.890777677364697,1.29685397469532,1.00214738894832,0.81306552034159,1.20218955875822,-0.597212786922179,-0.697745000347956,-0.499785000779933,0.455942440205686,0.359568135151594,0.556076092291963,0.402867409427883,0.320102710817004,0.487237398611333,0.506820714963082,0.402925007340593,0.612204602080829,0.483749613355078,0.38765024293076,0.581059416641043,3.92369445661412,2.1067218758347,6.71678141830685,3.46226035137921,1.90831679121543,5.87513380918173
"13",30,163,2,2,2,0.1,27,-1,-1.17663881407467,1,0.950899794744233,1,1.002447169665,1,1.10928246273091,1,0.966023840868858,-1.32657383462093,-2.12928626609344,-0.580718598204219,0.646260610167989,0.0564948176567741,1.24027175123801,0.889149406072552,0.343164678403501,1.44327509709408,1.02671159435297,0.819965289532262,1.2314425689662,0.992933298823654,0.801725290202754,1.19429959292668,-1.33742994531834,-1.6694574916554,-1.04092330714777,0.770534687683334,0.47388625081508,1.11505692316109,1.08190328622038,0.80088244100404,1.41793488704527,1.14209587341855,0.92746930548349,1.36007026429351,0.957186913681668,0.763816870348583,1.1530512071492,-0.596992431322197,-0.696973331470821,-0.49967984789694,0.392654233305181,0.298337665337398,0.488097491305982,0.428087121824568,0.346315278132852,0.511458724375579,0.49534147566849,0.387553284202248,0.602057168967326,0.443150299384376,0.348591801734302,0.539466413906749,5.16377657154883,2.60733723030491,9.18156398436675,4.54086847818156,2.3442911934265,7.8775800037529
"14",30,164,2,2,2,0.1,27,-1,-1.17663881407467,1,0.950899794744233,1,1.002447169665,1,1.10928246273091,1,0.966023840868858,-1.03579262544956,-1.81306017803167,-0.290247477318099,0.554635412984426,-0.0443223955564346,1.14567622562083,0.683050853892453,0.145877264256288,1.24207854003637,0.98284698334974,0.79824314750629,1.17869183794466,0.752423294740962,0.590612656851463,0.927533435515483,-1.04671185016325,-1.35689521906247,-0.79179072734072,0.664276905398841,0.385740982265488,1.00118949166177,0.836683718968172,0.582815203337732,1.14541475561618,1.08147665219632,0.890122975508293,1.29044762061021,0.724261458140243,0.560885966547227,0.89395866117654,-0.515019050797993,-0.612039728084132,-0.42332368184973,0.362454899297448,0.27164804259721,0.452727511763179,0.349212862872129,0.271840017784411,0.428541485676598,0.480123040013223,0.377074986780785,0.583876334269532,0.321736858257427,0.230028226935048,0.413226878926385,5.32610642556908,2.67387937593405,9.54989624510555,4.71452515322738,2.41642535200146,8.28195693526126
"15",30,165,2,2,2,0.1,27,-1,-1.17663881407467,1,0.950899794744233,1,1.002447169665,1,1.10928246273091,1,0.966023840868858,-1.10280724243494,-1.80134368496975,-0.408772984454046,0.676370493317674,0.141813251787753,1.23645313479142,0.633870677300115,0.117220820799236,1.14692242690078,0.816975247226544,0.642022585945832,1.0060060371606,1.00684905569816,0.825195282394156,1.18986833511133,-1.10894652136618,-1.36412303504194,-0.875648886584276,0.782107529390008,0.524594745286862,1.08583069700327,0.752185340337312,0.530510582541437,1.01661172266337,0.930736736723704,0.748069755015064,1.12093231799779,0.963699172919603,0.783920027852689,1.14858145970661,-0.562723118419148,-0.660278101545085,-0.467664678078782,0.377966471730535,0.287552160934955,0.469962624071444,0.338200674468008,0.260684971130402,0.419805967407231,0.460703661044821,0.359246095064985,0.563996831013939,0.458177397823364,0.365703449560268,0.553892631965968,4.34593093627649,2.31700845361108,7.48262765371689,3.84418816740657,2.11188442016182,6.47808514816058
"16",30,166,2,2,2,0.1,27,-1,-1.17663881407467,1,0.950899794744233,1,1.002447169665,1,1.10928246273091,1,0.966023840868858,-1.23086303766333,-2.05961496212374,-0.427772449646965,0.709417015228445,0.0881300656243771,1.33805796125053,0.717112715038195,0.148924515073336,1.31023921477979,1.11757534860777,0.905915771540193,1.33684705885083,1.08766153716678,0.890153310850188,1.28919334797154,-1.24363691549813,-1.55957550484805,-0.959009385910662,0.869034870117217,0.566242266850764,1.23667861710428,0.903130089591724,0.629779930566498,1.23286721061897,1.21275308512658,0.991822760007837,1.44174235617112,1.05935490054927,0.860185993218267,1.26245698518987,-0.61516753275886,-0.717111411097288,-0.515256551458863,0.44561122868207,0.347365594185371,0.543308163771468,0.380957777566815,0.299291365621169,0.463068804496969,0.529772082848702,0.4248833228271,0.636565034235613,0.492824549605568,0.393998833667002,0.591235253711961,6.05351288888998,3.1106436212685,10.6601341410274,5.34804991041985,2.74779304441891,9.33953339663936
"17",30,167,2,2,2,0.1,27,-1,-1.17663881407467,1,0.950899794744233,1,1.002447169665,1,1.10928246273091,1,0.966023840868858,-1.48968813596473,-2.32774049322172,-0.703117248328487,0.712160482184182,0.0878067740222846,1.33309066587176,0.642205669401011,0.0603218661229406,1.21115868451567,1.1769839679191,0.946337508405705,1.41950063460535,1.09813193492527,0.88202708206769,1.33004885291907,-1.50427035041073,-1.84950121031501,-1.20741110144813,0.866566454894079,0.56624744500433,1.21039004923961,0.802365789596062,0.545313012806812,1.07937970526631,1.25704442818029,1.02226258616252,1.50694982409792,1.10188591613475,0.88827917783243,1.33500193908964,-0.672283596236132,-0.775549150674524,-0.568557233592342,0.546252657999908,0.437598283578484,0.649700331727719,0.378891753775894,0.297523219846275,0.463535412988193,0.512807891923209,0.412097298782058,0.61891247683181,0.447580466899201,0.348001002218076,0.547259688273511,5.87660968703137,3.11510871925641,10.144138464437,5.20628083223782,2.78938895068311,9.04544171629453
"18",30,168,2,2,2,0.1,27,-1,-1.17663881407467,1,0.950899794744233,1,1.002447169665,1,1.10928246273091,1,0.966023840868858,-1.16257339917589,-1.95336050098601,-0.407375267917952,0.602679488662054,-0.00380967122824188,1.20813514566036,0.74298989790603,0.204177242537159,1.30373901552534,0.957732342711206,0.76046556984058,1.17043622662624,1.0963129018782,0.895131267754192,1.30411835509909,-1.17532363840816,-1.47951426107356,-0.91346615820254,0.72612250452053,0.443203126904912,1.05284605997976,0.918267718781635,0.655722890008755,1.24690815612028,1.04992439675012,0.84342456488168,1.26850143103162,1.08655808439639,0.890556237882932,1.28992881462217,-0.569108715750856,-0.667916616860125,-0.471335306772587,0.368320802943097,0.273747602632664,0.456714993805878,0.336405624610452,0.259113533844463,0.417708185859742,0.439550001673869,0.338375574173602,0.541382369074607,0.466244272181835,0.370470135071293,0.563115768529987,5.4603169672792,2.80029569440904,9.7152639682178,4.82612213870304,2.49523946887791,8.53558466233017
"19",30,169,2,2,2,0.1,27,-1,-1.17663881407467,1,0.950899794744233,1,1.002447169665,1,1.10928246273091,1,0.966023840868858,-1.24445814470808,-2.08031830337289,-0.454094602492746,0.66530938123535,0.0310227019646039,1.29266613512171,0.765230803860818,0.190766696364208,1.35193661861155,1.08537369214053,0.869472398552203,1.3125433044247,1.10190619459732,0.891822537776243,1.32565668133987,-1.25774581542592,-1.57429141864163,-0.98151559078788,0.812873324348829,0.508606621286839,1.16512684930211,0.962581695929524,0.69415617749257,1.2915604670277,1.19273290037279,0.968721932017571,1.42639694992405,1.06665143240443,0.857965362206026,1.28998089128503,-0.58925517322678,-0.687569738924628,-0.488507583362195,0.461252085068229,0.365489886223565,0.559819751086736,0.385538229684663,0.305323632068459,0.468531236814961,0.481795380440577,0.374428272033574,0.588225034636687,0.438274186660409,0.344234159594351,0.535545239657847,5.98898710252688,3.11085853690106,10.6538418156481,5.28096598333415,2.75506030725578,9.19854060777586
"20",30,170,2,2,2,0.1,27,-1,-1.17663881407467,1,0.950899794744233,1,1.002447169665,1,1.10928246273091,1,0.966023840868858,-1.09178133428422,-1.81898128375592,-0.396921426882143,0.503798733717423,-0.0624282337496787,1.06144518375996,0.775593550732815,0.257858890087899,1.30258398664797,1.05193941824546,0.854951991547687,1.26392062262272,0.999634399483422,0.811372803243148,1.20747819175487,-1.09980407260475,-1.36019308837231,-0.875242359699488,0.586541985168128,0.329744893103215,0.886471832437297,0.924134284677272,0.680667457878025,1.21993833553445,1.16764497713828,0.958310883903254,1.39081733218962,0.976893822153996,0.786117900203646,1.18271230511873,-0.563860399480678,-0.661192960319657,-0.468525499510659,0.330081127606166,0.236853876537843,0.421616359612633,0.394846394960172,0.313216833930275,0.475749802398667,0.528812880589665,0.422085895173015,0.637953920720392,0.447958739328293,0.356834466200297,0.54364452853441,4.52183114385942,2.39680456874392,7.78040797010398,3.99404411121721,2.18929610209737,6.6502885742177
"21",30,171,2,2,2,0.1,27,-1,-1.17663881407467,1,0.950899794744233,1,1.002447169665,1,1.10928246273091,1,0.966023840868858,-1.21714527865487,-1.95489018926687,-0.509367064990485,0.550220468868725,-0.0104586183954108,1.11697491883192,0.844830251915118,0.304355543253277,1.37050701027915,0.967446802713391,0.770167412982896,1.16687633376342,0.948044937935544,0.767117002149777,1.13901722053091,-1.22793068256005,-1.50444109672045,-0.971870134038949,0.641261357982631,0.374392229636106,0.976632192870743,1.00165005818444,0.728228656867712,1.33133028818379,1.08488280809489,0.880260150766455,1.30011659751149,0.953019812423542,0.763863758775154,1.14441414567602,-0.61281972113333,-0.712619597504358,-0.514902090451749,0.332307748241022,0.240247411950172,0.422982763350557,0.408958823306134,0.326223416918489,0.494284454365251,0.511920214505093,0.408785691898252,0.620696742956188,0.43884838032151,0.342815410920094,0.531494445288802,4.45515362328798,2.34685289626425,7.62363221088791,3.92152010229261,2.13212755502575,6.55515392760465
"22",30,172,2,2,2,0.1,27,-1,-1.17663881407467,1,0.950899794744233,1,1.002447169665,1,1.10928246273091,1,0.966023840868858,-1.2824757608758,-2.079707366664,-0.501900058006129,0.755263738819288,0.156837103413839,1.35247492205709,0.867729098487629,0.297859248377317,1.44046600699208,1.04526658204947,0.843255190067137,1.25447081549971,1.16116177760967,0.950340989875472,1.37811883284319,-1.29498131587604,-1.59386701317126,-1.02631438085322,0.907723627149599,0.597969935953587,1.27370462622076,1.06810090599864,0.770112118671175,1.42990365249578,1.18174437018563,0.968836712570815,1.40703838586986,1.13212400643262,0.921826672441403,1.34726601994689,-0.621158273090713,-0.725354037951898,-0.523028101736205,0.450754773304853,0.353551275347013,0.544427901206728,0.418749412616987,0.335903286799563,0.500165122344865,0.504149378555966,0.397781425881942,0.608764318760306,0.482697369377043,0.384611458354877,0.581146621733001,5.50425970420541,2.88657379247706,9.50124651671477,4.8295940445673,2.60146998707661,8.06671138724544
"23",30,173,2,2,2,0.1,27,-1,-1.17663881407467,1,0.950899794744233,1,1.002447169665,1,1.10928246273091,1,0.966023840868858,-1.07638939882252,-1.7259165708228,-0.446217045496495,0.648068330271791,0.125324541974276,1.16557961487088,0.74736665711769,0.261810524099417,1.24775274205405,0.933515984764697,0.752816542390236,1.11997090606696,0.811195611307538,0.657979339694361,0.981419882356704,-1.08179615548381,-1.33781561548903,-0.860906308332345,0.734421600868476,0.467901272661368,1.03353272626884,0.863194452542106,0.637857319363131,1.15146983747056,1.01533698730107,0.827141067738147,1.20660529098114,0.773468576419139,0.619547858846549,0.94020132607483,-0.604480661524867,-0.706408950939653,-0.507441189581704,0.447739357380974,0.350893333372052,0.54193952178114,0.403077791216092,0.32163537319451,0.481992461363749,0.512564633638943,0.404977101656883,0.618245288397649,0.425458297463322,0.328150714378605,0.526067874890203,3.6191189594655,1.8458943117001,6.34633787991065,3.19483724741974,1.64598990547423,5.48424389268409
"24",30,174,2,2,2,0.1,27,-1,-1.17663881407467,1,0.950899794744233,1,1.002447169665,1,1.10928246273091,1,0.966023840868858,-1.16786796496723,-2.0372136558655,-0.315282613094721,0.531726824059049,-0.132135046074464,1.17704962638376,0.759681782343997,0.155529692789564,1.36587269308887,0.751458923318216,0.579481377336372,0.9424178697034,0.938881032680239,0.763165785550361,1.12249905193683,-1.18612123583452,-1.54120117788464,-0.873443436207867,0.66099390008619,0.337191729837416,1.03401340672599,0.977331912323354,0.684854656459328,1.35051194958809,0.847851570018415,0.665245834982038,1.04301459313542,0.92088267788576,0.745845499095497,1.10484993643558,-0.579641589441898,-0.675116080952397,-0.488264080310623,0.301988304578013,0.216459766401912,0.386453364018892,0.362528515787209,0.285043568918838,0.44182474677537,0.373763180703993,0.274471219598223,0.475708502019975,0.411783401537789,0.318903658092677,0.504704548935149,6.71324888408224,3.22925324595836,12.8017121644686,5.92527542178048,2.93889132091397,11.0172101754359
"25",30,175,2,2,2,0.1,27,-1,-1.17663881407467,1,0.950899794744233,1,1.002447169665,1,1.10928246273091,1,0.966023840868858,-0.932342406961767,-1.53370660766364,-0.325913564160316,0.57967144202443,0.0922530266704204,1.07732888633079,0.521054891150363,0.0676014708021583,0.985048582614473,0.899896596031054,0.727469779885516,1.0789633253089,0.854690578239319,0.694172249134437,1.02377206655856,-0.939436026852108,-1.14604382731855,-0.748838050897805,0.651081185170771,0.429638522357506,0.907086841816244,0.598885877850892,0.415014864106097,0.811534319982599,0.970579202371767,0.791832946610687,1.15335310203141,0.853239603228994,0.694779683796734,1.02351388653307,-0.596826124235242,-0.697056148563294,-0.501204281206272,0.413043573999972,0.317607824409536,0.510235250033151,0.318351501695229,0.239958930558403,0.39935356573738,0.506907449324576,0.403868271093067,0.613288624022233,0.444826792562962,0.353602195695254,0.542496605683644,3.430587535002,1.77157957726451,5.79529809055471,3.04395811870289,1.62526082636791,5.11736118986934
"26",30,176,2,2,2,0.1,27,-1,-1.17663881407467,1,0.950899794744233,1,1.002447169665,1,1.10928246273091,1,0.966023840868858,-1.1975238027139,-2.00305460302031,-0.411191910311,0.646591526189405,0.0408634978562347,1.27005943399291,0.824830030010739,0.278628775576984,1.38817316873583,1.12222411276273,0.913545605655301,1.35698950948048,1.11620977691739,0.910405625697591,1.31823740070352,-1.20986025970157,-1.50411343725846,-0.943312061439782,0.782039896789251,0.478508512021548,1.13929902762367,1.02461987383248,0.752396098421932,1.35038107431335,1.24635677734041,1.02784866903216,1.48917689711358,1.06063879966783,0.852975608242072,1.26359770647428,-0.568282771092481,-0.666950850194506,-0.469262203601243,0.361978906418092,0.270625548232423,0.452317357102966,0.401796762429077,0.318995537906365,0.486122160633914,0.531199656610097,0.427886445693626,0.63872589599701,0.46173729524792,0.36776715093849,0.555397120733861,5.66622772636763,2.90066789398447,9.71798222593807,4.98631442044472,2.61182476601986,8.46889621015236
"27",30,177,2,2,2,0.1,27,-1,-1.17663881407467,1,0.950899794744233,1,1.002447169665,1,1.10928246273091,1,0.966023840868858,-1.08084138491922,-1.80413130071831,-0.357911990348601,0.685741925341891,0.121079283052053,1.23644381238745,0.654558811662644,0.131851032782201,1.17951078266289,1.0633280256561,0.861179950151058,1.28105018106215,0.969924231426758,0.790476199079403,1.15863143214121,-1.08857892042509,-1.34996540619075,-0.858908562467961,0.805004002814119,0.534420804201289,1.12308754627181,0.787020182755925,0.563400408159593,1.04740586197845,1.17378080831842,0.961494636408496,1.39787776253629,0.935648978095268,0.756136713459383,1.12366142497354,-0.615277855550761,-0.71723906391249,-0.51916893057795,0.401633868352086,0.305546925960263,0.494699652779558,0.33453758969283,0.254647729166366,0.413760306441873,0.525022487537587,0.422962193213366,0.631897692533556,0.446276532673285,0.351381308373533,0.543439696126448,4.69117766252977,2.37830742008327,8.339456248975,4.15261933176294,2.18121064701612,7.23921434155931
"28",30,178,2,2,2,0.1,27,-1,-1.17663881407467,1,0.950899794744233,1,1.002447169665,1,1.10928246273091,1,0.966023840868858,-1.34787870943875,-2.07003022840964,-0.630967924923335,0.80218565162454,0.239281093301958,1.40096485267685,0.692580588311517,0.176540096800273,1.2200281047169,1.06786644112194,0.871302042212783,1.27662288426004,0.936402686561144,0.760708030853954,1.11871375857558,-1.35319162924678,-1.656217193742,-1.07756529991209,0.938844482577708,0.622228771867033,1.30961825198495,0.830429591961871,0.595445519934788,1.10251319618511,1.16610079246172,0.960726674930574,1.38393385618839,0.861191215556196,0.686373367331226,1.04749419868721,-0.653926146056497,-0.757836607321681,-0.549043184082804,0.437274055019263,0.337117796158572,0.535213120507732,0.403768947612967,0.324564199430844,0.486896963054326,0.568942646012287,0.461237648013428,0.679806395943832,0.452693743993509,0.358162004517741,0.550917943690791,4.58928680471929,2.31247555220341,8.15700494122579,4.04864043248281,2.05829357142119,7.25687969076151
"29",30,179,2,2,2,0.1,27,-1,-1.17663881407467,1,0.950899794744233,1,1.002447169665,1,1.10928246273091,1,0.966023840868858,-1.03489390965701,-1.70719576152652,-0.356912090678944,0.708015273537693,0.154392450264012,1.24674475311734,0.637968643224271,0.143290434253218,1.14337852292532,0.924919768002941,0.743570065713235,1.11248510695661,0.982174701254703,0.807413974909727,1.16312289553678,-1.0393281603054,-1.27920949880124,-0.820107876558784,0.819659567722157,0.555714759845117,1.13438237574071,0.756996376483275,0.548041020718228,1.0134813305595,1.03199407666558,0.842837735970663,1.22820859607615,0.921863049987984,0.750931695945964,1.09527361924842,-0.563166445700427,-0.661291855558767,-0.465675490731768,0.427047994808179,0.333242090521661,0.51883820018915,0.359587229447467,0.283118601007481,0.439106209812424,0.492643169427923,0.391130831111148,0.595616234535232,0.456183204932269,0.361989966010055,0.550214242729111,4.29362730112188,2.25542950137702,7.33536446377722,3.7944353792327,2.05293192876346,6.37737511352693
"30",30,180,2,2,2,0.1,27,-1,-1.17663881407467,1,0.950899794744233,1,1.002447169665,1,1.10928246273091,1,0.966023840868858,-1.0458924079222,-1.7443984066779,-0.371092024389261,0.596894593849641,0.0727805440324045,1.15358438068601,0.636729778227754,0.139502197073777,1.14851528465191,0.975639587028245,0.779625991300981,1.18327625633632,0.96256047150284,0.788858691575159,1.14374237512781,-1.05255011304071,-1.29529959245866,-0.836882535212684,0.692383174362057,0.433109563252078,1.01456766179922,0.756523976415273,0.537973488107138,1.02469044859158,1.0708660324608,0.869081311965864,1.28633584114368,0.915975305745745,0.740290519829858,1.09622662162978,-0.555215269107653,-0.651331233817374,-0.46558510526167,0.333936674456818,0.246510792318322,0.422467520407253,0.346200804659936,0.270149156302372,0.422634590835252,0.475978773997503,0.373205949238779,0.576692547018746,0.433780957120652,0.339057361101096,0.528688336557249,4.29327444932389,2.29121070411527,7.34863117153184,3.80032054498797,2.07540513688846,6.54365565774121
"31",30,181,2,2,2,0.1,27,-1,-1.17663881407467,1,0.950899794744233,1,1.002447169665,1,1.10928246273091,1,0.966023840868858,-1.48346279365386,-2.37031064957612,-0.633133608431627,0.599190341445467,-0.0465758474557041,1.26149644240255,0.769269854102825,0.152065496610706,1.38529295910936,1.22119707840498,0.997503363157966,1.46031721814179,1.25932189307172,1.03395419082763,1.49077835220998,-1.50164038864783,-1.85369581328361,-1.17751433367133,0.752095425318185,0.43602086374004,1.13436149353042,0.997096348152435,0.7103472315432,1.33829715955766,1.35108449911492,1.11586038949216,1.60523257472981,1.22202385951071,0.996886752542964,1.45423072382865,-0.61816263118988,-0.723228618363338,-0.515999400955505,0.355138422630262,0.261350880021716,0.446550790697368,0.345522822580257,0.268306996359448,0.425256773549337,0.53652773487131,0.430836516848756,0.644543006358209,0.499677338575817,0.403090481070525,0.60094695358777,6.91523073602311,3.49110916439313,12.1400541203714,6.09471381718563,3.15554499260523,10.5220058672793
"32",30,182,2,2,2,0.1,27,-1,-1.17663881407467,1,0.950899794744233,1,1.002447169665,1,1.10928246273091,1,0.966023840868858,-1.04785641367427,-1.7586324333996,-0.338193642153477,0.615012676941119,0.0717853235975723,1.17529449419183,0.741631550021518,0.237123121685855,1.26645027762117,1.01070731174198,0.817715265822082,1.2045508006229,0.855587578583237,0.677728782544799,1.03218932774494,-1.05492562786084,-1.30246096741635,-0.824673843073852,0.714552105463531,0.444296352452333,1.04488707410163,0.880401511826875,0.637371778841085,1.17817140471526,1.1196449064315,0.916532692114777,1.32379533112706,0.834785400356686,0.657716346978392,1.01582776305971,-0.564503319935143,-0.663641542899285,-0.470699476397613,0.391816108267216,0.301261841689079,0.481174117427082,0.390807549147505,0.30860295029246,0.472899907108687,0.528397537414056,0.423396289644186,0.635380525588614,0.38603653339264,0.296459739334248,0.478885720905249,4.42274597609321,2.29372067636489,7.5779352169135,3.90719389684957,2.08731812145774,6.59232103768849
"33",30,183,2,2,2,0.1,27,-1,-1.17663881407467,1,0.950899794744233,1,1.002447169665,1,1.10928246273091,1,0.966023840868858,-1.27554924920682,-2.13552762220327,-0.466696254139361,0.62269326010993,-0.0354938956132653,1.26761994923194,0.657689932201058,0.0606361554408138,1.25578208478755,0.983158484649258,0.792724655135687,1.18824759563202,0.921962488220388,0.747535195654303,1.10476389510333,-1.28879949714593,-1.6421460187524,-1.00503237747671,0.770690216597955,0.454328699288516,1.13564316611005,0.839666149536401,0.56879073884707,1.17653608205572,1.08074649290099,0.877018087826507,1.29232565083399,0.88079726585124,0.697431887239356,1.0693569436387,-0.584574430062539,-0.68563188339768,-0.491286388036601,0.39341164523239,0.30171032410672,0.485080108163359,0.342343235909766,0.264289442059455,0.422676878711428,0.467189080971098,0.362757761264845,0.569872601738786,0.385692037552513,0.290782981712627,0.481222295186903,6.48436705273231,3.20705159077605,11.8996213185008,5.74354070226671,2.91395584109103,10.3049539889482
"34",30,184,2,2,2,0.1,27,-1,-1.17663881407467,1,0.950899794744233,1,1.002447169665,1,1.10928246273091,1,0.966023840868858,-1.22523660373862,-2.00223033850827,-0.478419524482516,0.582719427504174,-0.0082964223087017,1.16705866839501,0.701262789480154,0.142385623587112,1.24336416547199,0.940204696014137,0.757526597911845,1.13945523199071,0.92639293300959,0.751266335944978,1.12136915952803,-1.23442872422772,-1.52702115145266,-0.974515991469581,0.692052862170303,0.405170944529833,1.03557432567685,0.858686845456523,0.610575530339854,1.17980617186202,1.0643655173204,0.872481158296704,1.26384085029978,0.873663118236535,0.697535907358767,1.06280693719551,-0.559992993349974,-0.656965479845429,-0.466033682641035,0.36633466629639,0.275149194487442,0.45731393755027,0.33757069922978,0.259545457884089,0.412837385470475,0.474879908518688,0.372473874463684,0.582871462039051,0.382981623645385,0.294494351784117,0.475296236188613,5.21998299669456,2.68678296867982,9.27129691763696,4.61920904647194,2.39646127835015,8.11193033691932
"35",30,185,2,2,2,0.1,27,-1,-1.17663881407467,1,0.950899794744233,1,1.002447169665,1,1.10928246273091,1,0.966023840868858,-1.28971030115934,-2.01755294257132,-0.577149574694074,0.72214591804348,0.158163409048734,1.29541548329279,0.733305770742977,0.204908916537274,1.27518455904368,1.00434564154464,0.81457339388115,1.20490269961504,0.976686841476737,0.792678176459252,1.16995836637772,-1.29835574272592,-1.58772519625119,-1.02698354359966,0.843387127996786,0.547127638290239,1.18587466322571,0.87505767251312,0.632611612159484,1.14896557962313,1.09441185606828,0.89530368713327,1.30738934305766,0.935841646977111,0.752676061187847,1.12449146740381,-0.630103923934825,-0.732072854406333,-0.531545441320188,0.44358362094627,0.342472711981271,0.540774492669549,0.401934026166465,0.321224552491985,0.485556739977619,0.502834808509601,0.400026883366486,0.605606240266343,0.455960374439269,0.361111103540514,0.550149962399203,4.5174324008169,2.29966580879232,7.90855019350491,3.98679298852308,2.07243897961549,6.871528577081
"36",30,186,2,2,2,0.1,27,-1,-1.17663881407467,1,0.950899794744233,1,1.002447169665,1,1.10928246273091,1,0.966023840868858,-1.1355294239355,-1.87536860010723,-0.419190305562454,0.530085631663817,-0.0251321877317554,1.09396074723531,0.814809113334852,0.27812519318259,1.36591357462736,0.746738999444361,0.583554498347205,0.919400381755041,0.933848262120868,0.768468947683469,1.1076101340993,-1.14673705834179,-1.4448162934151,-0.880047747611027,0.619407003711628,0.343340495262268,0.951474920708655,0.973550859090587,0.687321647623409,1.32898789097348,0.842853780468614,0.673827565818398,1.01825249353717,0.91023898541181,0.746501595022085,1.08744937935674,-0.559463063024414,-0.661001500189493,-0.464275366787424,0.348567282198957,0.259290863306618,0.43686380631621,0.381713238749145,0.301619412789954,0.462663140870916,0.422021416169427,0.322905550946965,0.527377177332202,0.453900462185547,0.360245893615952,0.549852809310247,4.64918875482195,2.35240968117665,8.18161233491917,4.11165305023147,2.146732990165,7.19735700603834
"37",30,187,2,2,2,0.1,27,-1,-1.17663881407467,1,0.950899794744233,1,1.002447169665,1,1.10928246273091,1,0.966023840868858,-1.27564678332902,-1.99103470057456,-0.575225429427907,0.615801893372645,0.0504843901430565,1.17747890925771,0.810852195138433,0.288196806911021,1.33401755619637,0.974922490166457,0.77556325839756,1.17441668341999,1.0226881553755,0.836475788975909,1.22482203260221,-1.28687960077257,-1.57771843596947,-1.02998769795919,0.716142711731173,0.442337333950994,1.04215149606005,0.964117688617451,0.711374908184225,1.25803589424537,1.06740917535411,0.860149371445822,1.27480955779641,1.00612475847077,0.818091558536097,1.20686996880312,-0.645350842544404,-0.750494138645703,-0.543724790844895,0.426708968903424,0.331622384161092,0.522279610394799,0.411679690270193,0.329385128702106,0.494301869934683,0.493762632361687,0.38725436270141,0.599837537473891,0.469353035149575,0.370140698629964,0.568874304589808,4.4576461810208,2.3751650835702,7.70503501477879,3.9371937002656,2.14238735574873,6.68959136903798
"38",30,188,2,2,2,0.1,27,-1,-1.17663881407467,1,0.950899794744233,1,1.002447169665,1,1.10928246273091,1,0.966023840868858,-1.25077406876412,-2.13887138807204,-0.395169840998411,0.555986118528289,-0.0865146128308981,1.18766171055672,0.767960666566315,0.176696533123174,1.3736194945447,1.08261368711125,0.884993455136129,1.30433948918383,1.01665275472453,0.831939396476786,1.21143228434611,-1.26929692329006,-1.60340379847241,-0.977772339832435,0.688509273468747,0.380875314302723,1.06339701471412,0.979319839900358,0.695412272972152,1.32376162221783,1.20170820461651,0.988742010451476,1.42848152833014,1.01568167038378,0.817501963685641,1.21321679174875,-0.622783615380126,-0.724889736309516,-0.522138392721408,0.367963840230034,0.273700091973642,0.464446654787812,0.39252080641621,0.311006874713699,0.47652736251225,0.531547257884342,0.427504089777892,0.640309244313206,0.450736924532403,0.354563821351103,0.543517505537815,6.5192784294825,3.18792908009791,11.852970877957,5.74864228611995,2.90663168836275,10.1791833743203
"39",30,189,2,2,2,0.1,27,-1,-1.17663881407467,1,0.950899794744233,1,1.002447169665,1,1.10928246273091,1,0.966023840868858,-1.25865739502592,-1.99633451465849,-0.562708755604357,0.649218848343475,0.108607965069527,1.18363340531397,0.663761935515425,0.145278986068884,1.18369355558986,1.02949746718171,0.832567750733908,1.24034256923485,1.00896950849929,0.824686287758938,1.20470655267734,-1.26656211966924,-1.52941208568916,-1.0269608027042,0.754474697801688,0.495171339357137,1.08079781336432,0.790349800976979,0.571049138131941,1.05516460167825,1.12360628259066,0.916528263640579,1.34451184038616,0.962697667568045,0.784068746040861,1.15543280221743,-0.657967536047473,-0.763097929328825,-0.557131003089288,0.402091173484986,0.304742551235459,0.499504002149019,0.361899574649453,0.282436778483588,0.443497544372757,0.522403546379036,0.41430998706271,0.630791926190224,0.460660803057813,0.364035485508585,0.559945102742886,4.4001426508255,2.27572156181798,7.53600071227578,3.89058188477831,2.06539874569636,6.69345905258262
"40",30,190,2,2,2,0.1,27,-1,-1.17663881407467,1,0.950899794744233,1,1.002447169665,1,1.10928246273091,1,0.966023840868858,-1.14300344341587,-1.83338172724882,-0.475557229101566,0.695038741810082,0.169680928351061,1.23535501568981,0.643508064228908,0.145808190983037,1.1526514078572,0.934131368551061,0.742056517070504,1.13074592388528,0.97009976153274,0.787225737030461,1.15795502008014,-1.14877733874586,-1.39522726321868,-0.920336759749636,0.799888635147472,0.539068051711905,1.11070302534858,0.757734927801954,0.534698215351841,1.01010766478263,1.03434930543544,0.840048656098146,1.23737504743364,0.930798478394623,0.749835688720475,1.11491388546749,-0.62185208535312,-0.722260242089942,-0.526452996353628,0.420468767285325,0.325241602018063,0.516944665190559,0.356945226617703,0.279383660064586,0.43846311725522,0.478466974763738,0.375801139998124,0.58261866048399,0.43714033563488,0.345692703120674,0.532121660698745,4.08808494276916,2.18945629704301,6.98682120399906,3.61263251435273,1.97176871599906,6.03686797091462
"41",30,191,2,2,2,0.1,27,-1,-1.17663881407467,1,0.950899794744233,1,1.002447169665,1,1.10928246273091,1,0.966023840868858,-1.0784285366453,-1.90767449990964,-0.235441262165583,0.828036683069245,0.204618415349625,1.47490563380981,0.747504672271545,0.160245368316892,1.34767763907304,1.03405524161205,0.827764290541456,1.24981398298853,1.00362049643266,0.810156644172729,1.20162227479076,-1.0873236687251,-1.40042025080653,-0.806812669764101,1.02684511778154,0.694639734953935,1.43786400983336,0.951626147177296,0.680209168741573,1.27387774795845,1.16995606128797,0.949353134136125,1.40809795005594,0.965067605005294,0.770337654952672,1.16528551457437,-0.546562667902015,-0.645398072449147,-0.449411689412269,0.466599978307966,0.37495336478002,0.565273332962618,0.365725944610548,0.287166573132456,0.443818439553012,0.458866187999334,0.355440871991772,0.558654793737355,0.406859239165245,0.312649305944912,0.501526697855168,6.35020713090559,3.25319858283269,11.2638827596636,5.56822735258276,2.90086716193549,9.79892739554616
"42",30,192,2,2,2,0.1,27,-1,-1.17663881407467,1,0.950899794744233,1,1.002447169665,1,1.10928246273091,1,0.966023840868858,-1.12850502072299,-1.93538443583124,-0.352626453550433,0.657023367993675,0.0514145992554132,1.26676877972356,0.612753513127599,0.0664672027494949,1.18860057912673,0.979891786875459,0.791004508639661,1.19515143628701,0.908095542294772,0.736002238687117,1.09490085083659,-1.13413040908488,-1.45084501040239,-0.870710770798534,0.791589792524071,0.506694562859263,1.14707896648502,0.760775748511133,0.518645186659944,1.07260582674948,1.12061909031359,0.922652466087678,1.34788877426275,0.848966513437065,0.676179644285974,1.0298319044984,-0.52207733709233,-0.619240723569895,-0.431079344068731,0.354859556430176,0.269349693934623,0.444320999425991,0.276911040465572,0.199583698397778,0.356160215465682,0.489173891674014,0.389644269720498,0.591515402186411,0.385532670871593,0.29523272635477,0.476423072604962,5.57603131211399,2.82671011307999,10.1283175093285,4.92649859560162,2.55765395100482,8.707453684126
"43",30,193,2,2,2,0.1,27,-1,-1.17663881407467,1,0.950899794744233,1,1.002447169665,1,1.10928246273091,1,0.966023840868858,-1.3092983627538,-2.03503845290437,-0.601464241655857,0.625246530861567,0.0566309540641601,1.18970580523484,0.703029301647,0.179511107189934,1.24829888945078,0.902176197408472,0.723972873623475,1.10400076792608,1.05031900015851,0.864018367602465,1.25393753170603,-1.31789597030784,-1.59405441646931,-1.06501985171462,0.73088674458276,0.467539978435998,1.05680148249615,0.840790514776323,0.607805350407149,1.10982736035002,1.02453552036179,0.836029680011054,1.23478784296385,1.04456980966108,0.852964527428536,1.24730518008851,-0.651478183746095,-0.755755921664057,-0.551450608544262,0.431786715844869,0.333126529202236,0.527815590874037,0.369255543294741,0.287563830973443,0.452840254999669,0.464842193032508,0.362780274313137,0.570529793948482,0.465901666291122,0.372526456810801,0.562628684033116,4.64901105805479,2.40226658361086,8.01555024572227,4.10994632745081,2.18527091732917,7.01064126975406
"44",30,194,2,2,2,0.1,27,-1,-1.17663881407467,1,0.950899794744233,1,1.002447169665,1,1.10928246273091,1,0.966023840868858,-1.13489158339036,-1.94226592339242,-0.361016807556731,0.673608974279494,0.0631268832091728,1.28409750008497,0.790133305558204,0.235089011130681,1.3526015171901,1.04672467426422,0.848941504421617,1.25427118263622,1.10025218501295,0.899061805131115,1.31665728164769,-1.14291171780675,-1.42752458077923,-0.878575791052238,0.810314552482281,0.525714523515166,1.14667020649897,0.973942528974403,0.7253691638174,1.26439473459137,1.17066653307891,0.959901855577509,1.38747224354024,1.0480648053773,0.851301482827922,1.257541234882,-0.531595748245656,-0.628400045291292,-0.435708722898276,0.383942194323379,0.290555385422119,0.475766352968991,0.40591167450728,0.323648745091505,0.485596447663202,0.501700063144427,0.398437153200858,0.609694494559165,0.458207441016366,0.366060709211314,0.555945616540291,5.51888325557812,2.92653038429303,9.91977566567114,4.86164220626074,2.6297215100702,8.53300508843088
"45",30,195,2,2,2,0.1,27,-1,-1.17663881407467,1,0.950899794744233,1,1.002447169665,1,1.10928246273091,1,0.966023840868858,-1.4837243138336,-2.41133389009968,-0.580374496058223,0.572366018615533,-0.0994977452384312,1.22778852936483,0.877089334120095,0.250576621193353,1.49904475466173,1.05181896461071,0.849963717519484,1.2634342827453,1.10031587542491,0.896352648391929,1.31906072945476,-1.50661477460836,-1.94525573779948,-1.15011084662342,0.723361850307922,0.401112212541946,1.08951731161115,1.14107970826165,0.829132661817317,1.52808327365093,1.16065776770546,0.950256406599032,1.38371462742483,1.11177246299044,0.907749677335374,1.33340565599416,-0.614214904473116,-0.714497352368483,-0.513450761400019,0.447027777443434,0.349783772237276,0.543514123231542,0.431320236475989,0.348422482692804,0.515589025824932,0.47587740339764,0.371548187261549,0.579332631787275,0.462992083865101,0.368349045277658,0.559035941659176,7.17327819027733,3.43657498298864,12.9001202133024,6.29536833348749,3.10189336180308,11.3942843543667
"46",30,196,2,2,2,0.1,27,-1,-1.17663881407467,1,0.950899794744233,1,1.002447169665,1,1.10928246273091,1,0.966023840868858,-1.23444810708372,-2.2142480922098,-0.283282351593951,0.65794884512347,-0.0417916625763118,1.35026410094368,0.698593719500672,0.063965651614247,1.35859547183776,1.11790904674771,0.889046625754008,1.35719017304306,1.09805695320541,0.893074160449193,1.31521500269433,-1.25622131754571,-1.63061295745269,-0.943662179940986,0.864905614149349,0.520384501995681,1.2828204652536,0.948611274608497,0.645147633155996,1.31759501731536,1.23463782644416,0.993094820470274,1.48678912770987,1.0838039905947,0.873851261503788,1.29892521625981,-0.556019823446448,-0.65538786724553,-0.460883811674364,0.379934872502064,0.290018879733189,0.470783485475803,0.328020962614062,0.252629190860456,0.407398457584803,0.468390892470765,0.369447154817868,0.570553580525544,0.423199457734058,0.329974378640441,0.52060785681562,8.39045820236234,4.20362221936915,14.8912483017931,7.40144741118049,3.78369118075399,12.960159286654
"47",30,197,2,2,2,0.1,27,-1,-1.17663881407467,1,0.950899794744233,1,1.002447169665,1,1.10928246273091,1,0.966023840868858,-1.14138672863132,-1.84888716775014,-0.479230360837267,0.576386008123522,0.034987909138254,1.1152183945957,0.766331648222876,0.275346240703714,1.28096898033138,0.9614279777999,0.779356072199995,1.15739098234045,0.943333443842283,0.767596155383112,1.13948991586372,-1.14921947528479,-1.40606793401933,-0.918109799994844,0.663158422592152,0.410029484330329,0.965346279509534,0.899899183816763,0.661456397329031,1.18861573397238,1.06236044914523,0.873101742797699,1.26241153377375,0.922276202819028,0.742590928397367,1.11709145962262,-0.585431483698423,-0.685762414733773,-0.486570371985836,0.402875524728326,0.308127661288046,0.496051737597353,0.40598583559707,0.32276953981089,0.491825799873964,0.510841913121828,0.404273785976719,0.616236856062957,0.438314895427931,0.342403164885098,0.535289009839514,4.12167916920713,2.17602882086196,7.1855383799065,3.63926865160154,1.98746804705213,6.26704030979
"48",30,198,2,2,2,0.1,27,-1,-1.17663881407467,1,0.950899794744233,1,1.002447169665,1,1.10928246273091,1,0.966023840868858,-1.29901702120051,-2.09891142548642,-0.526911344073903,0.57734159297412,-0.0285367902540352,1.17239940525582,0.814958366786211,0.264767536802219,1.38789932552217,1.01107837662274,0.810901735231109,1.2120591304754,0.922979685465039,0.748114032718968,1.11085477314109,-1.31232203744611,-1.63189070807433,-1.02977321957487,0.693415688443839,0.398654151832259,1.03131552578685,1.0038535227247,0.731650193111918,1.33507396272615,1.11151955953224,0.901926987917438,1.32553456654604,0.918010497728528,0.742353505653351,1.1069474942747,-0.63768731410438,-0.73883588917112,-0.535991762309246,0.396502380253445,0.303311363279384,0.488035983660595,0.3968425397381,0.316416030354153,0.47931384273433,0.48341975802914,0.380598254271084,0.588687329801387,0.41431246450318,0.320408731327521,0.51267591821563,5.52131897285939,2.81106481184504,9.67437784826812,4.8742269062943,2.52364551183302,8.39471404102111
"49",30,199,2,2,2,0.1,27,-1,-1.17663881407467,1,0.950899794744233,1,1.002447169665,1,1.10928246273091,1,0.966023840868858,-1.17073559864356,-1.89248923693897,-0.465800992449352,0.687925662600938,0.121510785438888,1.25528294674278,0.696681208492246,0.171752507103973,1.22659864058462,0.922946121481365,0.738423241819941,1.12544885525417,1.07056193851444,0.880146268714724,1.26736201636318,-1.17677686983567,-1.44040160946318,-0.935847894495672,0.806624785130918,0.526097322328195,1.13950805708094,0.839368015069544,0.607233631171602,1.10489509611107,1.03150634357469,0.840067125803785,1.24005775197249,1.00418371732167,0.812590644797486,1.19554323928553,-0.563306210970319,-0.660763487494794,-0.466988776946848,0.347007314130273,0.254237000961204,0.435711796142553,0.36311838751743,0.284581323493041,0.443412290427794,0.463230514100308,0.35961693284941,0.566364249429557,0.457078293087514,0.364324682314039,0.550494846399099,4.70098665238029,2.53358152602691,7.94746553465998,4.15054242273619,2.25147140588479,7.00137832401997
"50",30,200,2,2,2,0.1,27,-1,-1.17663881407467,1,0.950899794744233,1,1.002447169665,1,1.10928246273091,1,0.966023840868858,-1.21582380730365,-2.03777408026732,-0.442632140692812,0.719376214806836,0.114860309124651,1.3140132584384,0.602849924493168,0.0431446164579034,1.17141063566551,0.977021100910477,0.784584116161498,1.18688760658095,0.938654527869573,0.757928665656424,1.13309784821993,-1.22539676312281,-1.53040789069859,-0.953429269462151,0.86869885360219,0.575214317761967,1.21914604916223,0.748436002940513,0.49861440377862,1.03908511892189,1.10331119581356,0.897942207489682,1.32615097110081,0.921179981421338,0.734995916105206,1.11220909745938,-0.604446062454584,-0.707810521301456,-0.507662517173388,0.442376088200622,0.345571704451577,0.537797275441929,0.313158431300593,0.236726242174405,0.395259050549543,0.480442772084616,0.381309856636094,0.583613050595743,0.419171381626783,0.325419828973293,0.514755135309472,5.61288806769046,2.83129854062207,9.90589363293374,4.96033237017881,2.53366186047961,8.68070584698835
"51",30,201,2,2,2,0.1,27,-1,-1.17663881407467,1,0.950899794744233,1,1.002447169665,1,1.10928246273091,1,0.966023840868858,-1.11113434094817,-1.90232331332559,-0.336131298546389,0.651778370167119,0.026904314710492,1.2512253528038,0.764681653350381,0.227173627082641,1.31562575907621,0.99839165486075,0.799967758306102,1.2033152598057,0.970384203939487,0.787065133167693,1.16272458892439,-1.1213078546441,-1.39925457758152,-0.871804444854605,0.782520027696143,0.491383982599769,1.11613652152826,0.942002228367941,0.692121088201623,1.24720461385969,1.10681156262365,0.899641040178116,1.32714452608459,0.94445230258839,0.760256948095388,1.13274795781533,-0.578779305674838,-0.67797342281566,-0.482562865654948,0.402790185781929,0.311234174022772,0.49440999959377,0.390278806612719,0.311053860736209,0.470423652528592,0.490291653317265,0.386978157015293,0.592752156832752,0.429453533851001,0.334166427656311,0.523036486918968,5.51372578010821,2.83768537361419,9.66078918931574,4.86568623449805,2.55599435234039,8.36089843105495
